0 0.447471 0.354453 0.021401 0.009648
0 0.590574 0.924612 0.015817 0.008091
0 0.610895 0.927373 0.019222 0.010195
0 0.590953 0.941802 0.027004 0.011621
0 0.581965 0.872000 0.023152 0.014175
0 0.440039 0.307412 0.018132 0.010674
0 0.420175 0.333394 0.020233 0.012246
0 0.442490 0.363533 0.016537 0.006479
0 0.576965 0.834343 0.024008 0.011382
0 0.550875 0.715496 0.036265 0.016655
0 0.603035 0.571860 0.032140 0.009844
0 0.574446 0.013140 0.028891 0.011152
0 0.556887 0.742742 0.018521 0.013169
0 0.511323 0.142207 0.039494 0.015303
0 0.451060 0.210288 0.034922 0.014609
0 0.531119 0.122192 0.042237 0.011963
0 0.465642 0.185952 0.010350 0.006309
0 0.454212 0.182390 0.016128 0.011978
0 0.552782 0.095959 0.034436 0.013384
0 0.558346 0.110181 0.027782 0.009482
0 0.439300 0.247803 0.011206 0.007207
0 0.460204 0.253818 0.024611 0.012451
0 0.465263 0.372461 0.022082 0.011084
0 0.487792 0.406895 0.028580 0.012246
0 0.582782 0.531765 0.017354 0.008071
