0 0.369270 0.041863 0.009204 0.017847
0 0.367524 0.130171 0.007529 0.010166
0 0.371116 0.120452 0.003657 0.008325
0 0.366030 0.241997 0.004258 0.006777
0 0.367656 0.277803 0.006387 0.009873
0 0.358362 0.356658 0.005806 0.009878
0 0.359805 0.392104 0.002354 0.008184
0 0.361943 0.427317 0.005322 0.011138
0 0.381255 0.707891 0.008594 0.016729
0 0.595706 0.039819 0.004858 0.012910
0 0.597830 0.027788 0.006968 0.008086
0 0.361682 0.198899 0.007437 0.009526
0 0.590828 0.071274 0.005649 0.014658
0 0.356738 0.488423 0.006777 0.011035
0 0.356296 0.402563 0.007905 0.010166
0 0.358823 0.315276 0.009531 0.008599
0 0.574644 0.183884 0.005645 0.010220
0 0.573445 0.200776 0.004438 0.007666
0 0.579351 0.239590 0.007744 0.015654
0 0.583948 0.255725 0.005972 0.010815
0 0.597327 0.337769 0.003872 0.014687
0 0.592678 0.370959 0.003901 0.013315
0 0.588037 0.378625 0.004844 0.010356
0 0.594639 0.389160 0.002354 0.006162
0 0.588098 0.401208 0.002974 0.005425
0 0.598591 0.466340 0.004409 0.009028
0 0.356096 0.383933 0.005942 0.007173
0 0.362644 0.467356 0.004185 0.016265
0 0.359392 0.504189 0.003716 0.009990
0 0.582075 0.130393 0.002646 0.013462
