0 0.215996 0.851963 0.006133 0.007266
0 0.211863 0.872227 0.007808 0.017285
0 0.192622 0.917046 0.007959 0.012197
0 0.201050 0.929441 0.004668 0.009487
0 0.195828 0.972839 0.007251 0.010874
0 0.223457 0.790930 0.002109 0.005063
0 0.221453 0.787493 0.001626 0.005767
0 0.442817 0.159453 0.006299 0.010146
0 0.442559 0.169778 0.006475 0.008745
0 0.444817 0.352759 0.004370 0.005684
0 0.442849 0.361069 0.003940 0.006270
0 0.446201 0.372004 0.005977 0.008022
0 0.451191 0.419214 0.005225 0.009111
0 0.448918 0.431475 0.004761 0.007188
0 0.449993 0.478960 0.003647 0.011641
0 0.454497 0.478152 0.004355 0.008608
0 0.221677 0.465759 0.006587 0.008208
0 0.452415 0.508188 0.004517 0.008037
0 0.447676 0.520940 0.004082 0.007290
0 0.451831 0.538726 0.005977 0.011953
0 0.447163 0.581748 0.003936 0.007598
0 0.445811 0.597029 0.003848 0.006382
0 0.446990 0.616079 0.004497 0.009355
0 0.440515 0.654651 0.004810 0.011519
0 0.446025 0.671885 0.004287 0.004854
0 0.445884 0.704590 0.004082 0.004375
0 0.436963 0.734260 0.003799 0.006470
0 0.442312 0.746768 0.003521 0.004980
0 0.439639 0.775015 0.004248 0.006807
0 0.433164 0.814272 0.005469 0.014941
0 0.433267 0.831335 0.004375 0.007876
0 0.436528 0.847209 0.003770 0.006558
0 0.413735 0.921726 0.004492 0.012026
0 0.408108 0.932649 0.005591 0.007554
0 0.909087 0.061094 0.007979 0.012178
0 0.906521 0.091050 0.005249 0.008311
0 0.903535 0.121741 0.005977 0.007290
0 0.901421 0.135298 0.004375 0.010791
0 0.895684 0.177998 0.007168 0.006123
0 0.892334 0.227070 0.007598 0.011748
0 0.893235 0.255928 0.009448 0.014697
0 0.891567 0.283933 0.009258 0.014907
0 0.888723 0.331174 0.009067 0.011587
0 0.886582 0.360481 0.008496 0.027515
0 0.884578 0.412881 0.008589 0.017637
0 0.883496 0.443623 0.008799 0.022979
0 0.882234 0.463696 0.007583 0.009824
0 0.880974 0.489043 0.007583 0.011338
0 0.882786 0.533550 0.005796 0.014111
0 0.876470 0.558416 0.006953 0.016929
0 0.875103 0.650386 0.009795 0.016689
0 0.870876 0.685112 0.007769 0.013857
0 0.870161 0.776790 0.005977 0.009771
0 0.865706 0.821445 0.008462 0.015723
0 0.870845 0.728718 0.010283 0.017231
0 0.237202 0.027751 0.008389 0.010815
0 0.221221 0.431548 0.006992 0.010762
0 0.223623 0.408979 0.005156 0.010039
0 0.231404 0.015762 0.002632 0.005869
0 0.243757 0.019304 0.004048 0.004858
0 0.244214 0.031353 0.003340 0.010732
0 0.247170 0.037158 0.002202 0.003711
0 0.232944 0.054509 0.009355 0.013608
0 0.247351 0.071387 0.003442 0.004922
0 0.245393 0.080737 0.003374 0.005146
0 0.251763 0.083320 0.006709 0.008311
0 0.245312 0.090688 0.002949 0.007168
0 0.232166 0.093254 0.002954 0.007661
0 0.238816 0.099199 0.002476 0.006855
0 0.238350 0.085625 0.005586 0.008262
0 0.233420 0.108062 0.004956 0.008018
0 0.244722 0.110032 0.004229 0.006704
0 0.251028 0.119614 0.003950 0.006172
0 0.249548 0.130933 0.003843 0.004961
0 0.243362 0.129702 0.003628 0.005820
0 0.242224 0.137380 0.003374 0.004976
0 0.237986 0.146465 0.005571 0.012861
0 0.240264 0.179980 0.002637 0.007998
0 0.232720 0.182966 0.002529 0.005269
0 0.236782 0.223533 0.004297 0.009429
0 0.239990 0.257126 0.005615 0.009624
0 0.230835 0.267434 0.003086 0.006538
0 0.232002 0.277200 0.004482 0.008862
0 0.237932 0.285691 0.004946 0.010181
0 0.238442 0.354692 0.004082 0.008887
0 0.228799 0.406494 0.004707 0.006055
0 0.220469 0.443838 0.003926 0.005791
0 0.225791 0.441362 0.002988 0.007568
0 0.219971 0.760894 0.006504 0.008828
0 0.237686 0.072695 0.007422 0.014521
0 0.218391 0.456343 0.003364 0.006162
0 0.225112 0.456172 0.004033 0.004932
0 0.224639 0.476660 0.004707 0.006738
0 0.221753 0.516445 0.003779 0.007529
0 0.216919 0.522229 0.003496 0.013716
0 0.215464 0.540879 0.004951 0.006816
0 0.216821 0.565742 0.003926 0.007061
0 0.216597 0.576333 0.004375 0.012549
0 0.222705 0.572297 0.003809 0.007173
0 0.223579 0.581296 0.003643 0.004673
0 0.221704 0.588904 0.004932 0.005688
0 0.223574 0.600713 0.004570 0.005918
0 0.225737 0.633901 0.003496 0.006455
0 0.213784 0.670720 0.004707 0.006187
0 0.228064 0.688713 0.004810 0.006558
0 0.215745 0.719990 0.004819 0.010645
0 0.228074 0.734692 0.003921 0.006162
0 0.227231 0.741194 0.004033 0.004819
0 0.226057 0.752905 0.004146 0.006279
0 0.217996 0.803469 0.005005 0.006938
