0 0.663154 0.251128 0.004521 0.007588
0 0.664646 0.277925 0.007163 0.009102
0 0.664722 0.313323 0.004453 0.007554
0 0.667009 0.325503 0.005229 0.011230
0 0.660735 0.349421 0.002710 0.007554
0 0.664736 0.431077 0.004844 0.011968
0 0.661548 0.481084 0.006582 0.014521
0 0.663445 0.456724 0.003872 0.009102
0 0.673386 0.518513 0.004360 0.009683
0 0.666592 0.528777 0.005967 0.012749
0 0.660315 0.521323 0.003228 0.009521
0 0.671555 0.592749 0.005854 0.012549
0 0.674177 0.652759 0.005688 0.012715
0 0.674482 0.746541 0.005859 0.010874
0 0.669590 0.775508 0.006973 0.008594
0 0.673774 0.799324 0.005166 0.007749
0 0.676697 0.876455 0.005112 0.010918
0 0.673401 0.971777 0.003950 0.009531
0 0.662966 0.191372 0.010708 0.015059
0 0.659895 0.058203 0.003364 0.006992
0 0.660137 0.066951 0.003711 0.004839
0 0.676025 0.667893 0.004883 0.008599
0 0.894128 0.079170 0.008433 0.013652
0 0.896335 0.101458 0.006694 0.013052
0 0.662112 0.133738 0.003423 0.005913
0 0.395505 0.426516 0.004438 0.009009
0 0.205129 0.819819 0.004067 0.007549
0 0.216455 0.850903 0.004648 0.008135
0 0.204717 0.783994 0.004521 0.007422
0 0.169470 0.429824 0.004839 0.006592
0 0.167329 0.020322 0.005186 0.010322
0 0.171528 0.106406 0.003027 0.006387
0 0.666350 0.409065 0.004263 0.013940
0 0.404966 0.234617 0.003457 0.007192
0 0.408213 0.252952 0.005488 0.013716
0 0.408616 0.282966 0.005649 0.020171
0 0.204976 0.253823 0.004521 0.007422
0 0.214158 0.278884 0.008550 0.011294
0 0.216038 0.312188 0.005854 0.009482
0 0.216787 0.346694 0.005811 0.008555
0 0.169133 0.345776 0.003550 0.008066
0 0.181365 0.293684 0.004194 0.006294
0 0.171409 0.371597 0.004517 0.008232
0 0.204209 0.429468 0.004668 0.007900
0 0.209246 0.429504 0.003696 0.007573
0 0.178093 0.338340 0.003091 0.005781
0 0.188206 0.527947 0.003589 0.005825
0 0.185669 0.616272 0.004258 0.009487
0 0.188047 0.642375 0.003721 0.013481
0 0.193855 0.653413 0.005112 0.012314
0 0.187397 0.663594 0.006055 0.010088
0 0.186807 0.629421 0.005518 0.009282
0 0.198486 0.684861 0.006133 0.014849
0 0.193728 0.707209 0.005327 0.015005
0 0.201455 0.739194 0.003711 0.008066
0 0.208484 0.414375 0.005649 0.009014
0 0.406890 0.012500 0.004463 0.010596
0 0.400791 0.029929 0.002744 0.006938
0 0.408364 0.028718 0.005664 0.008394
0 0.403701 0.053789 0.005420 0.005811
0 0.397698 0.040913 0.003101 0.006777
0 0.404153 0.042588 0.004976 0.012373
0 0.400120 0.014858 0.005786 0.015332
0 0.395994 0.101042 0.003677 0.005806
0 0.399771 0.120813 0.003486 0.007163
0 0.388538 0.119458 0.003872 0.007939
0 0.397031 0.152852 0.003389 0.007100
0 0.389524 0.153013 0.003872 0.006777
0 0.389509 0.161677 0.004595 0.008853
0 0.402051 0.165376 0.003701 0.006836
0 0.396677 0.165488 0.005728 0.010869
0 0.402483 0.296738 0.003550 0.004854
0 0.410974 0.339585 0.002466 0.008066
0 0.405571 0.348091 0.003584 0.007842
0 0.400747 0.356384 0.004717 0.010532
0 0.403318 0.378215 0.003022 0.006499
0 0.396868 0.370874 0.003599 0.008408
0 0.395757 0.387534 0.004990 0.011162
0 0.400671 0.394727 0.004038 0.009141
0 0.399602 0.436650 0.004604 0.009873
0 0.399170 0.451829 0.002988 0.007563
0 0.398699 0.469390 0.005366 0.011025
0 0.399441 0.479814 0.004595 0.008066
0 0.402480 0.190403 0.004844 0.014849
0 0.392761 0.180396 0.007056 0.016025
0 0.206604 0.446182 0.003286 0.010859
0 0.199199 0.461357 0.004932 0.007061
0 0.198594 0.452366 0.004209 0.006616
0 0.398254 0.521240 0.006616 0.016621
0 0.171714 0.464944 0.002715 0.007163
0 0.175071 0.481775 0.004146 0.008179
0 0.187593 0.502742 0.007412 0.008745
0 0.174805 0.505542 0.003096 0.006201
0 0.389802 0.141304 0.003345 0.009961
0 0.391853 0.130874 0.004087 0.010508
0 0.396846 0.135149 0.004668 0.017759
0 0.207222 0.011536 0.008711 0.012202
0 0.405471 0.203806 0.004038 0.011431
0 0.169097 0.048237 0.003633 0.006855
0 0.398418 0.496113 0.005645 0.008232
0 0.396152 0.542717 0.008877 0.015005
0 0.399072 0.567551 0.004453 0.008521
0 0.401973 0.616162 0.008926 0.015615
0 0.401956 0.657087 0.006274 0.019751
0 0.403181 0.701670 0.006138 0.010039
0 0.404958 0.756340 0.004839 0.019175
0 0.405598 0.791023 0.006782 0.016655
0 0.406121 0.809873 0.005513 0.013984
0 0.405520 0.825356 0.004839 0.013750
0 0.408210 0.219946 0.004038 0.007080
0 0.404001 0.223721 0.002915 0.007188
0 0.401396 0.231440 0.003096 0.007129
0 0.400256 0.089719 0.004370 0.009751
0 0.207822 0.038367 0.006631 0.014194
0 0.205137 0.081829 0.007100 0.012261
0 0.206023 0.062061 0.005972 0.008877
0 0.169861 0.063218 0.006860 0.009951
0 0.208130 0.101777 0.003809 0.013223
0 0.203582 0.099592 0.003364 0.007397
0 0.168235 0.095562 0.004302 0.010488
0 0.175698 0.091460 0.002822 0.004980
0 0.177690 0.115962 0.004033 0.011563
0 0.206992 0.137935 0.004307 0.009951
0 0.206858 0.150845 0.004839 0.009414
0 0.209131 0.183936 0.004170 0.008730
0 0.177705 0.193059 0.002578 0.004819
0 0.179980 0.201172 0.004033 0.008184
0 0.177476 0.144517 0.005381 0.012998
0 0.210115 0.206528 0.002466 0.009746
0 0.207920 0.219790 0.004453 0.010459
0 0.177944 0.257488 0.004199 0.008228
0 0.655037 0.036887 0.005005 0.009360
0 0.659387 0.043420 0.002759 0.012427
0 0.662678 0.080166 0.005269 0.012441
0 0.663088 0.091694 0.003813 0.007734
0 0.658411 0.125449 0.004517 0.009521
0 0.658198 0.151157 0.003096 0.007939
0 0.657798 0.236929 0.004844 0.006777
