0 0.424431 0.893933 0.006646 0.009919
0 0.442791 0.907915 0.003521 0.004735
0 0.443096 0.918033 0.011904 0.010334
0 0.509185 0.975582 0.004570 0.009469
0 0.501997 0.976843 0.004570 0.018968
0 0.194653 0.184181 0.005908 0.010381
0 0.188997 0.192979 0.005483 0.012059
0 0.200767 0.200032 0.006162 0.005484
0 0.206252 0.205314 0.004136 0.004285
0 0.214927 0.224435 0.005625 0.010161
0 0.241624 0.255773 0.004253 0.005167
0 0.255791 0.271459 0.010352 0.011707
0 0.665591 0.048397 0.013604 0.016067
0 0.693860 0.086961 0.010884 0.015352
0 0.711846 0.107491 0.008164 0.012145
0 0.735122 0.138581 0.012090 0.014279
0 0.764600 0.153163 0.016631 0.008333
0 0.772283 0.187976 0.016880 0.020830
0 0.804255 0.229069 0.014360 0.015473
0 0.823403 0.253025 0.012852 0.014585
0 0.837007 0.269836 0.008311 0.011309
0 0.963267 0.407114 0.012695 0.013570
0 0.882676 0.325796 0.007256 0.011073
0 0.113452 0.488446 0.008750 0.009614
0 0.113022 0.472206 0.004922 0.005727
0 0.096663 0.454193 0.009478 0.006747
0 0.086572 0.446854 0.007256 0.006972
0 0.076870 0.437935 0.004893 0.005882
0 0.931362 0.371770 0.006924 0.011569
0 0.752231 0.162915 0.007832 0.036557
0 0.927073 0.380136 0.006929 0.019694
0 0.294404 0.317379 0.005713 0.008899
0 0.318340 0.346724 0.005469 0.006459
0 0.437913 0.536448 0.006919 0.013945
0 0.025261 0.387494 0.003911 0.015208
0 0.318826 0.358348 0.008384 0.009614
0 0.283140 0.305738 0.004072 0.008754
0 0.280791 0.310081 0.004072 0.008754
0 0.326926 0.359022 0.003940 0.006546
0 0.333779 0.377364 0.005977 0.007751
0 0.345808 0.384423 0.004370 0.005340
0 0.356741 0.396972 0.005376 0.013772
0 0.364033 0.409046 0.005537 0.006027
0 0.382368 0.416130 0.006680 0.009919
0 0.378291 0.427742 0.010039 0.011263
0 0.389683 0.438544 0.005371 0.013777
0 0.390356 0.448576 0.005371 0.020092
0 0.400378 0.460750 0.005376 0.009677
0 0.411978 0.470202 0.005371 0.009677
0 0.422627 0.491194 0.005371 0.012226
0 0.418325 0.497353 0.005371 0.010854
0 0.450945 0.551061 0.005376 0.014556
0 0.471296 0.585600 0.003833 0.009089
0 0.474397 0.594216 0.004106 0.005732
0 0.523643 0.662584 0.008828 0.033218
0 0.071978 0.430461 0.005566 0.005087
0 0.066030 0.424083 0.005820 0.005882
0 0.064365 0.433157 0.005225 0.017203
0 0.056482 0.422924 0.005591 0.007751
0 0.603892 0.752007 0.005977 0.006817
0 0.741714 0.877644 0.006855 0.007065
0 0.727061 0.864556 0.010205 0.010507
0 0.706768 0.849893 0.008770 0.010352
0 0.896265 0.742549 0.008818 0.012791
0 0.876233 0.712494 0.010288 0.013143
0 0.835637 0.661756 0.011812 0.013777
0 0.735400 0.535516 0.010498 0.013143
0 0.753767 0.558206 0.011128 0.015375
0 0.675205 0.062292 0.009863 0.010663
0 0.683181 0.074314 0.007769 0.010415
0 0.036921 0.402044 0.007534 0.008472
0 0.863455 0.208800 0.011245 0.016713
0 0.130647 0.513489 0.006196 0.006886
0 0.137310 0.520072 0.005566 0.006776
0 0.139587 0.507116 0.004722 0.007174
0 0.145408 0.507915 0.006245 0.006776
0 0.153887 0.515536 0.006328 0.006874
0 0.170388 0.540611 0.007651 0.009043
0 0.168992 0.553022 0.009722 0.010046
0 0.187034 0.552736 0.004741 0.006603
0 0.191287 0.560557 0.004497 0.005600
0 0.198943 0.568365 0.006655 0.007434
0 0.207524 0.596101 0.004854 0.006067
0 0.212832 0.590660 0.007168 0.006476
0 0.215669 0.600851 0.004150 0.005738
0 0.219426 0.601629 0.002554 0.004423
0 0.224021 0.604198 0.005874 0.006459
0 0.229167 0.617388 0.006177 0.006574
0 0.228000 0.629348 0.006479 0.007059
0 0.237568 0.632757 0.004961 0.007174
0 0.255771 0.638405 0.006572 0.009187
0 0.261489 0.659758 0.006924 0.009043
0 0.265298 0.678080 0.004893 0.015317
0 0.272410 0.678449 0.004897 0.020115
0 0.292620 0.699691 0.005396 0.006892
0 0.291912 0.731202 0.006694 0.011990
0 0.296465 0.726808 0.004834 0.011990
0 0.306965 0.734423 0.005396 0.007232
0 0.336462 0.775649 0.012944 0.014677
0 0.023979 0.376932 0.005225 0.005882
0 0.345928 0.798319 0.010498 0.010536
0 0.104653 0.466961 0.003662 0.012537
0 0.370178 0.808547 0.005894 0.021569
0 0.361636 0.808114 0.004365 0.009735
0 0.355303 0.810926 0.004365 0.009740
0 0.386414 0.839709 0.008921 0.011782
0 0.408931 0.857584 0.011895 0.016943
