0 0.379138 0.669092 0.003628 0.004707
0 0.572874 0.105396 0.003501 0.006416
0 0.590808 0.128579 0.004370 0.004375
0 0.382070 0.550974 0.004648 0.007554
0 0.381973 0.528413 0.003291 0.005420
0 0.375132 0.421257 0.005381 0.005649
0 0.351355 0.250212 0.005034 0.005229
0 0.356201 0.292844 0.003711 0.006294
0 0.368496 0.442102 0.006777 0.007163
0 0.369387 0.429514 0.009683 0.007554
0 0.365669 0.370364 0.004648 0.008599
0 0.366675 0.382593 0.005225 0.005811
0 0.324102 0.074668 0.009482 0.011709
0 0.358574 0.328767 0.010488 0.009517
0 0.401548 0.781624 0.004033 0.011069
0 0.593943 0.117642 0.004517 0.004082
0 0.604893 0.275549 0.005967 0.007886
0 0.393855 0.717383 0.003472 0.004502
0 0.357581 0.315569 0.003550 0.008413
0 0.398145 0.938628 0.004004 0.006943
0 0.385166 0.948125 0.004297 0.006631
0 0.378313 0.809460 0.004761 0.004204
0 0.378872 0.816091 0.004766 0.004019
0 0.351313 0.227234 0.005342 0.007202
0 0.346731 0.171001 0.005112 0.005811
0 0.628579 0.747927 0.006982 0.009097
0 0.629531 0.764375 0.006123 0.006299
0 0.628396 0.781731 0.005083 0.005542
0 0.632041 0.786982 0.003047 0.003574
0 0.634534 0.831030 0.003140 0.005674
0 0.633613 0.857537 0.003525 0.004985
0 0.630100 0.840598 0.006440 0.005347
0 0.336821 0.118623 0.004033 0.005967
0 0.623076 0.603447 0.006475 0.012773
0 0.395874 0.682935 0.003027 0.004258
0 0.616777 0.563291 0.006123 0.008398
0 0.391416 0.684695 0.002578 0.005269
0 0.610532 0.386199 0.003848 0.005776
0 0.607847 0.368281 0.003613 0.003076
0 0.608535 0.374702 0.006123 0.007695
0 0.598975 0.259856 0.007188 0.005366
0 0.598367 0.268110 0.004761 0.006279
0 0.594163 0.245920 0.007729 0.009331
0 0.563179 0.212966 0.007725 0.007729
0 0.599148 0.185149 0.004663 0.004224
0 0.384341 0.969619 0.003643 0.006172
0 0.389028 0.975925 0.007100 0.013286
0 0.594814 0.057183 0.003799 0.004219
0 0.574697 0.098835 0.007432 0.005249
0 0.579436 0.149136 0.004663 0.006709
0 0.542512 0.049043 0.006401 0.006270
0 0.567522 0.066030 0.005103 0.007871
0 0.569194 0.079880 0.005234 0.007290
0 0.595137 0.026008 0.004375 0.006851
0 0.593760 0.082432 0.005674 0.005684
0 0.621851 0.624597 0.004980 0.006558
0 0.379097 0.698660 0.003818 0.004048
