0 0.329072 0.425037 0.003848 0.007495
0 0.215681 0.199988 0.003745 0.003745
0 0.266460 0.296074 0.004863 0.006582
0 0.187920 0.161777 0.010205 0.008896
0 0.356799 0.491448 0.005317 0.006597
0 0.398916 0.567791 0.004375 0.007173
0 0.406809 0.588398 0.005601 0.008398
0 0.445210 0.699409 0.004375 0.006123
0 0.454922 0.728630 0.005947 0.005425
0 0.465503 0.707808 0.003281 0.002646
0 0.462046 0.710562 0.003164 0.004053
0 0.505222 0.798311 0.007437 0.011230
0 0.475415 0.739897 0.003457 0.003711
0 0.493108 0.832590 0.004722 0.004644
0 0.494651 0.838489 0.004810 0.004136
0 0.547886 0.961013 0.006377 0.007290
0 0.556187 0.947043 0.003945 0.007290
0 0.553669 0.981309 0.004009 0.005410
0 0.559321 0.985107 0.006396 0.013008
0 0.424924 0.022224 0.006685 0.005591
0 0.384768 0.061345 0.005591 0.007290
0 0.413442 0.069976 0.005586 0.008262
0 0.435752 0.051938 0.003867 0.004150
0 0.443506 0.074724 0.005566 0.004253
0 0.419258 0.082063 0.005264 0.006577
0 0.431104 0.097705 0.007090 0.005469
0 0.431963 0.105503 0.004355 0.005264
0 0.455603 0.109199 0.004253 0.005166
0 0.456719 0.119932 0.004453 0.004756
0 0.453276 0.143350 0.005625 0.005830
0 0.483726 0.170247 0.005312 0.004302
0 0.460144 0.208259 0.007593 0.008101
0 0.500405 0.229268 0.005654 0.008096
0 0.510242 0.240278 0.008931 0.004854
0 0.511614 0.247942 0.006050 0.004712
0 0.520356 0.253369 0.006650 0.006650
0 0.555540 0.339045 0.004429 0.003589
0 0.558281 0.345164 0.005557 0.005835
0 0.563911 0.355083 0.004150 0.005264
0 0.352751 0.478672 0.009536 0.005820
0 0.242512 0.244792 0.004556 0.005464
0 0.207441 0.189001 0.006475 0.007173
0 0.302434 0.376174 0.004858 0.008003
0 0.308132 0.389106 0.011743 0.007793
0 0.274470 0.316616 0.005425 0.004727
0 0.631597 0.518328 0.006650 0.010151
0 0.651104 0.554543 0.006475 0.009800
0 0.656895 0.575032 0.006299 0.007700
0 0.706147 0.688230 0.005771 0.009448
0 0.712749 0.703210 0.007090 0.006782
0 0.717915 0.719653 0.004521 0.006416
0 0.722510 0.722932 0.003496 0.004810
0 0.740564 0.763850 0.004556 0.006987
0 0.739744 0.774087 0.006177 0.006074
0 0.748550 0.789172 0.004150 0.004253
0 0.354648 0.469397 0.004561 0.004556
0 0.334136 0.436074 0.003848 0.003643
