0 0.305178 0.397537 0.004556 0.008706
0 0.306494 0.411006 0.004150 0.005469
0 0.307659 0.422446 0.005063 0.006885
0 0.304724 0.433787 0.003442 0.006479
0 0.371943 0.010703 0.003096 0.004033
0 0.375237 0.005322 0.004302 0.005918
0 0.345115 0.010500 0.005376 0.011704
0 0.345422 0.093784 0.008706 0.019590
0 0.349653 0.056799 0.002412 0.004282
0 0.339041 0.145952 0.005278 0.006582
0 0.335840 0.159082 0.008145 0.017500
0 0.329607 0.199031 0.005737 0.011401
0 0.327507 0.210127 0.004751 0.009795
0 0.323667 0.229675 0.006377 0.009517
0 0.320173 0.245032 0.006255 0.011528
0 0.298638 0.462549 0.008457 0.010352
0 0.285176 0.532515 0.005039 0.005879
0 0.280557 0.588892 0.004619 0.010078
0 0.277891 0.611628 0.004824 0.012808
0 0.270247 0.684526 0.006929 0.021836
0 0.588752 0.048022 0.003647 0.006562
0 0.574028 0.060200 0.004229 0.006416
0 0.570017 0.076455 0.006704 0.007148
0 0.553132 0.191228 0.003354 0.006997
0 0.584453 0.062720 0.004229 0.008164
0 0.548613 0.230273 0.004375 0.007344
0 0.548105 0.238459 0.004199 0.007349
0 0.540896 0.275259 0.004614 0.007412
0 0.538777 0.316960 0.007349 0.010708
0 0.545181 0.286836 0.003779 0.007559
0 0.538203 0.340276 0.005293 0.007808
0 0.530435 0.394475 0.003672 0.007524
0 0.532795 0.403396 0.005249 0.009976
0 0.528423 0.423254 0.004551 0.009800
0 0.529280 0.457021 0.004897 0.006650
0 0.338540 0.135676 0.006279 0.010532
0 0.342634 0.125283 0.002983 0.005176
0 0.342295 0.119180 0.003271 0.005273
0 0.349165 0.073540 0.004297 0.006299
0 0.343086 0.069365 0.004932 0.008887
0 0.350901 0.061975 0.003745 0.005444
0 0.321714 0.260605 0.002744 0.009844
0 0.318550 0.261555 0.003027 0.006118
0 0.358735 0.034749 0.006162 0.007173
0 0.319050 0.273435 0.003140 0.007896
0 0.315354 0.277942 0.003647 0.007798
0 0.312319 0.301924 0.002285 0.005449
0 0.314927 0.302158 0.002109 0.004863
0 0.309067 0.358352 0.002793 0.005571
0 0.310376 0.364934 0.002363 0.005903
0 0.299470 0.367444 0.003325 0.006997
0 0.306316 0.373521 0.003110 0.005693
0 0.307915 0.378928 0.002598 0.007524
