0 0.296655 0.180757 0.005713 0.017256
0 0.299268 0.166541 0.004131 0.007778
0 0.297019 0.157793 0.006440 0.008750
0 0.299897 0.145498 0.003076 0.006885
0 0.293398 0.710469 0.005947 0.019248
0 0.292307 0.636296 0.004858 0.008989
0 0.294797 0.620564 0.004253 0.008872
0 0.290388 0.556997 0.005688 0.008164
0 0.294858 0.810103 0.004619 0.008750
0 0.295469 0.486204 0.006074 0.010122
0 0.298252 0.457395 0.002939 0.005366
0 0.298506 0.445044 0.002832 0.005977
0 0.297747 0.435325 0.002935 0.005161
0 0.294507 0.421504 0.003945 0.007900
0 0.007622 0.013826 0.006133 0.009731
0 0.042153 0.012698 0.008330 0.006196
0 0.052998 0.012505 0.005615 0.006582
0 0.065005 0.014248 0.004453 0.005420
0 0.094656 0.012310 0.007856 0.004014
0 0.098330 0.008242 0.004150 0.003564
0 0.113230 0.011160 0.008970 0.004927
0 0.294651 0.232187 0.005103 0.009600
0 0.192405 0.009312 0.005044 0.006162
0 0.209888 0.011719 0.004375 0.005830
0 0.219077 0.011553 0.008633 0.005938
0 0.227480 0.008750 0.006836 0.004375
0 0.261936 0.007793 0.010103 0.008750
0 0.270742 0.006506 0.002803 0.004595
0 0.306746 0.008862 0.006948 0.006279
0 0.287002 0.028967 0.003252 0.006499
0 0.290476 0.037146 0.003247 0.006948
0 0.338721 0.010691 0.007285 0.007173
0 0.356707 0.006152 0.005825 0.007061
0 0.379810 0.006870 0.011621 0.004844
0 0.404016 0.004626 0.005161 0.005161
0 0.318086 0.023835 0.003174 0.005513
0 0.315750 0.028877 0.002427 0.003457
0 0.305112 0.054045 0.004668 0.007749
0 0.298857 0.077542 0.002520 0.004858
0 0.300720 0.082166 0.002534 0.006255
0 0.294988 0.402869 0.002671 0.006401
0 0.298625 0.113911 0.007144 0.018662
0 0.298250 0.140833 0.002241 0.006724
0 0.293477 0.396855 0.002178 0.004639
0 0.295579 0.389260 0.002534 0.007427
0 0.293960 0.089819 0.004746 0.007705
0 0.300654 0.093984 0.004121 0.005762
0 0.293298 0.381160 0.002026 0.005063
0 0.285706 0.391453 0.003716 0.008267
0 0.293259 0.326011 0.001831 0.005908
0 0.290833 0.325061 0.002319 0.004849
0 0.290928 0.301206 0.002109 0.010127
0 0.524358 0.455237 0.004497 0.006685
0 0.519966 0.420234 0.004980 0.009365
0 0.520762 0.399687 0.004717 0.008438
0 0.517981 0.391799 0.002700 0.005825
0 0.518992 0.335496 0.005073 0.006997
0 0.517769 0.315200 0.007520 0.011201
0 0.519604 0.284231 0.004902 0.007349
0 0.514182 0.272859 0.006997 0.008052
0 0.293840 0.296230 0.003374 0.007939
0 0.517458 0.234709 0.004253 0.007593
0 0.516699 0.226711 0.002939 0.005366
0 0.516545 0.186775 0.002632 0.006479
0 0.519817 0.070432 0.006479 0.007290
0 0.532527 0.055850 0.002329 0.006074
0 0.522197 0.054788 0.005166 0.006987
0 0.535627 0.041108 0.005249 0.005459
0 0.292026 0.285469 0.002109 0.006494
0 0.294390 0.284878 0.002109 0.010547
0 0.291003 0.268030 0.005249 0.011021
0 0.292986 0.251919 0.005835 0.010205
0 0.183440 0.011160 0.004370 0.004263
0 0.296074 0.221382 0.004668 0.010498
