0 0.200845 0.190300 0.003857 0.006987
0 0.258159 0.002419 0.004658 0.004839
0 0.243835 0.041506 0.005601 0.008384
0 0.250178 0.025225 0.005864 0.009834
0 0.248833 0.033777 0.003184 0.005493
0 0.252744 0.032874 0.002832 0.005083
0 0.232227 0.081541 0.005225 0.012153
0 0.222488 0.117671 0.004810 0.008457
0 0.215854 0.147708 0.006416 0.007290
0 0.204482 0.178765 0.006123 0.008164
0 0.189614 0.233486 0.004492 0.007412
0 0.152505 0.356858 0.004668 0.006851
0 0.141350 0.395640 0.003354 0.008896
0 0.113174 0.491208 0.004023 0.006997
0 0.092812 0.584758 0.004082 0.007144
0 0.095002 0.616616 0.005542 0.010498
0 0.098792 0.647378 0.005249 0.011953
0 0.094265 0.709707 0.004243 0.005977
0 0.087266 0.720205 0.003662 0.004814
0 0.076624 0.732744 0.004243 0.006270
0 0.515229 0.028357 0.006650 0.016626
0 0.513513 0.073418 0.005542 0.007559
0 0.505198 0.126453 0.009575 0.015366
0 0.491340 0.174951 0.003530 0.007559
0 0.485295 0.192712 0.007056 0.007808
0 0.480857 0.209810 0.006987 0.010430
0 0.472209 0.236487 0.002759 0.004985
0 0.457747 0.291306 0.003755 0.005972
0 0.453696 0.302339 0.002539 0.005576
0 0.448987 0.314290 0.005679 0.015894
0 0.441780 0.345322 0.010122 0.023027
0 0.424717 0.404744 0.005791 0.013120
0 0.434075 0.374211 0.004565 0.007349
0 0.414043 0.432651 0.012441 0.016445
0 0.407859 0.452593 0.004868 0.008027
0 0.401707 0.454995 0.006743 0.010137
0 0.397332 0.475903 0.004810 0.008604
0 0.366130 0.544487 0.010640 0.008164
0 0.343018 0.589585 0.004619 0.007139
0 0.336340 0.668181 0.002671 0.008530
0 0.337332 0.672642 0.003228 0.005508
0 0.329043 0.689282 0.006211 0.011055
0 0.310869 0.737292 0.005566 0.009517
0 0.307729 0.769895 0.004961 0.008706
0 0.307234 0.804070 0.003657 0.005103
0 0.297029 0.836438 0.007739 0.017642
0 0.287087 0.867898 0.005249 0.011548
0 0.271550 0.909050 0.004409 0.004829
0 0.906650 0.212375 0.005596 0.008052
0 0.903940 0.225674 0.004375 0.008047
