0 0.802224 0.116670 0.003989 0.008818
0 0.397803 0.483008 0.003418 0.007324
0 0.396794 0.461306 0.007847 0.017886
0 0.399897 0.431775 0.003848 0.012075
0 0.399109 0.400632 0.003677 0.007173
0 0.397708 0.370103 0.004614 0.021260
0 0.120923 0.219192 0.004219 0.007173
0 0.122742 0.249890 0.006196 0.010327
0 0.119729 0.238511 0.003794 0.006855
0 0.120093 0.198489 0.003350 0.005542
0 0.121626 0.282659 0.004229 0.009038
0 0.121333 0.294687 0.004229 0.004814
0 0.124031 0.339668 0.003501 0.008457
0 0.125471 0.467466 0.004722 0.008926
0 0.126814 0.508037 0.005396 0.009619
0 0.128884 0.608169 0.003149 0.007871
0 0.127747 0.596797 0.002974 0.005771
0 0.149600 0.732810 0.005596 0.011548
0 0.137703 0.702805 0.005249 0.007524
0 0.161196 0.760398 0.004736 0.009839
0 0.175835 0.822812 0.004375 0.006562
0 0.172617 0.834780 0.003281 0.005713
0 0.166057 0.849238 0.004009 0.007900
0 0.358013 0.018643 0.010498 0.014873
0 0.371748 0.045759 0.006475 0.013472
0 0.383889 0.088435 0.004536 0.007808
0 0.392705 0.142476 0.006553 0.014111
0 0.394353 0.192483 0.003149 0.005425
0 0.393301 0.211726 0.004902 0.009624
0 0.396165 0.338733 0.005103 0.015454
0 0.396384 0.325525 0.002476 0.004517
0 0.396699 0.314087 0.002432 0.005771
0 0.394673 0.304216 0.002021 0.005063
0 0.396733 0.257786 0.002109 0.006157
0 0.393696 0.257490 0.003457 0.005566
0 0.395808 0.249561 0.003120 0.004727
0 0.396211 0.230173 0.003184 0.008208
0 0.393081 0.228254 0.002783 0.007085
0 0.116018 0.020254 0.004761 0.009668
0 0.153931 0.011370 0.004063 0.005884
0 0.136907 0.051160 0.004204 0.009526
0 0.116311 0.029375 0.004204 0.005742
0 0.117642 0.038691 0.004346 0.006445
0 0.116592 0.048220 0.003926 0.006167
0 0.394333 0.508469 0.004194 0.011880
0 0.119043 0.096697 0.003506 0.007563
0 0.123594 0.128955 0.002100 0.003711
0 0.119004 0.123096 0.005225 0.008496
0 0.120305 0.131104 0.003892 0.006250
0 0.117607 0.140054 0.004570 0.008672
0 0.118889 0.181926 0.004360 0.012446
0 0.115610 0.080793 0.003643 0.005747
0 0.385322 0.583352 0.008574 0.010864
0 0.377012 0.633040 0.004551 0.007681
0 0.394744 0.709976 0.002065 0.008994
0 0.397271 0.713491 0.002344 0.005615
0 0.393352 0.731956 0.004390 0.011812
0 0.391509 0.783435 0.004375 0.007153
0 0.398352 0.814500 0.003647 0.006440
0 0.407258 0.881853 0.005249 0.015747
0 0.407742 0.848218 0.003062 0.006562
0 0.393140 0.486240 0.005322 0.010840
0 0.408452 0.914175 0.005596 0.010146
0 0.405176 0.959419 0.003789 0.005684
0 0.801174 0.103127 0.004409 0.008608
