0 0.338809 0.228965 0.003340 0.011351
0 0.346472 0.208512 0.003472 0.007267
0 0.347524 0.187264 0.003096 0.006457
0 0.352063 0.187521 0.003921 0.008951
0 0.345637 0.178496 0.003521 0.009100
0 0.368735 0.088758 0.003701 0.006531
0 0.381577 0.095736 0.005527 0.007415
0 0.369973 0.104341 0.003364 0.017187
0 0.361252 0.125953 0.004478 0.010413
0 0.365125 0.079306 0.005278 0.009375
0 0.368477 0.045718 0.005938 0.011287
0 0.354641 0.158591 0.007202 0.011631
0 0.384568 0.166107 0.005601 0.011282
0 0.379207 0.164370 0.003843 0.006419
0 0.366123 0.140164 0.004072 0.009746
0 0.359180 0.141133 0.008604 0.011398
0 0.348687 0.134836 0.006914 0.014396
0 0.119487 0.967783 0.008066 0.010249
0 0.120884 0.867741 0.006006 0.010079
0 0.161497 0.690254 0.004243 0.008125
0 0.149800 0.708366 0.004482 0.007463
0 0.158569 0.667961 0.005303 0.009248
0 0.155938 0.234378 0.006641 0.010079
0 0.152175 0.072328 0.009556 0.014253
0 0.848618 0.493904 0.005566 0.015339
0 0.364248 0.810320 0.005547 0.014846
0 0.832241 0.071276 0.004912 0.007585
0 0.394680 0.411708 0.006782 0.014719
0 0.143394 0.011062 0.006787 0.008130
0 0.097126 0.015008 0.008638 0.018406
0 0.858315 0.812736 0.003750 0.006584
0 0.856404 0.795275 0.004712 0.009989
0 0.861875 0.918321 0.002998 0.006737
0 0.855764 0.898406 0.003931 0.009492
0 0.852866 0.741621 0.004463 0.008877
0 0.852698 0.699775 0.004019 0.009359
0 0.853218 0.679277 0.005059 0.010005
0 0.855137 0.658509 0.004316 0.008713
0 0.853015 0.649349 0.004370 0.005858
0 0.852446 0.594441 0.008945 0.019412
0 0.847195 0.452466 0.006245 0.014910
0 0.847554 0.439007 0.005176 0.007357
0 0.849248 0.422932 0.003213 0.009296
0 0.839526 0.225013 0.007773 0.019677
0 0.836006 0.105217 0.004463 0.007797
0 0.837185 0.095937 0.003345 0.009682
0 0.834893 0.086592 0.003721 0.007664
0 0.833403 0.058438 0.004287 0.008369
0 0.820127 0.045792 0.003350 0.006457
0 0.830552 0.037230 0.002510 0.006028
0 0.833252 0.042309 0.002568 0.008369
0 0.828538 0.024068 0.005142 0.006737
0 0.805510 0.012217 0.005786 0.012315
0 0.824363 0.049881 0.003394 0.009878
0 0.632407 0.951833 0.008516 0.013252
0 0.631296 0.910874 0.010737 0.019672
0 0.581509 0.983755 0.007402 0.012850
0 0.627598 0.828151 0.007773 0.016462
0 0.592881 0.791647 0.006621 0.012394
0 0.598503 0.751462 0.005376 0.015689
0 0.604573 0.740135 0.002515 0.007357
0 0.623271 0.586605 0.004971 0.013718
0 0.616399 0.577524 0.003101 0.008204
0 0.622488 0.549060 0.006069 0.009296
0 0.612405 0.539833 0.005649 0.012590
0 0.609519 0.524142 0.005142 0.013665
0 0.591650 0.508385 0.003340 0.008369
0 0.582268 0.440204 0.005659 0.008088
0 0.619673 0.469762 0.009512 0.011992
0 0.616064 0.434372 0.005352 0.008713
0 0.568745 0.406200 0.006211 0.012781
0 0.615706 0.406570 0.008569 0.012315
0 0.617463 0.335773 0.004614 0.006451
0 0.612554 0.343922 0.006104 0.008872
0 0.614995 0.285183 0.006396 0.011944
0 0.613281 0.271547 0.006250 0.012426
0 0.611943 0.255810 0.003574 0.010975
0 0.613989 0.243252 0.003428 0.007669
0 0.610457 0.232444 0.008354 0.012082
0 0.611636 0.186435 0.006426 0.014873
0 0.610859 0.160180 0.005654 0.007744
0 0.605652 0.150659 0.004165 0.009359
0 0.611453 0.150980 0.005054 0.009036
0 0.563630 0.280726 0.005142 0.009206
0 0.565662 0.315638 0.007456 0.012272
0 0.612241 0.137185 0.006699 0.010810
0 0.562808 0.222802 0.007402 0.017066
0 0.603625 0.103583 0.005981 0.007177
0 0.603474 0.094619 0.004233 0.007617
0 0.611267 0.092579 0.005913 0.009481
0 0.604324 0.085191 0.005396 0.008644
0 0.588745 0.057108 0.004775 0.008390
0 0.595969 0.036695 0.006167 0.008369
0 0.611018 0.072039 0.003970 0.008877
0 0.599958 0.046724 0.004927 0.008829
0 0.598899 0.058729 0.004106 0.009290
0 0.607795 0.062026 0.003569 0.007166
0 0.604583 0.054764 0.002856 0.005810
0 0.595503 0.003742 0.003271 0.006615
0 0.365247 0.852529 0.005327 0.010599
0 0.401345 0.658557 0.005552 0.012050
0 0.347869 0.786658 0.008481 0.010593
0 0.358665 0.764627 0.005913 0.010599
0 0.346897 0.684256 0.006479 0.009370
0 0.340620 0.595334 0.006172 0.009206
0 0.400388 0.586409 0.007456 0.015339
0 0.339978 0.476398 0.011567 0.014502
0 0.390146 0.377434 0.009258 0.010376
0 0.375547 0.398784 0.007090 0.011149
0 0.360654 0.420432 0.012646 0.012717
0 0.387468 0.268792 0.005142 0.011155
0 0.334226 0.261369 0.004819 0.017431
0 0.341724 0.232238 0.003340 0.011351
