0 0.993577 0.287651 0.002583 0.006455
0 0.716877 0.146672 0.002905 0.006587
0 0.717539 0.181799 0.004453 0.017427
0 0.716101 0.160093 0.001909 0.010313
0 0.718789 0.166816 0.002129 0.010313
0 0.717703 0.199685 0.002915 0.011431
0 0.717122 0.229651 0.004038 0.010649
0 0.710781 0.290596 0.003291 0.014912
0 0.718184 0.042371 0.006738 0.022544
0 0.719114 0.090591 0.004878 0.014873
0 0.717783 0.107295 0.002256 0.004844
0 0.715090 0.286770 0.004292 0.010552
0 0.715884 0.295830 0.003457 0.006260
0 0.715632 0.310828 0.003550 0.010083
0 0.716443 0.330803 0.003950 0.012319
0 0.717373 0.341377 0.003486 0.006045
0 0.718525 0.366387 0.003555 0.010166
0 0.716719 0.399258 0.002744 0.005000
0 0.718660 0.437749 0.003872 0.007744
0 0.719580 0.495657 0.006133 0.017290
0 0.718801 0.517854 0.005649 0.025337
0 0.719282 0.574336 0.004033 0.017910
0 0.719673 0.668152 0.006973 0.025562
0 0.719285 0.624456 0.003735 0.006538
0 0.719214 0.637734 0.005020 0.009199
0 0.719753 0.723049 0.004438 0.012368
0 0.721587 0.749055 0.005020 0.013940
0 0.952397 0.495610 0.005391 0.014727
0 0.970164 0.464097 0.004380 0.007061
0 0.991323 0.414185 0.003486 0.007939
0 0.717827 0.266660 0.004453 0.022383
0 0.718489 0.428896 0.004194 0.006494
0 0.950342 0.714558 0.007695 0.023423
0 0.951702 0.739658 0.003901 0.011436
0 0.992678 0.361509 0.004263 0.014521
0 0.992358 0.144321 0.004463 0.010039
0 0.991802 0.245967 0.005576 0.012549
