0 0.457136 0.599700 0.005034 0.013364
0 0.458142 0.399890 0.005425 0.023042
0 0.458811 0.442954 0.004819 0.013896
0 0.458008 0.503845 0.005615 0.012974
0 0.458103 0.528911 0.006196 0.032168
0 0.457424 0.616926 0.003677 0.014507
0 0.455889 0.739255 0.008701 0.030786
0 0.456262 0.567061 0.007554 0.014307
0 0.458962 0.006350 0.005347 0.012085
0 0.459194 0.031914 0.005811 0.012549
0 0.457800 0.045974 0.004419 0.006274
0 0.452769 0.122783 0.008203 0.021924
0 0.451851 0.190259 0.003721 0.007666
0 0.452085 0.163652 0.003252 0.005576
0 0.454873 0.234644 0.004180 0.009990
0 0.454763 0.258110 0.008364 0.024893
0 0.456941 0.581206 0.005034 0.012393
0 0.458713 0.373555 0.005015 0.015684
