0 0.451938 0.515503 0.011738 0.029912
0 0.440896 0.551003 0.008110 0.015376
0 0.430693 0.582168 0.007266 0.015654
0 0.458506 0.492302 0.008105 0.013140
0 0.477234 0.431924 0.006987 0.014814
0 0.489114 0.390833 0.008384 0.022085
0 0.497361 0.366511 0.007544 0.018169
0 0.436282 0.566377 0.005591 0.014258
0 0.525955 0.256145 0.011187 0.026021
0 0.533291 0.232285 0.004023 0.009297
0 0.542783 0.189631 0.005293 0.005991
0 0.550522 0.164148 0.003721 0.006147
0 0.562090 0.125083 0.009385 0.021836
0 0.590076 0.053262 0.004204 0.006309
0 0.596062 0.040237 0.005503 0.011001
0 0.602612 0.015244 0.004043 0.011484
0 0.389297 0.716973 0.011182 0.031445
0 0.426082 0.598523 0.006987 0.014253
