0 0.379080 0.107546 0.003696 0.015301
0 0.382778 0.105183 0.003701 0.017778
0 0.375972 0.140961 0.002520 0.009673
0 0.379585 0.146810 0.003027 0.009229
0 0.380332 0.173699 0.004180 0.028353
0 0.386646 0.228487 0.005039 0.021379
0 0.387905 0.257288 0.004199 0.011477
0 0.391184 0.266624 0.003364 0.005850
0 0.391772 0.252673 0.004541 0.008549
0 0.390007 0.283948 0.004370 0.018902
0 0.395615 0.501556 0.006055 0.017556
0 0.166509 0.550157 0.004639 0.007020
0 0.165906 0.591062 0.005444 0.011614
0 0.167407 0.304422 0.002187 0.004451
0 0.625530 0.201729 0.006030 0.011588
0 0.166292 0.040023 0.003022 0.006752
0 0.162847 0.067810 0.003193 0.011477
0 0.163015 0.046212 0.002856 0.020477
0 0.165415 0.738582 0.004961 0.009895
0 0.164888 0.770807 0.005811 0.022033
0 0.164055 0.501124 0.003022 0.022497
0 0.146357 0.672310 0.006973 0.020608
0 0.140598 0.567461 0.003364 0.012752
0 0.143049 0.519837 0.005747 0.008627
0 0.165813 0.421493 0.003364 0.008438
0 0.163572 0.349866 0.003081 0.006935
0 0.142693 0.393415 0.002690 0.011026
0 0.169756 0.374291 0.004707 0.011026
0 0.142439 0.360676 0.004536 0.009902
0 0.164514 0.313552 0.003833 0.008098
0 0.166934 0.270889 0.006660 0.019438
0 0.166328 0.251314 0.004639 0.016471
0 0.138694 0.257523 0.004644 0.009451
0 0.140410 0.241190 0.005244 0.016745
0 0.162292 0.224990 0.003833 0.011340
0 0.164822 0.205820 0.004048 0.011876
0 0.157710 0.164121 0.004668 0.012111
0 0.131445 0.139510 0.004863 0.010026
0 0.160288 0.092572 0.002627 0.005471
0 0.157319 0.100513 0.004277 0.008333
0 0.158137 0.068601 0.003530 0.011699
0 0.164565 0.720696 0.002822 0.005471
0 0.376895 0.046461 0.006387 0.022725
0 0.374709 0.007082 0.007397 0.012373
0 0.371433 0.075709 0.003530 0.011026
0 0.377063 0.074922 0.006050 0.013503
0 0.372861 0.112046 0.002686 0.009451
