0 0.814395 0.641025 0.005615 0.007324
0 0.831597 0.665134 0.003691 0.008745
0 0.829255 0.666443 0.003257 0.008628
0 0.883135 0.745039 0.004922 0.005332
0 0.893921 0.770718 0.003926 0.004863
0 0.903076 0.778821 0.007871 0.008647
0 0.519175 0.170544 0.006611 0.007866
0 0.555291 0.221296 0.004351 0.005483
0 0.560107 0.233298 0.010127 0.012271
0 0.568667 0.241201 0.005742 0.012725
0 0.518882 0.157888 0.004648 0.005542
0 0.502615 0.135698 0.008237 0.007207
0 0.499424 0.127515 0.007207 0.007930
0 0.467681 0.073311 0.005146 0.007080
0 0.581096 0.266477 0.006509 0.009155
0 0.566836 0.246763 0.005762 0.013477
0 0.610522 0.312371 0.007295 0.008491
0 0.617944 0.323440 0.006006 0.007808
0 0.612798 0.320310 0.004805 0.007036
0 0.657285 0.391519 0.006865 0.010654
0 0.671375 0.415522 0.005581 0.008584
0 0.722041 0.498325 0.003125 0.004883
0 0.756733 0.544731 0.005957 0.005957
0 0.755049 0.550444 0.006006 0.009766
0 0.768477 0.563003 0.005156 0.005859
0 0.799507 0.611704 0.004736 0.005029
0 0.798115 0.616001 0.005273 0.006201
0 0.801155 0.624233 0.005923 0.009082
