0 0.576206 0.142297 0.006533 0.010347
0 0.579275 0.965269 0.003911 0.006934
0 0.576943 0.856160 0.004727 0.010503
0 0.574438 0.738411 0.004199 0.009712
0 0.572322 0.694858 0.004722 0.009102
0 0.571440 0.654021 0.003574 0.004624
0 0.571387 0.647563 0.003467 0.008506
0 0.572241 0.624771 0.003906 0.004033
0 0.573125 0.619541 0.006426 0.005166
0 0.572432 0.611853 0.005293 0.008696
0 0.571799 0.581924 0.006050 0.009326
0 0.570579 0.550173 0.003403 0.008569
0 0.572837 0.513855 0.002939 0.004722
0 0.575107 0.478926 0.003525 0.005713
0 0.571523 0.496096 0.002920 0.003101
0 0.571555 0.488987 0.002856 0.010151
0 0.575508 0.464250 0.002715 0.006304
0 0.572881 0.461931 0.002363 0.008491
0 0.570674 0.439614 0.002734 0.005986
0 0.574192 0.432998 0.003042 0.008086
0 0.572585 0.394023 0.003062 0.011553
0 0.575559 0.386980 0.003589 0.007964
0 0.572092 0.354409 0.003501 0.003574
0 0.577102 0.334641 0.003765 0.003940
0 0.573513 0.333899 0.003413 0.005601
0 0.573958 0.314878 0.003276 0.010459
0 0.574060 0.289209 0.002993 0.004521
0 0.576357 0.284978 0.003066 0.004526
0 0.575881 0.279836 0.004741 0.005327
0 0.577307 0.275103 0.004790 0.004033
0 0.577244 0.266658 0.004663 0.004536
0 0.592419 0.221677 0.003149 0.005415
0 0.576030 0.052468 0.007578 0.010718
0 0.576943 0.111921 0.008359 0.010454
0 0.575662 0.130862 0.005444 0.008530
0 0.574775 0.203718 0.003906 0.009077
