0 0.361458 0.261399 0.003462 0.016177
0 0.087302 0.010837 0.005249 0.011128
0 0.083906 0.040762 0.002734 0.009014
0 0.086689 0.039751 0.002432 0.005166
0 0.125771 0.038403 0.003242 0.005869
0 0.132197 0.096763 0.004004 0.007178
0 0.131887 0.130032 0.004048 0.008354
0 0.087166 0.153391 0.003745 0.007290
0 0.087773 0.177490 0.002734 0.006680
0 0.088279 0.196172 0.003950 0.013672
0 0.137031 0.202905 0.003037 0.007695
0 0.134956 0.185793 0.003545 0.006479
0 0.089138 0.217483 0.003442 0.005669
0 0.135261 0.229077 0.004556 0.007793
0 0.090405 0.244973 0.002529 0.006177
0 0.137588 0.261931 0.003545 0.008101
0 0.137537 0.268059 0.002837 0.003140
0 0.135715 0.279197 0.004253 0.009419
0 0.139058 0.296509 0.002432 0.007998
0 0.136321 0.310381 0.003442 0.014678
0 0.090151 0.298079 0.003037 0.005063
0 0.089141 0.314634 0.003037 0.006787
0 0.091721 0.322380 0.003140 0.004858
0 0.091367 0.332100 0.002637 0.005869
0 0.137537 0.336807 0.004048 0.009824
0 0.137842 0.328406 0.003643 0.006177
0 0.093037 0.354983 0.004355 0.010532
0 0.137134 0.358020 0.003848 0.005269
0 0.135159 0.372195 0.004351 0.013364
0 0.140879 0.370574 0.002432 0.004458
0 0.093342 0.380598 0.003745 0.005464
0 0.094810 0.387231 0.005674 0.007187
0 0.093442 0.394978 0.004756 0.007290
0 0.140322 0.404392 0.003340 0.017007
0 0.093442 0.433855 0.003545 0.008306
0 0.093342 0.444639 0.003345 0.008809
0 0.107214 0.450562 0.010024 0.002832
0 0.135461 0.438816 0.002729 0.016606
0 0.138550 0.446260 0.002021 0.004756
0 0.136880 0.453904 0.002529 0.005874
0 0.138145 0.462056 0.003242 0.010430
0 0.140220 0.450310 0.001924 0.002935
0 0.141741 0.474104 0.002935 0.010835
0 0.106606 0.493796 0.004355 0.008306
0 0.102200 0.499414 0.003442 0.004961
0 0.104583 0.506096 0.002329 0.003140
0 0.094912 0.482354 0.003242 0.012148
0 0.098201 0.485950 0.002329 0.003950
0 0.094507 0.463015 0.003242 0.005874
0 0.126890 0.056816 0.004023 0.010674
0 0.103188 0.529434 0.002422 0.006201
0 0.106448 0.540137 0.003501 0.007363
0 0.108818 0.560996 0.004014 0.006055
0 0.112905 0.560996 0.003428 0.004014
0 0.109622 0.576494 0.004888 0.009043
0 0.129094 0.584883 0.003140 0.008604
0 0.135815 0.588149 0.002627 0.007402
0 0.132371 0.568193 0.003501 0.004668
0 0.139443 0.559771 0.004229 0.007803
0 0.126462 0.550178 0.002769 0.005249
0 0.135178 0.556379 0.002700 0.005688
0 0.137986 0.553206 0.001899 0.004302
0 0.127483 0.562542 0.009194 0.005181
0 0.134485 0.562507 0.003062 0.005688
0 0.137842 0.534307 0.003535 0.012559
0 0.141570 0.532234 0.001978 0.004761
0 0.139138 0.507222 0.002915 0.006348
0 0.139089 0.481550 0.002495 0.004253
0 0.128499 0.773020 0.003589 0.005601
0 0.130471 0.793064 0.003501 0.005073
0 0.132703 0.806716 0.003413 0.007700
0 0.132395 0.855642 0.004204 0.007876
0 0.134495 0.875508 0.004028 0.009805
0 0.135896 0.912925 0.003149 0.004990
0 0.134585 0.927627 0.004375 0.009893
0 0.135466 0.986370 0.003892 0.011978
0 0.331919 0.033289 0.004844 0.006802
0 0.351428 0.018997 0.007563 0.007866
0 0.357932 0.028599 0.003022 0.003779
0 0.356494 0.033516 0.004688 0.013008
0 0.316492 0.056199 0.004839 0.006655
0 0.314907 0.079641 0.005596 0.006050
0 0.313845 0.100134 0.002876 0.004087
0 0.313772 0.112156 0.006353 0.006050
0 0.313318 0.125618 0.006050 0.007563
0 0.312637 0.135371 0.003174 0.005293
0 0.312258 0.158057 0.003022 0.004385
0 0.311274 0.175828 0.003779 0.008169
0 0.314526 0.185811 0.004238 0.012100
0 0.313394 0.203579 0.003477 0.005596
0 0.363301 0.152158 0.002871 0.007109
0 0.359548 0.073538 0.004409 0.015884
0 0.362473 0.118291 0.002017 0.004160
0 0.359951 0.047361 0.003906 0.011724
0 0.363218 0.181558 0.004541 0.007432
0 0.363594 0.189119 0.002773 0.004917
0 0.361262 0.199390 0.002144 0.009072
0 0.312988 0.228108 0.002520 0.005884
0 0.313252 0.253838 0.002207 0.004834
0 0.364924 0.276155 0.002837 0.010396
0 0.314138 0.280146 0.002095 0.012705
0 0.317925 0.287971 0.003154 0.010503
0 0.364136 0.302253 0.002939 0.007144
0 0.315667 0.336858 0.002622 0.005356
0 0.318030 0.347781 0.002944 0.007036
0 0.366658 0.358547 0.002310 0.005044
0 0.366182 0.365479 0.003047 0.005254
0 0.366394 0.386589 0.002837 0.006509
0 0.364607 0.401924 0.004097 0.007979
0 0.319080 0.381863 0.003364 0.008188
0 0.316191 0.393889 0.002412 0.006196
0 0.317241 0.409221 0.003047 0.004937
0 0.319026 0.400454 0.002417 0.004619
0 0.364451 0.419934 0.002944 0.004937
0 0.367129 0.428232 0.003047 0.005986
0 0.318975 0.440781 0.002520 0.009453
0 0.321338 0.446980 0.002207 0.003989
0 0.363191 0.437212 0.003149 0.005039
0 0.364136 0.470662 0.002520 0.007456
0 0.366970 0.474233 0.002729 0.008086
0 0.330884 0.576255 0.002939 0.011445
0 0.333457 0.583555 0.002207 0.008613
0 0.338027 0.559712 0.004619 0.004834
0 0.344231 0.539431 0.003325 0.011646
0 0.337969 0.619705 0.002266 0.003931
0 0.338574 0.623486 0.002871 0.003936
0 0.333735 0.623657 0.002715 0.004990
0 0.334524 0.616350 0.002710 0.002974
0 0.341130 0.638887 0.003677 0.005166
0 0.338813 0.646589 0.003066 0.004292
0 0.333425 0.631382 0.002202 0.005254
0 0.344558 0.648450 0.002417 0.008296
0 0.330134 0.671145 0.003403 0.003149
0 0.341226 0.677070 0.002900 0.004160
0 0.344502 0.676125 0.002139 0.004790
0 0.345620 0.759607 0.004414 0.006929
0 0.347825 0.782864 0.002524 0.005366
0 0.348035 0.802715 0.003149 0.006836
0 0.347825 0.815054 0.003149 0.010723
0 0.347646 0.864421 0.004727 0.011655
0 0.344526 0.883430 0.004033 0.009702
0 0.343960 0.920168 0.003154 0.006304
0 0.348560 0.919412 0.004033 0.005796
0 0.346165 0.942227 0.004282 0.008066
0 0.345598 0.951047 0.003911 0.006304
