0 0.218420 0.182161 0.003647 0.008745
0 0.223157 0.324861 0.003208 0.017046
0 0.223577 0.363757 0.003208 0.012319
0 0.225479 0.398015 0.003965 0.010464
0 0.226787 0.424277 0.003398 0.009785
0 0.225586 0.504900 0.003799 0.014175
0 0.230068 0.548860 0.003037 0.010464
0 0.234351 0.621326 0.004150 0.008101
0 0.235869 0.631758 0.004756 0.010732
0 0.243145 0.759155 0.002275 0.005654
0 0.242007 0.772827 0.003711 0.006836
0 0.242317 0.793303 0.003208 0.008267
0 0.244419 0.830107 0.003291 0.007422
0 0.246106 0.851033 0.003628 0.008101
0 0.243237 0.864280 0.003125 0.010298
0 0.246292 0.910078 0.003120 0.007090
0 0.250681 0.953320 0.002954 0.009365
0 0.247686 0.960029 0.002363 0.005908
0 0.250850 0.994580 0.002617 0.008184
0 0.472361 0.435083 0.004233 0.012090
0 0.473833 0.478223 0.005830 0.012832
0 0.473687 0.522837 0.004375 0.010791
0 0.477698 0.589104 0.003647 0.011226
0 0.477480 0.632915 0.004375 0.011953
0 0.483237 0.650559 0.002480 0.006704
0 0.480032 0.650413 0.003354 0.004956
0 0.482073 0.702827 0.003354 0.010937
0 0.484185 0.725061 0.004082 0.005542
0 0.486958 0.778059 0.004082 0.013560
0 0.488850 0.830767 0.003208 0.010498
0 0.493225 0.847678 0.003208 0.011372
0 0.492424 0.872610 0.004810 0.013413
0 0.495339 0.905928 0.004810 0.015020
0 0.497163 0.939023 0.003789 0.010352
0 0.492644 0.941501 0.003208 0.004810
0 0.498618 0.970007 0.006416 0.019536
0 0.672004 0.078018 0.005835 0.016768
0 0.695042 0.059280 0.006997 0.004956
0 0.685200 0.390903 0.004229 0.009766
0 0.688042 0.525039 0.006123 0.010352
0 0.690669 0.564915 0.004375 0.008745
0 0.701172 0.786289 0.004023 0.011025
0 0.704407 0.850410 0.003149 0.006299
0 0.706506 0.904824 0.004546 0.011201
0 0.709392 0.980581 0.002974 0.007002
