0 0.510674 0.185308 0.006709 0.004746
0 0.032593 0.050393 0.001758 0.007417
0 0.030403 0.055605 0.003667 0.008281
0 0.037524 0.061089 0.004063 0.009375
0 0.055024 0.062729 0.004687 0.007344
0 0.110967 0.078433 0.007500 0.008750
0 0.131514 0.081870 0.003906 0.010312
0 0.149717 0.087886 0.005000 0.008281
0 0.198232 0.103589 0.009219 0.005937
0 0.216201 0.110620 0.008594 0.009063
0 0.192075 0.015244 0.006719 0.010781
0 0.294534 0.043335 0.003003 0.015186
0 0.292095 0.066399 0.003379 0.009937
0 0.290032 0.080178 0.003374 0.007124
0 0.288252 0.095742 0.002061 0.005996
0 0.277864 0.134407 0.003940 0.006001
0 0.295208 0.135342 0.008628 0.011250
0 0.306646 0.142092 0.007500 0.010874
0 0.328958 0.149968 0.007876 0.007876
0 0.356672 0.169001 0.003374 0.009937
0 0.363083 0.164780 0.008999 0.006748
0 0.375740 0.169844 0.005815 0.006377
0 0.390552 0.173875 0.007686 0.007690
0 0.358374 0.087510 0.003594 0.006562
0 0.362747 0.031208 0.004497 0.016421
0 0.325562 0.187686 0.010312 0.004375
0 0.241030 0.194639 0.010000 0.005469
0 0.231733 0.196592 0.007969 0.005625
0 0.219233 0.196982 0.009844 0.006094
0 0.188452 0.195342 0.011719 0.005312
0 0.064541 0.175449 0.011875 0.008437
0 0.063760 0.197715 0.009375 0.005781
0 0.019854 0.196465 0.005313 0.005469
0 0.016104 0.153027 0.010000 0.006094
0 0.025674 0.190195 0.007158 0.006514
0 0.353589 0.206743 0.002930 0.006406
0 0.408352 0.183347 0.005425 0.004233
0 0.423870 0.185193 0.013188 0.004517
0 0.428926 0.189998 0.005088 0.004585
0 0.437905 0.189026 0.009482 0.007407
0 0.448987 0.189873 0.007915 0.005459
0 0.476914 0.188433 0.010928 0.008135
0 0.487993 0.188130 0.008965 0.006631
0 0.494963 0.186814 0.003618 0.003237
0 0.499258 0.191748 0.004072 0.004219
0 0.517510 0.189119 0.005273 0.003315
0 0.528345 0.187002 0.009043 0.003916
0 0.542737 0.183423 0.008286 0.004443
0 0.575256 0.186138 0.005786 0.005244
0 0.582490 0.184734 0.006152 0.004976
0 0.600125 0.163438 0.003257 0.008320
0 0.604734 0.125579 0.004790 0.006958
0 0.624246 0.080127 0.003579 0.009609
0 0.627083 0.088564 0.003521 0.014365
0 0.705708 0.008511 0.004062 0.011562
0 0.564558 0.281570 0.003979 0.008589
0 0.148132 0.634795 0.004312 0.009561
0 0.128083 0.294895 0.004233 0.004995
0 0.571538 0.768340 0.002500 0.008135
0 0.568662 0.767200 0.001953 0.003472
0 0.573545 0.808215 0.003037 0.007378
0 0.578645 0.848040 0.002388 0.006948
0 0.578196 0.900908 0.002896 0.005518
0 0.576069 0.932241 0.001719 0.003975
0 0.576116 0.946619 0.002710 0.005786
0 0.578647 0.963708 0.002715 0.010854
0 0.578828 0.973972 0.001807 0.005698
