0 0.457603 0.801719 0.006016 0.013854
0 0.914866 0.784590 0.001890 0.004622
0 0.456980 0.820820 0.003716 0.006706
0 0.461355 0.919538 0.003608 0.008893
0 0.458064 0.928011 0.002505 0.014277
0 0.458118 0.944167 0.002456 0.012852
0 0.913494 0.116374 0.003306 0.008190
0 0.915461 0.124352 0.003149 0.007767
0 0.443342 0.133398 0.003169 0.019102
0 0.911794 0.789840 0.002993 0.005879
0 0.914785 0.793092 0.002363 0.009453
0 0.911284 0.828255 0.002842 0.011667
0 0.913691 0.840645 0.003496 0.008164
0 0.912925 0.861862 0.002627 0.005104
0 0.908591 0.939271 0.002622 0.007174
0 0.906821 0.972077 0.005117 0.013997
0 0.455886 0.626657 0.005356 0.009186
0 0.457666 0.639626 0.003281 0.010449
0 0.456555 0.689886 0.006294 0.024355
0 0.451863 0.408350 0.002954 0.006999
0 0.446990 0.429219 0.002974 0.009284
0 0.453223 0.437360 0.003545 0.009368
0 0.455159 0.454701 0.005317 0.014518
0 0.450254 0.452884 0.004238 0.023372
0 0.442424 0.098932 0.003716 0.019974
0 0.446865 0.179215 0.004102 0.008809
0 0.448950 0.235713 0.003184 0.007533
0 0.446912 0.297100 0.003022 0.012598
0 0.452388 0.371286 0.003936 0.013118
0 0.446648 0.365527 0.004702 0.016471
0 0.453716 0.654229 0.005195 0.018887
0 0.460928 0.785680 0.006836 0.014824
0 0.454836 0.736006 0.003735 0.012741
0 0.459890 0.749375 0.006382 0.013490
0 0.916506 0.194678 0.002886 0.007350
0 0.440444 0.076800 0.001641 0.006712
0 0.443508 0.078766 0.002954 0.010645
0 0.444651 0.046240 0.004067 0.016270
0 0.441438 0.033991 0.003149 0.012422
0 0.439141 0.021221 0.002490 0.007520
0 0.439993 0.010199 0.003149 0.014876
0 0.458022 0.764320 0.004463 0.012754
0 0.456565 0.507230 0.003716 0.015163
0 0.452683 0.519404 0.004263 0.011230
0 0.917085 0.363617 0.004570 0.007350
0 0.916628 0.495840 0.002993 0.008398
0 0.454246 0.610983 0.002954 0.018372
0 0.919385 0.526494 0.002832 0.008822
0 0.916470 0.539720 0.002363 0.010078
0 0.919385 0.547490 0.002832 0.013861
0 0.917810 0.573525 0.003618 0.010501
0 0.917495 0.704535 0.002520 0.007767
