0 0.178940 0.676409 0.008262 0.008989
0 0.504268 0.754902 0.008506 0.010527
0 0.473013 0.717075 0.007002 0.007256
0 0.462507 0.706611 0.008608 0.010293
0 0.448113 0.687012 0.005767 0.006748
0 0.425859 0.653442 0.006445 0.007178
0 0.392378 0.612754 0.004023 0.010781
0 0.367610 0.575239 0.007593 0.008506
0 0.370974 0.583154 0.006538 0.005342
0 0.377786 0.587585 0.004810 0.005991
0 0.358030 0.564417 0.007085 0.007788
0 0.337363 0.538569 0.008506 0.008789
0 0.288828 0.469387 0.006680 0.007798
0 0.269541 0.448479 0.006387 0.010659
0 0.222844 0.382512 0.005972 0.007593
0 0.150732 0.279634 0.007188 0.010127
0 0.172739 0.314880 0.006299 0.011743
0 0.566204 0.830171 0.006411 0.008350
0 0.587537 0.858926 0.005063 0.006680
0 0.598569 0.870872 0.006885 0.008101
0 0.072617 0.528948 0.006885 0.007280
0 0.115745 0.580972 0.005103 0.006318
0 0.111128 0.577690 0.004375 0.006074
0 0.135906 0.612473 0.004263 0.009331
0 0.163684 0.656748 0.005552 0.008760
0 0.195649 0.692390 0.004893 0.006138
