0 0.342727 0.460862 0.003413 0.007788
0 0.340754 0.475435 0.003501 0.004727
0 0.341851 0.500901 0.004990 0.013481
0 0.342288 0.531228 0.009360 0.014790
0 0.346182 0.567725 0.004199 0.005166
0 0.345437 0.593762 0.005864 0.021704
0 0.346094 0.616472 0.004727 0.015493
0 0.340667 0.639753 0.005776 0.007437
0 0.347800 0.645925 0.003413 0.005601
0 0.350735 0.656951 0.003325 0.010503
0 0.347231 0.660715 0.004727 0.009624
0 0.349116 0.671743 0.004463 0.011553
0 0.352913 0.716133 0.005249 0.007441
0 0.335505 0.284375 0.003149 0.004023
0 0.337429 0.270415 0.003501 0.004639
0 0.333142 0.276541 0.004028 0.005513
0 0.336953 0.246223 0.003906 0.007817
0 0.334434 0.233306 0.003906 0.009453
0 0.335378 0.219507 0.004536 0.016133
0 0.335945 0.198772 0.006177 0.010210
0 0.335559 0.147163 0.006353 0.011982
0 0.126382 0.263652 0.004785 0.007812
0 0.335066 0.303542 0.003677 0.009976
0 0.351995 0.744971 0.003237 0.007529
0 0.336694 0.780339 0.004199 0.003853
0 0.354243 0.819058 0.003760 0.011553
0 0.359407 0.858616 0.003413 0.007524
0 0.356001 0.899851 0.003770 0.011548
0 0.333491 0.320696 0.004199 0.007349
0 0.336555 0.329231 0.003325 0.005337
0 0.334629 0.344065 0.006123 0.008228
0 0.333884 0.353254 0.003765 0.005073
0 0.330603 0.365552 0.005425 0.011465
0 0.336687 0.366775 0.004116 0.008315
0 0.337036 0.383142 0.006914 0.017769
0 0.337913 0.432678 0.010415 0.015493
0 0.339180 0.460029 0.004023 0.012256
