0 0.110269 0.021932 0.005215 0.009357
0 0.086506 0.007239 0.002134 0.008789
0 0.105083 0.001808 0.002432 0.003615
0 0.127632 0.012051 0.002607 0.010267
0 0.130356 0.008676 0.002373 0.008720
0 0.135049 0.056330 0.003154 0.007491
0 0.084961 0.083311 0.002988 0.006379
0 0.088416 0.088326 0.003413 0.004855
0 0.088501 0.095362 0.001875 0.005162
0 0.091873 0.090298 0.002134 0.005568
0 0.089395 0.078201 0.001621 0.006889
0 0.133030 0.097688 0.001187 0.008297
0 0.135605 0.096353 0.003262 0.006889
0 0.135164 0.117656 0.002134 0.008441
0 0.134153 0.131011 0.003101 0.006645
0 0.090447 0.197882 0.003374 0.008082
0 0.137100 0.212746 0.002070 0.008227
0 0.134788 0.201952 0.001479 0.005342
0 0.138428 0.249852 0.002920 0.009368
0 0.091248 0.264490 0.003130 0.007590
0 0.138926 0.269215 0.003486 0.009276
0 0.095776 0.400185 0.003320 0.006419
0 0.313440 0.180582 0.001841 0.006564
0 0.313745 0.149817 0.002949 0.009183
0 0.322397 0.013175 0.002090 0.020846
0 0.317544 0.034899 0.003438 0.009473
0 0.314165 0.073242 0.003320 0.006854
0 0.361841 0.023598 0.002900 0.006582
0 0.312646 0.005776 0.002305 0.005365
0 0.317212 0.007445 0.002559 0.005469
0 0.362224 0.070061 0.002476 0.016889
0 0.312434 0.094015 0.002222 0.007289
0 0.363777 0.152616 0.003208 0.010933
0 0.107783 0.526608 0.002969 0.010689
0 0.136235 0.163737 0.002783 0.006188
0 0.089692 0.171170 0.003506 0.010139
0 0.088936 0.123592 0.002559 0.009108
