0 0.337739 0.492456 0.005479 0.006787
0 0.297834 0.564443 0.005796 0.012031
0 0.264917 0.625334 0.006494 0.006157
0 0.235427 0.669514 0.003550 0.007290
0 0.331792 0.505066 0.003926 0.004751
0 0.522144 0.620483 0.005693 0.008574
0 0.497717 0.662886 0.007173 0.008867
0 0.487769 0.675110 0.006562 0.008140
0 0.474561 0.698074 0.005273 0.006802
0 0.444463 0.746348 0.003516 0.004922
0 0.417935 0.782078 0.006201 0.007378
0 0.613042 0.027649 0.006943 0.015679
0 0.357290 0.465103 0.008311 0.009492
0 0.377102 0.432209 0.004136 0.006870
0 0.372598 0.439927 0.004150 0.004980
0 0.370247 0.445598 0.003579 0.004409
