0 0.450354 0.586389 0.002026 0.005483
0 0.219480 0.099658 0.002124 0.012959
0 0.219934 0.115251 0.003647 0.008306
0 0.222717 0.137224 0.003140 0.014780
0 0.220188 0.150488 0.002534 0.010527
0 0.217444 0.173066 0.002534 0.008506
0 0.220991 0.167041 0.003535 0.007998
0 0.225396 0.184304 0.003027 0.007495
0 0.218208 0.191897 0.002422 0.008101
0 0.224695 0.194734 0.002837 0.005464
0 0.217900 0.237715 0.002832 0.010430
0 0.223782 0.224451 0.002837 0.008003
0 0.220891 0.240549 0.002339 0.007798
0 0.218005 0.252041 0.002622 0.008301
0 0.225903 0.271025 0.002217 0.004961
0 0.217808 0.282417 0.001621 0.006885
0 0.225654 0.291074 0.002529 0.013262
0 0.226667 0.325649 0.003950 0.006279
0 0.221707 0.327017 0.002935 0.013057
0 0.224026 0.336636 0.003745 0.004961
0 0.221201 0.348430 0.002529 0.007290
0 0.218362 0.355266 0.001528 0.005972
0 0.225200 0.369390 0.003242 0.007090
0 0.225745 0.399207 0.002329 0.006987
0 0.226516 0.410952 0.003647 0.005977
0 0.219868 0.417676 0.002334 0.015020
0 0.221326 0.375833 0.004956 0.013560
0 0.223652 0.452207 0.005225 0.017012
0 0.226387 0.468489 0.002188 0.008989
0 0.220190 0.469702 0.002432 0.004619
0 0.223713 0.480942 0.003403 0.006436
0 0.224504 0.498621 0.002065 0.008501
0 0.228027 0.521643 0.001826 0.005952
0 0.224807 0.535435 0.002915 0.009961
0 0.220737 0.543635 0.002549 0.012515
0 0.222986 0.587800 0.002427 0.011665
0 0.220251 0.587620 0.002065 0.006440
0 0.220920 0.578203 0.001948 0.006074
0 0.222866 0.606270 0.002188 0.008018
0 0.228818 0.612466 0.002188 0.008994
0 0.225112 0.601592 0.002793 0.009844
0 0.227844 0.603352 0.002671 0.005103
0 0.229070 0.627092 0.002954 0.009028
0 0.224597 0.634812 0.003628 0.005571
0 0.222314 0.648120 0.003945 0.014785
0 0.228845 0.649336 0.003442 0.007490
0 0.223984 0.661030 0.004453 0.008809
0 0.224490 0.675154 0.004253 0.010122
0 0.228330 0.690208 0.003672 0.007524
0 0.224456 0.689146 0.001948 0.008262
0 0.225247 0.708281 0.002554 0.009600
0 0.228220 0.718003 0.003159 0.007412
0 0.223728 0.717698 0.002915 0.007778
0 0.223970 0.728267 0.002676 0.011904
0 0.224243 0.754121 0.002363 0.008437
0 0.230996 0.756482 0.002363 0.007085
0 0.228337 0.762810 0.002280 0.005396
0 0.226919 0.771577 0.002520 0.010918
0 0.224504 0.780291 0.002729 0.008188
0 0.231013 0.783020 0.003149 0.008608
0 0.225381 0.817551 0.002227 0.008101
0 0.229644 0.824082 0.003037 0.007393
0 0.231821 0.818970 0.002529 0.006279
0 0.229026 0.834968 0.003237 0.007085
0 0.227153 0.843979 0.002529 0.007490
0 0.231365 0.846003 0.002837 0.005874
0 0.228877 0.853496 0.004150 0.009316
0 0.227864 0.862559 0.002124 0.005771
0 0.231897 0.876655 0.002915 0.006709
0 0.226428 0.880227 0.002769 0.007729
0 0.227449 0.888171 0.002769 0.006997
0 0.227554 0.906665 0.003525 0.009717
0 0.224268 0.926782 0.002432 0.009414
0 0.224219 0.937361 0.003340 0.011743
0 0.230798 0.927390 0.002534 0.006987
0 0.225325 0.947625 0.002866 0.008354
0 0.222668 0.988474 0.004858 0.019946
0 0.447358 0.015632 0.003281 0.007896
0 0.443958 0.018308 0.003276 0.008384
0 0.444077 0.035378 0.003037 0.007046
0 0.445840 0.045886 0.001943 0.004253
0 0.444990 0.062229 0.002920 0.009722
0 0.446672 0.096016 0.002935 0.007998
0 0.443484 0.102800 0.002837 0.007593
0 0.450371 0.121326 0.003037 0.006782
0 0.446877 0.137627 0.003745 0.007393
0 0.448293 0.159600 0.002329 0.007598
0 0.444397 0.158486 0.001821 0.005566
0 0.445662 0.166130 0.003950 0.009312
0 0.450591 0.188818 0.002187 0.012148
0 0.448831 0.198904 0.002065 0.007290
0 0.448828 0.208867 0.003037 0.009717
0 0.450408 0.215305 0.002065 0.004858
0 0.452231 0.227092 0.002793 0.006802
0 0.447249 0.232197 0.004253 0.008506
0 0.451624 0.246167 0.002310 0.006318
0 0.448831 0.247808 0.002065 0.010811
0 0.445488 0.244102 0.002676 0.005586
0 0.450835 0.257712 0.002432 0.007290
0 0.445002 0.269070 0.002671 0.006685
0 0.448770 0.273262 0.002432 0.010205
0 0.448406 0.301487 0.003237 0.013784
0 0.447595 0.332065 0.002632 0.012969
0 0.449822 0.330447 0.001821 0.008101
0 0.447292 0.359712 0.004253 0.013164
0 0.446763 0.379373 0.002627 0.007290
0 0.452302 0.380833 0.002915 0.009038
0 0.447534 0.393550 0.003379 0.010293
0 0.447117 0.424712 0.002798 0.009355
0 0.450579 0.409526 0.002427 0.007168
0 0.454041 0.435100 0.002065 0.016528
0 0.449546 0.438928 0.002549 0.006685
0 0.449424 0.452476 0.002793 0.008018
0 0.449487 0.473191 0.004375 0.014214
0 0.453860 0.487407 0.002183 0.013730
0 0.447239 0.495791 0.001821 0.007412
0 0.450881 0.497490 0.002310 0.016885
0 0.449487 0.511587 0.002432 0.009355
0 0.453008 0.512861 0.002188 0.004375
0 0.446570 0.529324 0.002427 0.012271
0 0.450581 0.521245 0.002188 0.008750
0 0.453010 0.542686 0.002954 0.010547
0 0.449045 0.545681 0.004136 0.012993
0 0.446895 0.562173 0.003037 0.008184
0 0.454529 0.563989 0.003120 0.008437
0 0.446934 0.578291 0.002109 0.005312
0 0.218359 0.089028 0.002139 0.007090
0 0.452932 0.603467 0.003208 0.008164
0 0.447461 0.604199 0.003936 0.010498
0 0.449285 0.630806 0.003501 0.011807
0 0.452710 0.639336 0.003936 0.012832
0 0.446807 0.639409 0.002334 0.006855
0 0.449431 0.668787 0.004370 0.015747
0 0.452639 0.700205 0.003501 0.012393
0 0.448264 0.708591 0.002915 0.005249
0 0.452639 0.715005 0.003208 0.008164
0 0.447231 0.719751 0.002109 0.006328
0 0.449797 0.724775 0.002319 0.007100
0 0.445859 0.738066 0.002461 0.007383
0 0.453628 0.742988 0.002109 0.019053
0 0.449270 0.743936 0.002954 0.007314
0 0.453491 0.757544 0.002109 0.005977
0 0.452693 0.768376 0.003159 0.007290
0 0.448745 0.772444 0.003525 0.008140
0 0.452754 0.784717 0.004492 0.014941
0 0.448137 0.783806 0.003765 0.005347
0 0.448442 0.796987 0.002432 0.007656
0 0.451235 0.795652 0.001699 0.005464
0 0.455247 0.806282 0.002915 0.009966
0 0.453667 0.827424 0.002432 0.011177
0 0.448079 0.829429 0.003159 0.006436
0 0.451807 0.853193 0.002734 0.007793
0 0.448921 0.853245 0.002432 0.007896
0 0.443049 0.872834 0.003042 0.011440
0 0.447078 0.876838 0.002671 0.012056
0 0.442996 0.903499 0.003374 0.013501
0 0.450042 0.898435 0.003120 0.006753
0 0.442573 0.978135 0.003711 0.008018
0 0.445398 0.985391 0.002954 0.004473
0 0.678088 0.018816 0.002310 0.013364
0 0.681489 0.011162 0.003281 0.007529
0 0.675293 0.004116 0.002549 0.006318
0 0.680254 0.034302 0.002461 0.006680
0 0.676562 0.032297 0.002949 0.007310
0 0.676704 0.049033 0.002393 0.013359
0 0.676914 0.065547 0.002529 0.004922
0 0.682961 0.088330 0.002251 0.010830
0 0.680254 0.095010 0.002041 0.003936
0 0.678396 0.088896 0.001460 0.007578
0 0.681021 0.104060 0.002627 0.006704
0 0.684229 0.110110 0.002334 0.007729
0 0.678142 0.127090 0.003237 0.007695
0 0.681279 0.128757 0.002432 0.004556
0 0.684167 0.136707 0.002329 0.004253
0 0.683052 0.143948 0.002734 0.009214
0 0.681504 0.155903 0.002529 0.009619
0 0.684792 0.161067 0.002632 0.010024
0 0.685554 0.178079 0.003140 0.012251
0 0.679172 0.183191 0.003140 0.007290
0 0.683225 0.188000 0.003745 0.006177
0 0.688064 0.193862 0.002554 0.006562
0 0.681746 0.199634 0.004253 0.005713
0 0.687395 0.211663 0.002915 0.008872
0 0.685330 0.215854 0.002671 0.011904
0 0.681199 0.242036 0.002427 0.005469
0 0.685996 0.236750 0.003037 0.011665
0 0.682568 0.276919 0.002441 0.006709
0 0.689709 0.288364 0.002769 0.008018
0 0.683513 0.299885 0.003208 0.005396
0 0.689929 0.302217 0.003208 0.005684
0 0.687012 0.320369 0.001748 0.009331
0 0.687302 0.311548 0.002915 0.007148
0 0.684104 0.341416 0.002026 0.006582
0 0.691345 0.336150 0.002534 0.005972
0 0.690872 0.383608 0.002915 0.004375
0 0.688987 0.390593 0.002554 0.008140
0 0.690994 0.395454 0.000972 0.004736
0 0.691292 0.419807 0.002622 0.005425
0 0.688250 0.426003 0.001772 0.004810
0 0.685063 0.442551 0.003496 0.007349
0 0.687751 0.466099 0.003120 0.008184
0 0.691868 0.469778 0.002925 0.009214
0 0.691062 0.484004 0.002124 0.007695
0 0.687161 0.502585 0.003442 0.010630
0 0.692327 0.499092 0.002837 0.010937
0 0.691516 0.520051 0.002837 0.008911
0 0.694048 0.524707 0.003037 0.008096
0 0.692524 0.540400 0.003232 0.019844
0 0.688823 0.556985 0.002734 0.005571
0 0.692012 0.568325 0.003643 0.012051
0 0.690706 0.580962 0.003745 0.006787
0 0.691619 0.591897 0.003950 0.005972
0 0.693992 0.601082 0.002915 0.008745
0 0.692136 0.628630 0.003237 0.007310
0 0.691174 0.648633 0.003628 0.009873
0 0.696616 0.656819 0.003037 0.008013
0 0.695437 0.665593 0.004722 0.006499
0 0.697632 0.675381 0.003711 0.008691
0 0.691599 0.697234 0.002446 0.011050
0 0.697837 0.698569 0.003848 0.010322
0 0.692063 0.710466 0.003149 0.011021
0 0.695737 0.709504 0.003848 0.010845
0 0.698186 0.721687 0.003208 0.005229
0 0.695825 0.727593 0.003545 0.009111
0 0.699885 0.768701 0.003042 0.008018
0 0.696118 0.769309 0.003037 0.007778
0 0.693569 0.776721 0.003037 0.011665
0 0.693689 0.785530 0.003276 0.005708
0 0.694390 0.801289 0.002627 0.005078
0 0.700371 0.800815 0.004619 0.014941
0 0.696497 0.833218 0.005103 0.008018
0 0.697773 0.863777 0.005225 0.011060
0 0.901211 0.012014 0.003281 0.010571
0 0.903398 0.038318 0.002549 0.008745
0 0.900845 0.073188 0.003525 0.007529
0 0.903701 0.067295 0.002432 0.005957
0 0.904370 0.079687 0.002305 0.007168
0 0.904734 0.094814 0.002798 0.005586
0 0.907163 0.140195 0.003037 0.009844
0 0.905039 0.149915 0.003887 0.007896
0 0.907043 0.179561 0.002065 0.004980
0 0.906011 0.215647 0.002676 0.012271
0 0.909048 0.218806 0.002432 0.004009
0 0.907163 0.245293 0.002549 0.004014
0 0.910078 0.247539 0.003037 0.008018
0 0.911355 0.263945 0.002671 0.004131
0 0.912876 0.296079 0.003281 0.009355
0 0.912571 0.326697 0.002671 0.010815
0 0.912327 0.339880 0.002915 0.008989
0 0.914211 0.349175 0.003276 0.013242
0 0.914451 0.420857 0.002446 0.007593
0 0.917063 0.426213 0.002446 0.005825
0 0.917107 0.445789 0.002358 0.013081
0 0.915515 0.452507 0.002065 0.007681
0 0.915461 0.464392 0.003628 0.007759
0 0.916885 0.485151 0.001758 0.005137
0 0.919978 0.489053 0.003306 0.007031
0 0.917798 0.496716 0.002461 0.009702
0 0.921243 0.505964 0.002319 0.002739
0 0.918467 0.524282 0.003232 0.008437
0 0.922615 0.530750 0.003940 0.017017
0 0.923486 0.574207 0.003535 0.005669
0 0.926250 0.597375 0.003281 0.006558
0 0.926980 0.623865 0.002065 0.003159
0 0.927710 0.631030 0.003525 0.010693
0 0.927346 0.638684 0.002065 0.004858
0 0.927588 0.665718 0.003525 0.009111
0 0.926799 0.673616 0.004858 0.005708
0 0.931538 0.691660 0.003887 0.008506
0 0.933481 0.718875 0.004131 0.005103
0 0.934028 0.730417 0.003281 0.008745
0 0.936882 0.750164 0.002915 0.008628
0 0.930020 0.753867 0.007168 0.008262
0 0.933301 0.746699 0.003037 0.004131
0 0.938037 0.794509 0.002793 0.009116
0 0.932146 0.826770 0.003159 0.007290
0 0.935789 0.839041 0.002915 0.007534
0 0.935544 0.854834 0.003159 0.010693
0 0.935762 0.911094 0.003350 0.008311
0 0.935818 0.933882 0.004956 0.010059
0 0.218713 0.081638 0.002622 0.007290
0 0.215930 0.077891 0.001714 0.007090
0 0.221599 0.083105 0.003149 0.014678
0 0.220591 0.063818 0.002734 0.007490
0 0.218669 0.037847 0.001519 0.004355
0 0.220137 0.031721 0.002227 0.005063
0 0.218062 0.027317 0.001924 0.008608
0 0.222212 0.004333 0.003340 0.006987
0 0.221750 0.018660 0.002847 0.014780
