0 0.461614 0.946663 0.003374 0.012603
0 0.890950 0.058657 0.002915 0.007510
0 0.894692 0.112847 0.002334 0.007588
0 0.897356 0.117002 0.002261 0.007148
0 0.903992 0.225906 0.003149 0.009536
0 0.907622 0.254727 0.002979 0.006123
0 0.911682 0.308708 0.003413 0.009888
0 0.908313 0.307046 0.003677 0.009365
0 0.913633 0.323892 0.003467 0.008398
0 0.913154 0.378142 0.004014 0.011177
0 0.914915 0.387739 0.003159 0.007051
0 0.451213 0.556572 0.003540 0.005234
0 0.445718 0.533250 0.004023 0.009624
0 0.448184 0.299434 0.006123 0.018721
0 0.448181 0.508611 0.003403 0.016685
0 0.448428 0.465964 0.002744 0.006470
0 0.448391 0.445078 0.002534 0.005625
0 0.445649 0.440933 0.001973 0.003799
0 0.445471 0.353584 0.003149 0.006299
0 0.447134 0.318154 0.004375 0.006123
0 0.914756 0.455317 0.003037 0.006680
0 0.919072 0.469897 0.004375 0.007412
0 0.922825 0.581047 0.002310 0.004829
0 0.921040 0.619570 0.002520 0.005039
0 0.921101 0.647505 0.002837 0.004658
0 0.923228 0.653225 0.003643 0.005972
0 0.923291 0.689597 0.002871 0.003882
0 0.923081 0.696982 0.003291 0.005146
0 0.925315 0.704534 0.003374 0.005063
0 0.924236 0.740198 0.002671 0.007290
0 0.926770 0.808015 0.002632 0.004761
0 0.926506 0.831067 0.002798 0.010669
0 0.929045 0.838677 0.002974 0.006650
0 0.927681 0.871130 0.002363 0.004644
0 0.930042 0.870540 0.002358 0.003628
0 0.930261 0.911792 0.002788 0.010801
0 0.927561 0.917949 0.002954 0.007764
0 0.928572 0.933088 0.003140 0.008101
0 0.930852 0.955718 0.002632 0.007188
0 0.930598 0.961389 0.001724 0.003140
0 0.929077 0.965845 0.001924 0.005771
0 0.931611 0.972070 0.002734 0.008711
0 0.449097 0.616675 0.001992 0.004219
0 0.450793 0.585002 0.004048 0.008101
0 0.454058 0.593530 0.002275 0.011221
0 0.450425 0.663132 0.002529 0.010620
0 0.451416 0.628960 0.003936 0.007100
0 0.452610 0.619819 0.002388 0.011318
0 0.448110 0.573076 0.002695 0.005322
0 0.449214 0.484802 0.003936 0.009771
0 0.446733 0.480281 0.003350 0.006851
0 0.453164 0.608694 0.002432 0.009419
0 0.456860 0.609146 0.004150 0.010117
0 0.449951 0.566360 0.003213 0.009282
0 0.447219 0.409009 0.004028 0.009365
0 0.449075 0.220950 0.004175 0.008530
0 0.452239 0.657034 0.003149 0.014116
0 0.454504 0.678081 0.002397 0.006553
0 0.456155 0.691074 0.003364 0.005674
0 0.458379 0.732603 0.002939 0.005146
0 0.454021 0.728770 0.005356 0.020586
0 0.453130 0.752134 0.005674 0.017539
0 0.455796 0.777610 0.003154 0.008228
0 0.450852 0.635288 0.003657 0.005693
0 0.452820 0.783474 0.003149 0.007173
0 0.457549 0.790388 0.002451 0.004028
0 0.458401 0.813618 0.003286 0.010068
0 0.453914 0.810447 0.005542 0.009263
0 0.454731 0.831545 0.003467 0.010151
0 0.458481 0.822122 0.003936 0.005835
0 0.460508 0.863760 0.002627 0.005322
0 0.455842 0.879221 0.003501 0.006636
0 0.460037 0.877290 0.002407 0.006709
0 0.461931 0.884512 0.002993 0.007441
0 0.462114 0.916731 0.003281 0.006079
0 0.464724 0.936565 0.004204 0.010942
0 0.460740 0.957002 0.003765 0.007705
0 0.463108 0.972732 0.003257 0.008823
0 0.464419 0.984231 0.005254 0.007036
0 0.893757 0.057891 0.002700 0.004961
