0 0.945881 0.991480 0.004360 0.011545
0 0.462002 0.014219 0.003076 0.015568
0 0.465149 0.024716 0.003501 0.008223
0 0.464380 0.068104 0.002803 0.008223
0 0.465779 0.084203 0.003081 0.014170
0 0.466965 0.118049 0.002915 0.007186
0 0.466885 0.141184 0.003398 0.012357
0 0.471694 0.240085 0.004473 0.016398
0 0.470530 0.261529 0.005249 0.013608
0 0.470859 0.208178 0.004199 0.004621
0 0.474817 0.294252 0.004897 0.010495
0 0.470969 0.304383 0.002329 0.010647
0 0.470500 0.322390 0.003032 0.009042
0 0.472661 0.320275 0.001982 0.007729
0 0.475339 0.358770 0.002749 0.007796
0 0.472925 0.395375 0.003096 0.008651
0 0.477256 0.406166 0.002197 0.008791
0 0.474546 0.408089 0.003027 0.006777
0 0.478071 0.440806 0.002461 0.008864
0 0.477151 0.454106 0.002671 0.017466
0 0.479885 0.462082 0.002310 0.014884
0 0.475347 0.482002 0.001992 0.006447
0 0.481958 0.508104 0.002783 0.014243
0 0.476431 0.508053 0.003037 0.007802
0 0.477192 0.542549 0.002871 0.006331
0 0.483184 0.542970 0.003545 0.014133
0 0.484531 0.571984 0.002363 0.012869
0 0.478838 0.571612 0.002783 0.004322
0 0.482466 0.560220 0.002451 0.004115
0 0.481050 0.588632 0.001465 0.009402
0 0.480073 0.599438 0.002051 0.009768
0 0.485913 0.601740 0.002979 0.007875
0 0.483843 0.611282 0.002637 0.011648
0 0.485415 0.628022 0.001699 0.014286
0 0.487056 0.627216 0.002168 0.007253
0 0.481431 0.632198 0.002402 0.007839
0 0.478940 0.631172 0.002344 0.007839
0 0.483628 0.656703 0.001992 0.006447
0 0.485430 0.684139 0.001709 0.007692
0 0.490073 0.709908 0.002441 0.006044
0 0.489460 0.734328 0.002026 0.006459
0 0.489766 0.752622 0.002021 0.005574
0 0.485313 0.722302 0.002100 0.008059
0 0.492598 0.779707 0.001465 0.010769
0 0.491025 0.834054 0.002432 0.016105
0 0.490906 0.886386 0.002427 0.017167
0 0.494429 0.899377 0.002676 0.008510
0 0.493125 0.933919 0.001992 0.009231
0 0.492864 0.994420 0.003794 0.011160
0 0.691221 0.016459 0.002578 0.007033
0 0.695088 0.008144 0.003516 0.013553
0 0.691074 0.002625 0.002520 0.005250
0 0.691226 0.053980 0.001855 0.005592
0 0.695571 0.060366 0.002949 0.008437
0 0.693843 0.069280 0.002363 0.006862
0 0.693674 0.081148 0.004048 0.010977
0 0.696040 0.102998 0.002930 0.009744
0 0.697012 0.152827 0.003174 0.010745
0 0.692837 0.165433 0.003320 0.012027
0 0.696685 0.188968 0.004336 0.013480
0 0.694663 0.198162 0.002520 0.005495
0 0.695981 0.204866 0.004805 0.005861
0 0.691992 0.218266 0.002578 0.007912
0 0.692620 0.265250 0.002124 0.008730
0 0.694441 0.238437 0.002729 0.012076
0 0.692905 0.281963 0.004453 0.011520
0 0.694167 0.299368 0.002329 0.008858
0 0.693005 0.307723 0.002231 0.010122
0 0.697615 0.303736 0.002134 0.005946
0 0.695486 0.355876 0.004155 0.012534
0 0.696182 0.370345 0.002939 0.012863
0 0.693582 0.419530 0.003442 0.007717
0 0.698542 0.428773 0.003442 0.009243
0 0.693481 0.437314 0.002227 0.007595
0 0.696113 0.405665 0.003643 0.014432
0 0.696609 0.507598 0.002700 0.007381
0 0.693025 0.538883 0.002124 0.018864
0 0.698037 0.540275 0.002832 0.024432
0 0.696316 0.565846 0.003442 0.008480
0 0.696924 0.584457 0.003037 0.006960
0 0.693176 0.598065 0.002837 0.011136
0 0.697200 0.653636 0.003374 0.008126
0 0.697874 0.694618 0.002700 0.009921
0 0.698594 0.706429 0.003799 0.014127
0 0.693740 0.713926 0.004385 0.006960
0 0.697537 0.737610 0.001519 0.006856
0 0.698423 0.747103 0.002109 0.011496
0 0.694963 0.749426 0.001772 0.006435
0 0.695049 0.758602 0.003291 0.010659
0 0.699058 0.759869 0.002529 0.009176
0 0.697029 0.798339 0.004858 0.012149
0 0.696604 0.813001 0.002798 0.009872
0 0.700205 0.832454 0.002432 0.009243
0 0.704189 0.849676 0.002344 0.011282
0 0.704951 0.877039 0.004453 0.009597
0 0.691680 0.879420 0.003223 0.004103
0 0.711553 0.918962 0.002363 0.010024
0 0.691272 0.900684 0.002632 0.010379
0 0.688438 0.949045 0.003037 0.010128
0 0.718459 0.971273 0.004761 0.011520
0 0.719521 0.983239 0.003037 0.007088
0 0.681655 0.986593 0.002227 0.003419
0 0.924500 0.023251 0.002954 0.008333
0 0.925552 0.046355 0.003203 0.007277
0 0.922515 0.067930 0.002529 0.009707
0 0.921665 0.099396 0.004355 0.009841
0 0.922415 0.145195 0.004722 0.016630
0 0.925652 0.163898 0.002798 0.006783
0 0.923376 0.176804 0.003149 0.011593
0 0.924514 0.233135 0.002798 0.009115
0 0.921902 0.248175 0.003892 0.014286
0 0.924941 0.267695 0.002188 0.008358
0 0.922327 0.316230 0.004009 0.006990
0 0.925061 0.336740 0.002915 0.006081
0 0.921538 0.341600 0.002188 0.006081
0 0.921899 0.391618 0.002617 0.009182
0 0.925315 0.400479 0.002700 0.006856
0 0.925950 0.424533 0.002446 0.007283
0 0.922913 0.432338 0.002280 0.012979
0 0.925696 0.454283 0.003286 0.005379
0 0.922786 0.473590 0.003882 0.008535
0 0.926836 0.483455 0.002529 0.010134
0 0.924895 0.496114 0.001685 0.005684
0 0.926750 0.515159 0.002700 0.012357
0 0.926328 0.533831 0.003545 0.006026
0 0.924341 0.586505 0.002832 0.017723
0 0.927883 0.582772 0.002632 0.006203
0 0.925051 0.603153 0.003442 0.006709
0 0.925474 0.641511 0.003848 0.010128
0 0.927197 0.660372 0.004453 0.021270
0 0.928506 0.691767 0.002441 0.012912
0 0.927297 0.704936 0.003042 0.010885
0 0.930791 0.711389 0.002529 0.009115
0 0.930044 0.764386 0.003525 0.010177
0 0.933323 0.781023 0.003765 0.005769
0 0.933384 0.791731 0.002188 0.007747
0 0.930759 0.802714 0.002310 0.007747
0 0.937610 0.889292 0.005249 0.015226
0 0.942229 0.926767 0.002427 0.006990
