0 0.410327 0.345043 0.003096 0.008707
0 0.174236 0.030652 0.004438 0.008385
0 0.178313 0.001991 0.003511 0.003983
0 0.225593 0.058966 0.003716 0.007655
0 0.227141 0.084902 0.002476 0.005586
0 0.173464 0.068807 0.003306 0.008626
0 0.173774 0.092621 0.001650 0.005713
0 0.175527 0.101063 0.001650 0.010690
0 0.174133 0.108839 0.002993 0.005103
0 0.174980 0.161615 0.002725 0.008011
0 0.178286 0.169951 0.002510 0.010293
0 0.175920 0.180075 0.002651 0.008437
0 0.179255 0.178810 0.004302 0.007253
0 0.228430 0.192945 0.002368 0.006580
0 0.178931 0.206023 0.002148 0.006920
0 0.176602 0.211379 0.002793 0.006494
0 0.175884 0.201422 0.003223 0.006328
0 0.176350 0.218848 0.002866 0.005741
0 0.177031 0.228256 0.004082 0.008856
0 0.179543 0.257848 0.004214 0.008201
0 0.228577 0.233193 0.004731 0.011339
0 0.181555 0.276678 0.004946 0.011138
0 0.177219 0.279420 0.003296 0.013080
0 0.184077 0.358184 0.004160 0.011310
0 0.453003 0.061247 0.005322 0.016184
0 0.454302 0.084799 0.001982 0.005540
0 0.453933 0.102655 0.002476 0.005103
0 0.454985 0.114759 0.003096 0.006851
0 0.403206 0.100690 0.002603 0.008747
0 0.405620 0.093983 0.003223 0.008747
0 0.404299 0.126675 0.003306 0.005592
0 0.453435 0.133782 0.003511 0.011057
0 0.404609 0.157172 0.002480 0.016770
0 0.408687 0.171813 0.003408 0.020534
0 0.453591 0.169201 0.002583 0.006322
0 0.456121 0.178675 0.002271 0.014580
0 0.454470 0.192043 0.003921 0.007293
0 0.405642 0.205164 0.004126 0.019684
0 0.406157 0.234201 0.003096 0.013609
0 0.406470 0.259353 0.004131 0.013603
0 0.457771 0.245443 0.002476 0.005471
0 0.456379 0.263241 0.004233 0.013609
0 0.409465 0.307888 0.002065 0.009316
0 0.410369 0.334112 0.002495 0.006684
0 0.407273 0.337552 0.003013 0.010736
0 0.407874 0.356638 0.002153 0.005161
0 0.410583 0.374155 0.002925 0.014276
0 0.457295 0.372687 0.005508 0.011741
0 0.419111 0.468468 0.004463 0.009626
0 0.427156 0.524552 0.002915 0.008609
0 0.456436 0.397431 0.002666 0.008506
0 0.433977 0.610925 0.002993 0.008874
0 0.435549 0.792118 0.003716 0.010810
0 0.433960 0.873937 0.004111 0.006655
