0 0.421575 0.038372 0.003569 0.008188
0 0.421155 0.060728 0.004829 0.023096
0 0.423359 0.165706 0.004199 0.013013
0 0.422520 0.190059 0.004199 0.015957
0 0.422415 0.239399 0.003989 0.017637
0 0.423184 0.259260 0.001943 0.008608
0 0.425378 0.266770 0.001938 0.021938
0 0.424578 0.294109 0.004556 0.014683
0 0.423523 0.324143 0.002446 0.008101
0 0.425925 0.332581 0.002866 0.006411
0 0.426660 0.397441 0.003965 0.008779
0 0.426575 0.412036 0.004302 0.006582
0 0.424592 0.424778 0.003374 0.006919
0 0.427546 0.424736 0.002700 0.005146
0 0.426533 0.435747 0.004385 0.011475
0 0.424182 0.485510 0.004048 0.013267
0 0.425549 0.502671 0.004351 0.009316
0 0.425703 0.512747 0.005264 0.011040
0 0.423650 0.532695 0.003628 0.014004
0 0.426980 0.529150 0.002700 0.010459
0 0.426187 0.560681 0.003965 0.005903
0 0.427708 0.576799 0.006499 0.023794
0 0.429409 0.606311 0.005771 0.010835
0 0.427585 0.617854 0.004761 0.010229
0 0.432388 0.619580 0.002773 0.012344
0 0.428711 0.672617 0.009961 0.039189
0 0.429492 0.708748 0.009795 0.019419
0 0.421575 0.010657 0.003569 0.006929
0 0.433953 0.720554 0.004722 0.005249
0 0.425889 0.729023 0.004023 0.007002
