0 0.501677 0.222822 0.008384 0.008027
0 0.602212 0.069194 0.006689 0.009570
0 0.285117 0.534058 0.009424 0.013750
0 0.158030 0.720166 0.007183 0.008496
0 0.653535 0.063677 0.007373 0.007988
0 0.486128 0.247275 0.007168 0.013936
0 0.436528 0.314771 0.006758 0.005840
0 0.454929 0.292949 0.006304 0.008184
0 0.620984 0.039561 0.005718 0.006367
0 0.512922 0.211301 0.008940 0.010054
0 0.264639 0.199929 0.007441 0.008687
0 0.307656 0.131733 0.005391 0.016191
0 0.307229 0.138389 0.003901 0.006758
0 0.321765 0.117278 0.004487 0.007827
0 0.348926 0.078564 0.006084 0.005908
0 0.414719 0.346367 0.005161 0.005723
0 0.386287 0.389495 0.007651 0.007192
0 0.369373 0.412051 0.006636 0.006963
0 0.354958 0.432473 0.007935 0.008218
0 0.324194 0.473896 0.004053 0.004004
0 0.217910 0.263418 0.009238 0.012412
0 0.362856 0.053640 0.008398 0.010688
0 0.356467 0.064836 0.009624 0.010337
0 0.607158 0.057363 0.005557 0.006396
0 0.570034 0.120291 0.005273 0.006479
