0 0.204626 0.473601 0.005015 0.009913
0 0.205667 0.482202 0.002446 0.006126
0 0.207993 0.527182 0.003916 0.010931
0 0.206157 0.542199 0.003672 0.006853
0 0.209890 0.595489 0.003794 0.005835
0 0.209888 0.669410 0.004287 0.011373
0 0.215044 0.776838 0.003174 0.006510
0 0.216895 0.819250 0.003701 0.008610
0 0.222622 0.919921 0.003525 0.010919
0 0.222268 0.906905 0.003521 0.005038
0 0.224912 0.956454 0.004932 0.012595
0 0.414863 0.042743 0.003877 0.010500
0 0.413630 0.093551 0.003169 0.006719
0 0.415481 0.107618 0.003696 0.013013
0 0.415925 0.188741 0.002651 0.005102
0 0.417146 0.207938 0.002856 0.011664
0 0.417319 0.341163 0.003467 0.010937
0 0.417397 0.424296 0.002715 0.007033
0 0.416836 0.435337 0.002305 0.009988
0 0.418157 0.524127 0.002886 0.009919
0 0.417688 0.567563 0.002466 0.012554
0 0.416345 0.610221 0.002974 0.008098
0 0.418345 0.656594 0.003398 0.009721
0 0.418799 0.721344 0.003428 0.021873
0 0.418352 0.809351 0.003540 0.009279
0 0.418481 0.885017 0.004287 0.021576
0 0.419424 0.949061 0.004385 0.013002
