0 0.546340 0.198788 0.005142 0.012393
0 0.550024 0.159334 0.003701 0.013906
0 0.549399 0.186543 0.002939 0.012700
0 0.548936 0.249328 0.004395 0.023623
0 0.549006 0.228912 0.004819 0.015570
0 0.533132 0.056926 0.004253 0.009271
0 0.550671 0.380684 0.005308 0.025190
0 0.548630 0.440645 0.004897 0.017637
0 0.547810 0.474409 0.005103 0.022043
0 0.554150 0.585741 0.004531 0.010844
0 0.776284 0.090226 0.004844 0.009626
0 0.775691 0.103333 0.004604 0.010211
0 0.766243 0.106832 0.007915 0.009337
0 0.777444 0.160217 0.004233 0.008258
0 0.735308 0.362043 0.002695 0.007559
0 0.764084 0.426290 0.009800 0.016932
0 0.779148 0.393035 0.005142 0.009675
0 0.778779 0.406640 0.005879 0.014509
0 0.769719 0.387592 0.007349 0.018740
0 0.770942 0.404675 0.005879 0.013002
0 0.786055 0.674156 0.003184 0.008433
0 0.768923 0.781055 0.004136 0.011368
0 0.785164 0.802122 0.005669 0.017058
0 0.786819 0.814662 0.003306 0.006854
0 0.969753 0.257269 0.003823 0.013996
0 0.984351 0.292788 0.006377 0.009445
0 0.995889 0.343728 0.004170 0.011133
