0 0.143826 0.357375 0.002368 0.007720
0 0.147698 0.592158 0.002866 0.007100
0 0.148459 0.648962 0.002368 0.007476
0 0.146650 0.676360 0.002490 0.008970
0 0.146899 0.689126 0.002988 0.007598
0 0.144409 0.694419 0.002988 0.005732
0 0.147336 0.702639 0.003862 0.010210
0 0.144536 0.315654 0.003437 0.007324
0 0.142075 0.398049 0.003252 0.007534
0 0.144656 0.408381 0.004536 0.007534
0 0.144561 0.436345 0.004980 0.011460
0 0.144185 0.451541 0.002988 0.007222
0 0.144124 0.458950 0.003110 0.006602
0 0.143938 0.490522 0.005728 0.007471
0 0.147175 0.524036 0.002612 0.006724
0 0.145493 0.541658 0.002490 0.006099
0 0.147488 0.549067 0.003735 0.007471
0 0.146553 0.560649 0.005605 0.009961
0 0.145012 0.608013 0.004185 0.008535
0 0.146060 0.620798 0.003584 0.007173
0 0.146133 0.630422 0.004336 0.010913
0 0.147908 0.729253 0.002856 0.006143
0 0.146902 0.748396 0.002612 0.004858
0 0.151011 0.767512 0.004111 0.012954
0 0.148831 0.777351 0.002739 0.006724
0 0.148706 0.784700 0.001992 0.006724
0 0.148794 0.813518 0.002285 0.004878
0 0.147756 0.831628 0.003735 0.020962
0 0.144421 0.852661 0.002739 0.007969
0 0.149031 0.855400 0.004233 0.009961
0 0.149902 0.887756 0.004980 0.011958
0 0.147534 0.899661 0.002490 0.009858
0 0.149688 0.912896 0.002100 0.004307
0 0.145156 0.918726 0.004453 0.006855
0 0.147925 0.932214 0.002852 0.005659
0 0.149827 0.940598 0.002456 0.004604
0 0.152188 0.955078 0.002695 0.006953
0 0.148401 0.955754 0.004048 0.013081
0 0.148767 0.975767 0.004956 0.011660
0 0.347241 0.811008 0.005596 0.009253
0 0.353911 0.813806 0.005596 0.009683
0 0.354558 0.832422 0.003442 0.010332
0 0.356604 0.868147 0.002798 0.007319
0 0.358186 0.879360 0.004185 0.011807
0 0.364539 0.904019 0.004038 0.010010
0 0.365735 0.912388 0.003140 0.005830
0 0.376040 0.935144 0.002490 0.011724
0 0.377986 0.942515 0.003608 0.003486
0 0.374126 0.943948 0.004854 0.005854
0 0.373816 0.949866 0.002241 0.002739
0 0.384700 0.980845 0.005884 0.011416
0 0.384614 0.993945 0.004150 0.009600
0 0.580208 0.047004 0.004185 0.012554
0 0.582449 0.037583 0.003286 0.007187
0 0.581328 0.013752 0.004033 0.004634
0 0.580654 0.069648 0.002393 0.004932
0 0.582598 0.072036 0.002393 0.009414
0 0.579087 0.109026 0.003740 0.004487
0 0.583123 0.111865 0.002837 0.007773
0 0.581726 0.130154 0.006187 0.008647
0 0.579160 0.154675 0.003604 0.007349
0 0.581501 0.166135 0.003677 0.005474
0 0.579155 0.208354 0.004150 0.004668
0 0.582476 0.218318 0.003320 0.007163
0 0.578896 0.228333 0.002803 0.006226
0 0.581438 0.231863 0.002905 0.005815
0 0.583669 0.240891 0.004878 0.007681
0 0.579258 0.243591 0.004150 0.004565
0 0.580256 0.286736 0.003979 0.020239
0 0.583757 0.290630 0.002681 0.008477
0 0.582559 0.349253 0.002988 0.011084
0 0.578384 0.364758 0.004609 0.017935
0 0.583491 0.363638 0.004111 0.005977
0 0.577139 0.385310 0.002861 0.008716
0 0.576392 0.406670 0.005107 0.012080
0 0.576111 0.422339 0.005190 0.007930
0 0.574338 0.454470 0.004878 0.007368
0 0.575906 0.441692 0.002798 0.005190
0 0.579954 0.480354 0.004048 0.005708
0 0.576672 0.546614 0.005269 0.008677
0 0.576052 0.510820 0.005269 0.012705
0 0.572354 0.628342 0.004131 0.010845
0 0.574807 0.650295 0.004390 0.006714
0 0.569644 0.680896 0.005420 0.010073
0 0.569785 0.755491 0.005557 0.007710
