0 0.665332 0.178945 0.003154 0.022920
0 0.662969 0.168886 0.001865 0.005602
0 0.718335 0.099851 0.002988 0.010024
0 0.714788 0.102154 0.003013 0.018373
0 0.663252 0.205939 0.001660 0.003439
0 0.667815 0.213784 0.002983 0.006782
0 0.669597 0.225024 0.003237 0.009011
0 0.719788 0.219961 0.003569 0.007193
0 0.718875 0.204723 0.003237 0.010328
0 0.718003 0.190599 0.004150 0.012652
0 0.717961 0.234216 0.002407 0.005667
0 0.720701 0.259732 0.002407 0.007497
0 0.708240 0.249282 0.002407 0.003141
0 0.712222 0.245587 0.004395 0.008302
0 0.669084 0.262142 0.002241 0.005167
0 0.666055 0.269735 0.002656 0.012652
0 0.665930 0.252521 0.002905 0.007390
0 0.720823 0.303400 0.003345 0.012390
0 0.715923 0.343713 0.006689 0.013707
0 0.671125 0.341526 0.001909 0.006996
0 0.718203 0.352551 0.003584 0.003790
0 0.718982 0.364359 0.002271 0.005250
0 0.718623 0.370849 0.002031 0.007145
0 0.676228 0.366985 0.002866 0.010203
0 0.676584 0.378504 0.003345 0.012539
0 0.669656 0.394395 0.003823 0.005834
0 0.675510 0.399422 0.003579 0.006269
0 0.674614 0.406934 0.002031 0.006120
0 0.675090 0.416555 0.002271 0.005828
0 0.718809 0.391150 0.001992 0.008141
0 0.720752 0.392303 0.001895 0.007777
0 0.720500 0.450122 0.004302 0.009660
0 0.717146 0.457262 0.003442 0.009243
0 0.718350 0.473850 0.002412 0.007139
0 0.721016 0.426400 0.003271 0.007139
0 0.723511 0.424091 0.002754 0.008397
0 0.716284 0.499985 0.003096 0.007348
0 0.684507 0.492601 0.002588 0.004619
0 0.716658 0.486406 0.004380 0.006806
0 0.678435 0.493454 0.002788 0.005834
0 0.673733 0.498182 0.002290 0.006305
0 0.671929 0.492411 0.002188 0.006692
0 0.685850 0.518725 0.003086 0.007044
0 0.708796 0.519091 0.003384 0.008504
0 0.688040 0.544785 0.004077 0.011788
0 0.687590 0.571821 0.002788 0.008993
0 0.693613 0.571335 0.002686 0.007533
0 0.692917 0.591990 0.003481 0.011907
0 0.693416 0.607723 0.002886 0.011061
0 0.696152 0.605173 0.001992 0.003278
0 0.690330 0.622306 0.002485 0.010083
0 0.693364 0.618415 0.003184 0.008141
0 0.690291 0.758150 0.004585 0.009446
0 0.936099 0.461841 0.003701 0.006126
0 0.667412 0.153051 0.002725 0.011371
0 0.717727 0.128209 0.003013 0.013820
0 0.717727 0.147104 0.002720 0.008224
0 0.666836 0.121034 0.003584 0.015918
0 0.665476 0.076594 0.003442 0.010328
0 0.713843 0.082211 0.003154 0.008045
0 0.714087 0.029937 0.001523 0.004130
0 0.674932 0.017265 0.003613 0.005459
0 0.712180 0.037735 0.002437 0.008403
