0 0.331594 0.069139 0.005513 0.033828
0 0.615010 0.901291 0.006094 0.026380
0 0.453376 0.236157 0.008022 0.037774
0 0.651201 0.749941 0.006074 0.058457
0 0.595630 0.625905 0.004912 0.046766
0 0.525327 0.518769 0.005791 0.044599
0 0.346248 0.156454 0.008120 0.058131
0 0.394846 0.487092 0.008101 0.036914
0 0.495320 0.523457 0.008013 0.046677
0 0.515403 0.474510 0.004810 0.025697
0 0.550078 0.567047 0.006260 0.022226
0 0.549341 0.597389 0.005625 0.025638
0 0.339387 0.264303 0.004468 0.052819
0 0.345039 0.276617 0.007002 0.055905
