0 0.423843 0.025963 0.009248 0.012537
0 0.414722 0.009403 0.007080 0.009868
0 0.554082 0.612669 0.003760 0.005279
0 0.437988 0.041491 0.007168 0.011644
0 0.870625 0.676794 0.007412 0.012388
0 0.767856 0.512621 0.004980 0.008854
0 0.724341 0.450024 0.004932 0.008494
0 0.676819 0.384850 0.006187 0.010108
0 0.595979 0.269769 0.006499 0.009952
0 0.607876 0.281638 0.009531 0.012334
0 0.539136 0.190783 0.010547 0.015135
0 0.527595 0.176653 0.008774 0.014613
0 0.531438 0.584028 0.005796 0.009844
0 0.368679 0.359874 0.010210 0.014409
0 0.853384 0.205039 0.010518 0.017397
0 0.766050 0.078641 0.006377 0.010204
0 0.778909 0.097115 0.005972 0.008830
0 0.578105 0.644424 0.010791 0.015759
0 0.220891 0.167277 0.009019 0.010582
0 0.525273 0.565522 0.005273 0.008500
0 0.482170 0.517927 0.007212 0.011884
0 0.452354 0.474418 0.008408 0.012052
0 0.428445 0.442322 0.007251 0.010630
0 0.538081 0.579124 0.004980 0.008854
