0 0.6 0.9375 0.01875 0.034375
0 0.71484375 0.24765625 0.0203125 0.0328125
0 0.61328125 0.96640625 0.0109375 0.0171875
0 0.01171875 0.33515625 0.0203125 0.0390625
0 0.7671875 0.15078125 0.0125 0.0390625
0 0.70234375 0.309375 0.014062500000000089 0.034375000000000044
0 0.6890625 0.35859375 0.0125 0.026562500000000044
0 0.68046875 0.48203125 0.01718749999999991 0.04531250000000009
0 0.67734375 0.5390625 0.01718749999999991 0.0375
0 0.6625 0.79296875 0.0125 0.0234375
0 0.65546875 0.8171875 0.014062500000000089 0.025
0 0.6203125 0.90859375 0.015625 0.0359375
