0 0.5337084770202637 0.7956743717193604 0.01146554946899414 0.02426462173461914
0 0.45411157608032227 0.17876048684120177 0.012986373901367188 0.024422276020050048
0 0.46507065296173095 0.2113960027694702 0.016183996200561525 0.026292133331298827
0 0.4739654779434204 0.3000076174736023 0.020474004745483398 0.03904411792755127
0 0.4781206130981445 0.3490560054779053 0.01146554946899414 0.02426462173461914
0 0.4797009706497192 0.3724536657333374 0.012674283981323243 0.02131309509277344
0 0.48900575637817384 0.472803521156311 0.020746421813964844 0.02676501274108887
0 0.5104187726974487 0.578966760635376 0.011309480667114258 0.022710037231445313
0 0.5191377162933349 0.6581720352172852 0.01314239501953125 0.025976848602294923
0 0.5198412895202636 0.6957974433898926 0.019849777221679688 0.03282575607299805
0 0.5303376674652099 0.8462882041931152 0.016340065002441406 0.027846717834472658
0 0.5375145673751831 0.887169599533081 0.012830305099487304 0.022867679595947266
