0 0.4494630813598633 0.37960435152053834 0.022277641296386718 0.03812654018402099
0 0.508742880821228 0.25153719186782836 0.010290288925170898 0.01905663013458252
0 0.5422821521759034 0.1733008086681366 0.015371608734130859 0.01737130880355835
0 0.4984083652496338 0.2781976819038391 0.017127609252929686 0.027735638618469238
0 0.46607697010040283 0.7403118848800659 0.018863916397094727 0.03464961051940918
0 0.5557910680770874 0.03624909445643425 0.01719632148742676 0.03981185108423233
0 0.5527198553085327 0.12852598428726197 0.018903207778930665 0.041550302505493165
0 0.4096304774284363 0.5199005126953125 0.03953297138214111 0.08828945159912109
0 0.49200279712677003 0.8069370031356812 0.020590448379516603 0.03983845710754395
0 0.536237359046936 0.9366771221160889 0.029154253005981446 0.05370626449584961
