0 0.4014224410057068 0.5576706409454346 0.011176419258117676 0.015791988372802733
0 0.3945930480957031 0.524129581451416 0.017856407165527343 0.03611268997192383
0 0.33850449323654175 0.43031671047210696 0.011337542533874511 0.02199406623840332
0 0.31608282327651976 0.4041185736656189 0.011297249794006347 0.02044355869293213
0 0.29348742961883545 0.29568129777908325 0.012957191467285157 0.025136113166809082
0 0.3095303297042847 0.18206608295440674 0.011216688156127929 0.017342519760131837
0 0.9910016058944165 0.9867287158034742 0.01799678783863783 0.026542568020522593
0 0.9937734602950513 0.9590142250061036 0.012453079037368298 0.020484542846679686
0 0.9945950030349195 0.8281384468078613 0.010809993557631969 0.037908935546875
0 0.9901844501495362 0.7191921472549438 0.01141805648803711 0.025095129013061525
0 0.9908205986022949 0.635422945022583 0.011256980895996093 0.018893051147460937
0 0.9905410289764405 0.37940235137939454 0.013440608978271484 0.04374237060546875
0 0.9926432132720947 0.20955864787101747 0.014697742462158204 0.03292967081069946
0 0.9905393123626709 0.08304765820503235 0.012796115875244141 0.018934011459350586
0 0.4220684289932251 0.7707887172698975 0.017574453353881837 0.025259017944335938
