0 0.34335644245147706 0.45569720268249514 0.02454376220703125 0.029247093200683593
0 0.4069687843322754 0.492006516456604 0.012221240997314453 0.013805055618286132
0 0.40950515270233157 0.519785213470459 0.04094681739807129 0.03189687728881836
0 0.6405194282531739 0.6697649717330932 0.01629161834716797 0.027103757858276366
0 0.6163198947906494 0.675376558303833 0.01801290512084961 0.05493307113647461
0 0.9167239665985107 0.0158241743221879 0.02067594528198242 0.019222457334399222
0 0.028352740593254565 0.1383875846862793 0.04654609523713589 0.04365978240966797
0 0.06414064764976501 0.2010750651359558 0.03768644332885742 0.03169429302215576
0 0.1474214553833008 0.22465938329696655 0.023308444023132324 0.0617849588394165
0 0.1187920868396759 0.22479459047317504 0.016392886638641357 0.028740763664245605
0 0.0981060266494751 0.2342962145805359 0.0163928747177124 0.028740763664245605
0 0.2066849172115326 0.3097164869308472 0.03146950006484985 0.03620028495788574
0 0.2848119020462036 0.3558056354522705 0.042060565948486325 0.04990406036376953
