0 0.8417401313781738 0.00581325925886631 0.012265396118164063 0.01162651851773262
0 0.8537926197052002 0.19896026849746704 0.015954303741455077 0.04154579639434815
0 0.8488390922546387 0.37565016746520996 0.018527412414550783 0.023633575439453124
0 0.853330135345459 0.7260149478912353 0.019173431396484374 0.041669273376464845
0 0.8458091259002686 0.9660149574279785 0.028830814361572265 0.042039680480957034
0 0.012985862791538239 0.26000189781188965 0.025971725583076477 0.05023770332336426
0 0.00766899436712265 0.4235749483108521 0.0153379887342453 0.02855238914489746
0 0.008961055427789688 0.4891592264175415 0.017922110855579376 0.04166922569274902
0 0.06810027956962586 0.5377646446228027 0.012030434608459473 0.021747016906738283
0 0.008614187687635421 0.5655861616134643 0.017228375375270843 0.030315446853637695
0 0.009665141534060239 0.9537545204162597 0.01662419829517603 0.015373802185058594
