0 0.6468751668930054 0.8781725406646729 0.01429743766784668 0.026975727081298827
0 0.6565643072128295 0.8579018115997314 0.012664461135864257 0.02689809799194336
0 0.6483262062072754 0.9441348075866699 0.010723114013671875 0.02023181915283203
0 0.6404697179794312 0.9511119842529296 0.010877275466918945 0.0235260009765625
0 0.6543175458908081 0.739977765083313 0.012433195114135742 0.021956682205200195
0 0.6544578790664672 0.7779391050338745 0.015544939041137695 0.018817949295043945
0 0.7817215204238892 0.7520704984664917 0.01049180030822754 0.015290498733520508
0 0.753950047492981 0.683234429359436 0.010723066329956055 0.020231866836547853
0 0.6763450145721436 0.6861039161682129 0.012587356567382812 0.025250911712646484
0 0.7432091951370239 0.611111330986023 0.016238832473754884 0.03364195823669434
0 0.7405561685562134 0.5369524002075196 0.011031484603881836 0.026820278167724608
0 0.7209989547729492 0.5387089490890503 0.0108001708984375 0.021878957748413086
0 0.7207884550094604 0.4817669153213501 0.012972879409790038 0.03348650932312012
0 0.7162958145141601 0.4382350444793701 0.011262798309326172 0.03176164627075195
0 0.7157630205154419 0.4093717098236084 0.012510251998901368 0.02360382080078125
0 0.7074422121047974 0.021833709627389907 0.0159304141998291 0.027053539454936982
