0 0.1365099608898163 0.4742347240447998 0.016404879093170167 0.02944917678833008
0 0.9157755851745606 0.9185222625732422 0.013919639587402343 0.02459583282470703
0 0.9001175880432128 0.8935110569000244 0.014752578735351563 0.021908092498779296
0 0.859471321105957 0.7079997301101685 0.020383834838867188 0.03463129997253418
0 0.8600850582122803 0.4106470227241516 0.027336978912353517 0.05338742733001709
0 0.8725345134735107 0.5818112373352051 0.016074466705322265 0.027940940856933594
0 0.8603395938873291 0.5797521352767945 0.020872783660888673 0.04335188865661621
0 0.8621183395385742 0.5414180040359498 0.019722938537597656 0.031614828109741214
0 0.8641416072845459 0.5077729225158691 0.022710514068603516 0.0322723388671875
0 0.7764387845993042 0.0717612698674202 0.03265128135681152 0.0516859382390976
0 0.8123609066009522 0.16424599885940552 0.028672313690185545 0.04650380611419678
0 0.8472309112548828 0.3162476897239685 0.03596935272216797 0.05385162830352783
0 0.8817586898803711 0.741828179359436 0.03780708312988281 0.04277205467224121
0 0.877051305770874 0.8061018943786621 0.040450763702392575 0.054837799072265624
