0 0.6895265340805053 0.12449830770492554 0.02530245780944824 0.03711111545562744
0 0.6990125417709351 0.18072360157966613 0.01611800193786621 0.03287547826766968
0 0.725808072090149 0.3534287095069885 0.016136026382446288 0.04306075572967529
0 0.7380487442016601 0.43426463603973386 0.010698986053466798 0.035002279281616214
0 0.7304573297500611 0.4490018367767334 0.012545633316040038 0.01781301498413086
0 0.7386399745941162 0.4751021146774292 0.016733551025390626 0.02714571952819824
0 0.7393368482589722 0.5166821718215943 0.02051711082458496 0.04369339942932129
0 0.7504582405090332 0.5529676914215088 0.010874080657958984 0.016116905212402343
0 0.7585381507873535 0.6412249326705932 0.012563705444335938 0.02799820899963379
0 0.7654112339019775 0.6947962284088135 0.010680961608886718 0.02481698989868164
0 0.7795735836029053 0.8625051498413085 0.019249916076660156 0.03478240966796875
0 0.7937212944030761 0.8991115093231201 0.015695571899414062 0.029905223846435548
0 0.8011314392089843 0.9616991996765136 0.012774848937988281 0.02948341369628906
0 0.06791354119777679 0.4431283950805664 0.01631113886833191 0.024175357818603516
0 0.028947142511606218 0.9655959606170654 0.02257491797208786 0.027989292144775392
