0 0.29456506967544555 0.021137356758117676 0.046640849113464354 0.04227471351623535
0 0.3297518491744995 0.051256054639816286 0.03741445541381836 0.03746242523193359
0 0.41216627359390257 0.2217451810836792 0.033183169364929196 0.043485498428344725
0 0.4652323484420776 0.31553398370742797 0.01765732765197754 0.01621425151824951
0 0.5658442258834839 0.5427646160125732 0.028188085556030272 0.02529287338256836
0 0.5292264699935914 0.43992342948913576 0.02214350700378418 0.045622825622558594
0 0.5177253484725952 0.4486401557922363 0.01956639289855957 0.03571405410766602
0 0.6235072612762451 0.6648932933807373 0.021029853820800783 0.034247970581054686
0 0.6431844234466553 0.6897887945175171 0.020680046081542967 0.0470888614654541
0 0.7405037403106689 0.8920884132385254 0.03448753356933594 0.04039440155029297
0 0.7906428813934326 0.9823093414306641 0.02379770278930664 0.029690933227539063
0 0.7727631568908692 0.964152193069458 0.03448753356933594 0.04039449691772461
0 0.6583121299743653 0.7109574556350708 0.02039346694946289 0.02774806022644043
0 0.6814247369766235 0.7927889108657837 0.030924272537231446 0.03682665824890137
0 0.5562842607498169 0.5065559864044189 0.02701115608215332 0.04609966278076172
