0 0.73984375 0.01953125 0.0109375 0.0234375
0 0.71484375 0.03984375 0.0109375 0.020312499999999994
0 0.7671875 0.11796875 0.034375 0.0171875
0 0.7421875 0.17578125 0.015625 0.0328125
0 0.68515625 0.38359375 0.0203125 0.0328125
0 0.7328125 0.240625 0.015625 0.04375
0 0.7171875 0.2234375 0.0125 0.03125
0 0.7421875 0.31953125 0.0125 0.0171875
0 0.70859375 0.56875 0.0265625 0.059375
0 0.703125 0.39140625 0.0125 0.0484375
0 0.71640625 0.4203125 0.014062500000000089 0.025
0 0.69375 0.63125 0.02499999999999991 0.03750000000000009
0 0.7359375 0.7 0.015625 0.0625
0 0.7375 0.8828125 0.02499999999999991 0.053125
0 0.7109375 0.9906249999068677 0.015625 0.018749999813735485
0 0.7171875 0.8046875 0.015625 0.034375
0 0.69609375 0.6796875 0.01093750000000009 0.025
