0 0.7797134160995484 0.3657771944999695 0.015684747695922853 0.02283909320831299
0 0.741114616394043 0.3714188575744629 0.018712997436523438 0.02595944404602051
0 0.739256477355957 0.5562050819396973 0.015366268157958985 0.03720102310180664
0 0.7373614311218262 0.9674247741699219 0.013417339324951172 0.02985095977783203
0 0.7224015951156616 0.3946732759475708 0.01006302833557129 0.022388219833374023
0 0.7617031335830688 0.389087975025177 0.011468458175659179 0.02250096797943115
0 0.7662139892578125 0.3290181279182434 0.010707569122314454 0.01236870288848877
0 0.7584906101226807 0.17768381237983705 0.015032577514648437 0.014154279232025146
0 0.728286337852478 0.2786505699157715 0.025421667098999023 0.04088492393493652
0 0.7436114072799682 0.8841955184936523 0.01611952781677246 0.02862892150878906
0 0.7454342126846314 0.6528085947036744 0.01287388801574707 0.022613668441772462
0 0.7325146675109864 0.787197494506836 0.013091278076171876 0.025508594512939454
0 0.7589101791381836 0.20975348949432374 0.010497760772705079 0.02817811965942383
0 0.7659400463104248 0.06906749904155732 0.013627147674560547 0.01404157280921936
0 0.7611726760864258 0.09489647150039673 0.014061927795410156 0.01983144283294678
0 0.7418732643127441 0.0977173000574112 0.013091278076171876 0.025508588552474974
0 0.7498086214065551 0.528655743598938 0.010924959182739257 0.015263605117797851
0 0.7718178033828735 0.5085780382156372 0.012330389022827149 0.01537632942199707
0 0.7597352027893066 0.44353699684143066 0.012547779083251952 0.018271255493164062
0 0.7274646282196044 0.4402209758758545 0.015902137756347655 0.02573404312133789
0 0.7384265184402465 0.2001017928123474 0.0274716854095459 0.030978083610534668
0 0.7396700382232666 0.3341703414916992 0.028558635711669923 0.04545273780822754
