0 0.40529240369796754 0.03810779005289078 0.022509217262268066 0.03570040166378021
0 0.46297249794006345 0.3119592785835266 0.012667465209960937 0.02189643383026123
0 0.6463183641433716 0.7682888507843018 0.01786646842956543 0.025788021087646485
0 0.6881289005279541 0.8436057567596436 0.03396787643432617 0.04059915542602539
0 0.7105261325836182 0.9429592609405517 0.021552658081054686 0.020270824432373047
0 0.5909701824188233 0.9083031177520752 0.015545082092285157 0.020831775665283204
0 0.5282942295074463 0.0056144952774047855 0.034472179412841794 0.011228990554809571
0 0.42501604557037354 0.12582613825798034 0.0160494327545166 0.023968112468719483
0 0.5437273740768432 0.07535689175128937 0.029221105575561523 0.04900081753730774
0 0.5575616598129273 0.21630563139915465 0.02977747917175293 0.04298006296157837
0 0.5504794359207154 0.15229263305664062 0.02488255500793457 0.03149955272674561
0 0.43439760208129885 0.17418651580810546 0.02695178985595703 0.03488759994506836
0 0.5778195858001709 0.2773944139480591 0.019327354431152344 0.04435386657714844
0 0.5619442939758301 0.2735137939453125 0.014736652374267578 0.025284481048583985
0 0.4463447332382202 0.27843871116638186 0.0180666446685791 0.03651318550109863
0 0.46780126094818114 0.26211693286895754 0.011910963058471679 0.01719202995300293
0 0.4874508619308472 0.3393906354904175 0.020135831832885743 0.0399012565612793
0 0.5926924467086792 0.3948498606681824 0.01912722587585449 0.03362867832183838
0 0.5985919713974 0.4365313291549683 0.020439958572387694 0.03231234550476074
0 0.6234366416931152 0.5411214590072632 0.01705799102783203 0.030240678787231447
0 0.5272905111312867 0.5871558427810669 0.010346078872680664 0.01694025993347168
0 0.5384930849075318 0.6118970394134522 0.01680588722229004 0.028672504425048827
0 0.5006366729736328 0.43137826919555666 0.02402210235595703 0.04510917663574219
0 0.6373828887939453 0.6128779649734497 0.012867546081542969 0.03262162208557129
0 0.6380573511123657 0.6570087671279907 0.019379377365112305 0.03519682884216309
0 0.5612306356430053 0.7932396173477173 0.01680588722229004 0.028672552108764647
