0 0.68515625 0.1046875 0.0390625 0.05
0 0.69609375 0.02265625 0.02031249999999991 0.0328125
0 0.6953125 0.05 0.015625 0.021875
0 0.68984375 0.1765625 0.014062500000000089 0.01874999999999998
0 0.70234375 0.3765625 0.014062500000000089 0.025000000000000043
0 0.69140625 0.40390625 0.0140625 0.0234375
0 0.690625 0.475 0.01249999999999991 0.025
0 0.70234375 0.53046875 0.014062500000000089 0.08281249999999991
0 0.70390625 0.6125 0.01093750000000009 0.04062499999999991
0 0.68828125 0.67109375 0.01093750000000009 0.035937499999999914
0 0.7046875 0.846875 0.028125 0.05625
0 0.01953125 0.0828125 0.0140625 0.021875
0 0.0234375 0.12109375 0.021875 0.0484375
0 0.02421875 0.3984375 0.0140625 0.03125
0 0.01953125 0.5 0.0171875 0.028125
0 0.01640625 0.5921875 0.0171875 0.05312500000000009
0 0.01484375 0.753125 0.0140625 0.02812499999999991
0 0.0296875 0.84140625 0.018750000000000003 0.0421875
