0 0.5889514684677124 0.09385885894298554 0.016551923751831055 0.024521690607070924
0 0.6121007204055786 0.15499916672706604 0.012987470626831055 0.029890477657318115
0 0.6031639814376831 0.19241952896118164 0.022327661514282227 0.044516801834106445
0 0.6658546924591064 0.37606335878372193 0.016200828552246093 0.04214513301849365
0 0.6791006088256836 0.41560778617858884 0.014031028747558594 0.027097702026367188
0 0.6537105798721313 0.48540482521057127 0.015074491500854492 0.024304962158203124
0 0.6581124067306519 0.5316246032714844 0.015115880966186523 0.03462142944335937
0 0.6769170761108398 0.5887924671173096 0.016851806640625 0.04665937423706055
0 0.6727845430374145 0.6124472618103027 0.01807084083557129 0.03505487442016601
0 0.6880296230316162 0.650161862373352 0.010600662231445313 0.013338327407836914
0 0.7134425163269043 0.8054693222045899 0.011685562133789063 0.020862007141113283
