0 0.9305922985076904 0.7042349815368653 0.014209651947021484 0.016675472259521484
0 0.9517944812774658 0.7753543376922607 0.01446065902709961 0.01814260482788086
0 0.04503021687269211 0.38478612899780273 0.01672035753726959 0.031346702575683595
0 0.18397307991981507 0.7656988859176636 0.02700098752975464 0.04165263175964355
0 0.025063548237085342 0.24172364473342894 0.027000997960567475 0.04165260791778565
0 0.1310590386390686 0.6192201137542724 0.01818273067474365 0.031597232818603514
0 0.08351435363292695 0.4733315944671631 0.031388109922409056 0.0424041748046875
0 0.015613177232444287 0.1293274462223053 0.021860677376389505 0.03649965524673462
0 0.008878035098314285 0.07985714673995972 0.01775607019662857 0.04025763273239136
0 0.7718126773834229 0.03148912563920021 0.02181663513183594 0.027947460114955903
0 0.7877864599227905 0.08085219264030456 0.019142961502075194 0.0289135217666626
0 0.8041654348373413 0.16336881518363952 0.01500687599182129 0.029629051685333252
0 0.9456652641296387 0.7439364671707154 0.03138809204101563 0.04240422248840332
0 0.9197434425354004 0.6804212808609009 0.029881668090820313 0.03360152244567871
0 0.8252949237823486 0.1944820463657379 0.017975711822509767 0.038682305812835695
0 0.8541547775268554 0.310348653793335 0.015464973449707032 0.02401108741760254
0 0.8985742568969727 0.4907506227493286 0.018138694763183593 0.02304501533508301
0 0.9163055419921875 0.5503835439682007 0.021402549743652344 0.042117643356323245
0 0.7928518772125244 0.11924790441989899 0.030427837371826173 0.04508792757987976
0 0.9191994667053223 0.5936816692352295 0.02282085418701172 0.033815956115722655
