0 0.45390625 0.0265625 0.0203125 0.053125
0 0.4625 0.09140625 0.015625 0.0546875
0 0.465625 0.13828125 0.0125 0.0328125
0 0.44609375 0.1734375 0.0140625 0.025000000000000022
0 0.45703125 0.15703125 0.0140625 0.0234375
0 0.4640625 0.253125 0.0125 0.046875
0 0.46953125 0.296875 0.0109375 0.0375
0 0.46015625 0.43125 0.0109375 0.01875
0 0.47421875 0.43671875 0.0171875 0.0265625
0 0.465625 0.45703125 0.0125 0.0171875
0 0.471875 0.49453125 0.015625 0.0421875
0 0.47421875 0.53671875 0.0171875 0.0359375
0 0.46875 0.5875 0.015625 0.065625
0 0.4734375 0.7046875 0.0125 0.034375
0 0.478125 0.75234375 0.015625 0.02968750000000009
