0 0.3389995574951172 0.10200015604496002 0.043643617630004884 0.05697094798088074
0 0.2641184449195862 0.40616847276687623 0.03507258892059326 0.04397609233856201
0 0.23591946363449096 0.4914304971694946 0.03139741420745849 0.05128235816955566
0 0.22606425285339354 0.5481299877166748 0.03188071250915527 0.03637714385986328
0 0.20534266233444215 0.6213869571685791 0.04455912113189697 0.07767648696899414
0 0.162125426530838 0.7467563629150391 0.03367377519607544 0.038175773620605466
0 0.2952420711517334 0.2771113157272339 0.04355454444885254 0.06787447929382324
0 0.2760298728942871 0.18577079176902772 0.05046610832214356 0.06271539926528931
0 0.3602869391441345 0.009644858539104462 0.019329333305358888 0.019289717078208923
0 0.3554579019546509 0.03692081943154335 0.022870922088623048 0.032835714519023895
0 0.31405924558639525 0.1895836591720581 0.037037205696105954 0.06903185844421386
0 0.07820010781288148 0.44873919486999514 0.025624012947082518 0.04988813400268555
