0 0.2300636887550354 0.006612790375947952 0.014980006217956542 0.013225580751895904
0 0.2065366566181183 0.17484936714172364 0.018870437145233156 0.022877812385559082
0 0.19077406525611879 0.1930888772010803 0.019898879528045654 0.02782895565032959
0 0.16511568427085876 0.3866106390953064 0.023252570629119874 0.03642237186431885
0 0.14857829213142396 0.4374025821685791 0.019898879528045654 0.0278289794921875
0 0.127480411529541 0.5595593929290772 0.03887319564819336 0.09651908874511719
0 0.0896667867898941 0.7910115242004394 0.020510059595108033 0.02321929931640625
0 0.07743016481399537 0.8952133655548096 0.034193241596221925 0.05133275985717774
0 0.04884921461343765 0.9710455417633057 0.0275602787733078 0.04205636978149414
0 0.9796760082244873 0.6896883726119996 0.023058605194091798 0.05059285163879394
