0 0.2999714851379395 0.1501501500606537 0.023766136169433592 0.04348069429397583
0 0.9912859438918531 0.46991031169891356 0.017428111843764783 0.03717026710510254
0 0.9807903289794921 0.4253516912460327 0.017569732666015626 0.04007821083068848
0 0.9230846405029297 0.3838595271110535 0.012080955505371093 0.024747204780578614
0 0.8811233043670654 0.19259861707687378 0.019480228424072266 0.02373836040496826
0 0.9930014132522047 0.26922303438186646 0.013997173123061656 0.036458182334899905
0 0.9842586040496826 0.16918614506721497 0.018178462982177734 0.026646292209625243
0 0.833499526977539 0.0983481079339981 0.02187061309814453 0.03736807703971863
0 0.977562665939331 0.09035537242889405 0.027869129180908205 0.03776376247406006
0 0.36629041433334353 0.8486579895019531 0.018772387504577638 0.03566684722900391
0 0.16780861616134643 0.6820660352706909 0.019678139686584474 0.026745176315307616
0 0.34983023405075075 0.644390344619751 0.02536475658416748 0.045083045959472656
0 0.14408856630325317 0.3446465730667114 0.03876240253448486 0.04446988105773926
0 0.27929149866104125 0.05336739718914032 0.030472445487976074 0.03194790482521057
0 0.23831130266189576 0.1172235667705536 0.024572920799255372 0.03305565118789673
0 0.19658127427101135 0.18112919926643373 0.0413657546043396 0.03865402936935425
