0 0.5143246650695801 0.4766629695892334 0.030886459350585937 0.030887031555175783
0 0.04418781399726868 0.8963788509368896 0.012943196296691894 0.01430978775024414
0 0.059525907039642334 0.8912435054779053 0.013168430328369141 0.015901470184326173
0 0.06596011519432068 0.8572482109069824 0.02384430170059204 0.025211143493652343
0 0.08995442390441895 0.8655142307281494 0.021802210807800294 0.021802616119384766
0 0.13421961069107055 0.816578459739685 0.0531541109085083 0.044956636428833005
0 0.21041474342346192 0.7599846601486206 0.03611178398132324 0.03474602699279785
0 0.2441241502761841 0.7225432872772217 0.027252769470214842 0.027253246307373045
0 0.2726381540298462 0.7103430986404419 0.01929469108581543 0.026127099990844727
0 0.3021432876586914 0.6739303350448609 0.041547393798828124 0.05111298561096191
0 0.40432995557785034 0.5885441303253174 0.03066122531890869 0.02929534912109375
0 0.42918782234191893 0.5620266199111938 0.027703285217285156 0.03043656349182129
0 0.4744815111160278 0.5172951698303223 0.028829431533813475 0.038394832611083986
0 0.5920062780380249 0.4267736434936523 0.024534940719604492 0.019069766998291014
0 0.5945890426635743 0.4027862548828125 0.03567628860473633 0.020646381378173827
0 0.6603410005569458 0.3568910837173462 0.017267560958862303 0.011802244186401366
0 0.6676233530044555 0.3627921938896179 0.017267560958862303 0.011802220344543457
0 0.8061470508575439 0.2500776290893555 0.013168430328369141 0.015901470184326173
0 0.8303441524505615 0.2397018551826477 0.016576862335205077 0.017943596839904784
0 0.8163200855255127 0.20687029957771302 0.018168544769287108 0.018168818950653077
0 0.8554272651672363 0.21159266233444213 0.03725299835205078 0.03178794384002685
0 0.9129959106445312 0.16616297960281373 0.02476024627685547 0.020661401748657226
0 0.9541152954101563 0.14519368410110473 0.01657695770263672 0.017943596839904784
