0 0.7131464719772339 0.06521985828876495 0.019010496139526368 0.028356021642684935
0 0.6883453607559205 0.12633212208747863 0.01143021583557129 0.036030161380767825
0 0.69949951171875 0.1277059555053711 0.0105133056640625 0.018257641792297365
0 0.7089708805084228 0.13061460852622986 0.01026325225830078 0.013410604000091553
0 0.6877542972564697 0.3709067225456238 0.013863182067871094 0.05226786136627197
0 0.6771654605865478 0.4051992177963257 0.0105133056640625 0.018257665634155273
0 0.6699577569961548 0.4672008752822876 0.013363027572631836 0.04257378578186035
0 0.6728466510772705 0.5199935913085938 0.019078159332275392 0.060588836669921875
0 0.6708617687225342 0.5895488262176514 0.010346603393554688 0.015026283264160157
0 0.6642297506332397 0.6248512983322143 0.01118016242980957 0.0311830997467041
0 0.6635864019393921 0.6839449882507325 0.010497617721557616 0.04887475967407227
0 0.6610779285430908 0.7170260667800903 0.01691093444824219 0.018581056594848634
0 0.65002281665802 0.7448153972625733 0.011096811294555664 0.029567432403564454
0 0.640801477432251 0.7370597124099731 0.0105133056640625 0.018257665634155273
0 0.6367405652999878 0.8623964309692382 0.01486344337463379 0.07165603637695313
0 0.6499030590057373 0.8403832912445068 0.014295578002929688 0.029729175567626952
