0 0.21484375 0.3765625 0.0109375 0.015625
0 0.20859375 0.39609375 0.0109375 0.029687499999999957
0 0.2125 0.421875 0.0125 0.021875
0 0.22578125 0.4609375 0.0109375 0.021875
0 0.20625 0.6046875 0.015625 0.034375000000000086
0 0.2296875 0.65234375 0.0125 0.0296875
0 0.22109375 0.8234375 0.0109375 0.053125
0 0.234375 0.8171875 0.0125 0.01875
0 0.23203125 0.875 0.0171875 0.0375
0 0.2359375 0.9484375 0.015625 0.028125
0 0.19765625 0.2390625 0.014062499999999978 0.034375000000000044
0 0.1984375 0.29765625 0.012500000000000022 0.0296875
0 0.20390625 0.146875 0.010937499999999978 0.021874999999999978
0 0.1921875 0.0734375 0.012500000000000022 0.021875
0 0.20625 0.05625 0.012500000000000022 0.01875
