0 0.1710361123085022 0.39642096757888795 0.018563342094421387 0.013075423240661622
0 0.22786779403686525 0.3870407462120056 0.016805696487426757 0.011317610740661621
0 0.15326692461967467 0.38113105297088623 0.021693241596221925 0.013460779190063476
0 0.2440837025642395 0.3961664080619812 0.015240740776062012 0.011124920845031739
0 0.0664150133728981 0.44346232414245607 0.04849011600017548 0.01830129623413086
0 0.12035621404647827 0.4106048822402954 0.02246403694152832 0.019721364974975585
0 0.4162076711654663 0.6522334814071655 0.011509370803833009 0.01837267875671387
0 0.42506887912750246 0.672592306137085 0.011316728591918946 0.01680755615234375
0 0.47445240020751955 0.725300669670105 0.011316680908203125 0.01680750846862793
0 0.5722244501113891 0.04196444749832153 0.013845109939575195 0.02482593059539795
0 0.5342013120651246 0.13959479928016663 0.010884523391723633 0.03833426237106323
0 0.4329700231552124 0.09803635179996491 0.012449502944946289 0.03852693438529968
0 0.4058923959732056 0.6781310081481934 0.014376497268676758 0.05417842864990234
0 0.4217842102050781 0.7039797306060791 0.013074302673339843 0.01856536865234375
0 0.5126503944396973 0.9581344127655029 0.01228017807006836 0.024633312225341798
0 0.5288897037506104 0.9545462131500244 0.011100578308105468 0.027570819854736327
0 0.9731932640075683 0.28574566841125487 0.010545921325683594 0.01054692268371582
0 0.8639328956604004 0.2499423623085022 0.027351570129394532 0.02186453342437744
