0 0.2389196991920471 0.010308130085468293 0.013249659538269043 0.020616260170936585
0 0.24750548601150513 0.0485777959227562 0.011707091331481933 0.02120199501514435
0 0.22971277236938475 0.09811637699604034 0.01784353256225586 0.03411895632743835
0 0.20339744091033934 0.2751090884208679 0.01784353256225586 0.03411896228790283
0 0.21006345748901367 0.31666539907455443 0.010130643844604492 0.03317711353302002
0 0.18897778987884523 0.43161630630493164 0.01475837230682373 0.033742237091064456
0 0.19613221883773804 0.47558276653289794 0.01381542682647705 0.02602229118347168
0 0.18592421412467958 0.5142949819564819 0.01592377424240112 0.03084263801574707
0 0.1699642837047577 0.6000986337661743 0.016267073154449464 0.046094083786010744
0 0.1563447594642639 0.6603323936462402 0.014192605018615722 0.029110240936279296
0 0.15424145460128785 0.7736838340759278 0.015169429779052734 0.024666690826416017
0 0.15149731636047364 0.8281940937042236 0.010164523124694824 0.021013545989990234
0 0.8844294548034668 0.03155213668942451 0.013438224792480469 0.02293434590101242
0 0.8757351875305176 0.16682036519050597 0.014946937561035156 0.035286200046539304
0 0.8772319793701172 0.25710626840591433 0.01287250518798828 0.018302416801452635
0 0.8590259075164794 0.3677077889442444 0.01475839614868164 0.033742213249206544
0 0.8538567066192627 0.41643738746643066 0.011518573760986328 0.019657993316650392
0 0.8495773315429688 0.5091519355773926 0.018975067138671874 0.04338283538818359
0 0.8440043449401855 0.5868219375610352 0.012461471557617187 0.027377891540527343
0 0.8555301666259766 0.6078170537948608 0.013781547546386719 0.038185739517211915
0 0.8367052555084229 0.7747554063796998 0.011141300201416016 0.016570043563842774
0 0.8637511730194092 0.796862268447876 0.01347208023071289 0.010770893096923828
0 0.8330132007598877 0.7280776977539063 0.015169429779052734 0.024666690826416017
0 0.8252788066864014 0.8618961334228515 0.01633481979370117 0.021767044067382814
