0 0.480363655090332 0.6549322843551636 0.012227916717529297 0.016500139236450197
0 0.36999642848968506 0.6695127010345459 0.012720584869384766 0.019838523864746094
0 0.38085798025131223 0.696904468536377 0.01852085590362549 0.037023067474365234
0 0.3920890331268311 0.726800012588501 0.012474250793457032 0.018169307708740236
0 0.3898536443710327 0.8098494529724121 0.011544752120971679 0.022930717468261717
0 0.4068338871002197 0.8960329055786133 0.012720584869384766 0.019838523864746094
0 0.41319890022277833 0.9564937591552735 0.016852378845214844 0.03677692413330078
0 0.4141610383987427 0.9936255454085767 0.02117466926574707 0.012748908810317516
0 0.4367727994918823 0.15737200379371644 0.013650083541870117 0.015077126026153565
0 0.46632301807403564 0.5597872972488404 0.012227964401245118 0.016500139236450197
0 0.5143309831619263 0.75225350856781 0.014881753921508789 0.023423147201538087
0 0.5268936395645142 0.837383222579956 0.011052083969116212 0.01959238052368164
0 0.5270400047302246 0.7921643495559693 0.012283706665039062 0.027938413619995116
