0 0.5872363090515137 0.36168818473815917 0.018176841735839843 0.0342005729675293
0 0.5578901290893554 0.48299028873443606 0.012375068664550782 0.01377568244934082
0 0.5569106340408325 0.5464760780334472 0.014791154861450195 0.02548980712890625
0 0.5163291454315185 0.7684009552001954 0.01410083770751953 0.022142887115478516
0 0.5039464235305786 0.7571131706237793 0.011060380935668945 0.015105533599853515
0 0.46322534084320066 0.9755193710327148 0.014791154861450195 0.02548980712890625
0 0.5923070907592773 0.3287124991416931 0.014511966705322265 0.03183991909027099
0 0.6330941438674926 0.10159548223018647 0.014791154861450195 0.025489765405654907
0 0.6256732225418091 0.13757445216178893 0.010436010360717774 0.01978224515914917
0 0.6206684112548828 0.1618393301963806 0.010781192779541015 0.02145569324493408
