0 0.13984375 0.01015625 0.02031250000000002 0.0203125
0 0.19765625 0.0296875 0.0265625 0.04375
0 0.0609375 0.25078125 0.03125 0.042187500000000044
0 0.30859375 0.53515625 0.0234375 0.0453125
0 0.12421875 0.59296875 0.0203125 0.035937499999999914
0 0.35 0.753125 0.028124999999999956 0.043749999999999914
0 0.1859375 0.8515625 0.01875 0.03125
0 0.81015625 0.01640625 0.0140625 0.0203125
0 0.9421875 0.08515625 0.021875 0.0296875
0 0.875 0.2125 0.0125 0.01875
0 0.9375 0.2375 0.01875 0.034375
0 0.953125 0.28828125 0.021875 0.035937499999999956
0 0.9890625 0.30703125 0.01875 0.029687499999999957
0 0.934375 0.35390625 0.01875 0.026562500000000044
0 0.984375 0.3953125 0.0125 0.028124999999999956
