0 0.9843749999068677 0.5109375 0.031249999813735486 0.01249999999999991
0 0.959375 0.51875 0.01875 0.01249999999999991
0 0.859375 0.5859375 0.021875 0.015625
0 0.79921875 0.62421875 0.0203125 0.01718749999999991
0 0.76640625 0.6671875 0.02031249999999991 0.02812499999999991
0 0.71328125 0.73359375 0.0203125 0.0234375
0 0.6921875 0.67578125 0.03125 0.0203125
0 0.66875 0.7046875 0.02812499999999991 0.02499999999999991
0 0.6546875 0.8078125 0.02499999999999991 0.01875
0 0.4453125 0.9921874999068677 0.01875 0.015624999813735486
0 0.57265625 0.8765625 0.01718749999999991 0.046875
0 0.62109375 0.83515625 0.0265625 0.0265625
0 0.55 0.8421875 0.01875000000000009 0.040625
0 0.6109375 0.7625 0.028125 0.03125
