0 0.2234375 0.020312500000000004 0.0125 0.034375
0 0.21875 0.20625 0.0125 0.02812500000000002
0 0.21640625 0.42265625 0.0109375 0.0296875
0 0.22890625 0.4828125 0.0140625 0.034375
0 0.2265625 0.5234375 0.015625 0.015625
0 0.21640625 0.72109375 0.0140625 0.02968750000000009
0 0.225 0.91015625 0.0125 0.0328125
0 0.94921875 0.253125 0.0140625 0.025
0 0.95078125 0.37109375 0.0140625 0.0421875
0 0.95390625 0.45234375 0.0109375 0.0296875
0 0.95 0.634375 0.0125 0.03750000000000009
0 0.95078125 0.80859375 0.0140625 0.0171875
