0 0.05226270109415054 0.23116916418075562 0.010662063956260681 0.026977229118347167
0 0.049026083946228025 0.2625201106071472 0.01066206693649292 0.026977229118347167
0 0.0631848394870758 0.2648756504058838 0.015198945999145508 0.03448362350463867
0 0.06340290606021881 0.3306198358535767 0.010602051019668579 0.01950697898864746
0 0.06571539044380188 0.41431071758270266 0.01363464593887329 0.025507307052612303
0 0.056691674888134 0.5158398151397705 0.018087509274482726 0.02255535125732422
0 0.05915814340114593 0.48747093677520753 0.013610643148422242 0.0225191593170166
0 0.06357103884220124 0.5883614540100097 0.01208234429359436 0.018025016784667967
0 0.055093403160572055 0.6219113111495972 0.01659521758556366 0.02254328727722168
0 0.0630209982395172 0.7497248411178589 0.010542047023773194 0.012036752700805665
0 0.05814206898212433 0.7997393608093262 0.010794085264205933 0.04341182708740234
0 0.04877426475286484 0.8512117862701416 0.016679230332374572 0.03300161361694336
0 0.06284900903701782 0.8640256404876709 0.012070345878601074 0.016530895233154298
0 0.05732198506593704 0.9816417693160474 0.015426978468894958 0.03671646099537611
