0 0.5605025053024292 0.06159503012895584 0.012502527236938477 0.025896438956260683
0 0.5535166740417481 0.05362481027841568 0.01482534408569336 0.03893369138240814
0 0.5402319192886352 0.08572633564472198 0.017681264877319337 0.028397053480148315
0 0.5386111259460449 0.10897700190544128 0.010470104217529298 0.01448885202407837
0 0.5439198732376098 0.14523201584815978 0.011050748825073241 0.017748153209686278
0 0.5299005508422852 0.1578666925430298 0.010470104217529298 0.014488840103149414
0 0.5274824142456055 0.2280541777610779 0.01721324920654297 0.03462536334991455
0 0.5244098663330078 0.2594531297683716 0.022456932067871093 0.019780397415161133
0 0.5287261962890625 0.28712438344955443 0.011050796508789063 0.017748141288757326
0 0.5168368577957153 0.3161117434501648 0.01076045036315918 0.016118502616882323
0 0.5089886426925659 0.3365714907646179 0.02216658592224121 0.018150734901428222
0 0.5175801038742065 0.3591195821762085 0.01279292106628418 0.027526092529296876
0 0.5030862808227539 0.42631485462188723 0.015648746490478517 0.016989469528198242
0 0.5008371591567993 0.48139994144439696 0.015761423110961913 0.02647709846496582
0 0.4934569835662842 0.5086686134338378 0.017971611022949217 0.030026721954345702
0 0.46739888191223145 0.6973855495452881 0.010179710388183594 0.012859153747558593
0 0.4479539155960083 0.8301135063171386 0.013551282882690429 0.022927474975585938
0 0.42917847633361816 0.9638014793395996 0.013260936737060547 0.02129783630371094
0 0.4307927846908569 0.9937438010238111 0.011453771591186523 0.012512397579848766
