0 0.6943857192993164 0.009575228579342366 0.010233879089355469 0.015141486749053001
0 0.6901649475097656 0.034733507037162784 0.012039566040039062 0.0169572651386261
0 0.6812806606292725 0.05974922627210617 0.012343597412109376 0.025751033425331117
0 0.667723536491394 0.1121966928243637 0.012946367263793945 0.028782325983047485
0 0.6567055225372315 0.21872733831405639 0.014450645446777344 0.029082465171813964
0 0.6431657314300537 0.21996536254882812 0.015653514862060548 0.027866935729980467
0 0.6440552234649658 0.2587494730949402 0.012642288208007812 0.01998856067657471
0 0.6310955286026001 0.3239224076271057 0.01806197166442871 0.032714009284973145
0 0.6184452295303344 0.3639445424079895 0.012642335891723634 0.01998856067657471
0 0.5489552974700928 0.772389554977417 0.013549137115478515 0.031813621520996094
0 0.6012541294097901 0.48578925132751466 0.01264495849609375 0.027266693115234376
