0 0.5973523378372192 0.1310936152935028 0.02251887321472168 0.030674064159393312
0 0.5744148254394531 0.13963304758071898 0.02792959213256836 0.027049493789672852
0 0.5581334829330444 0.18358302116394043 0.020098447799682617 0.01779749393463135
0 0.5226455211639405 0.24286394119262694 0.035693931579589847 0.044048309326171875
0 0.45410757064819335 0.3918048977851868 0.04170970916748047 0.04364287853240967
0 0.33611685037612915 0.5910175323486329 0.032970976829528806 0.02956218719482422
0 0.21784119606018065 0.8061231374740601 0.025744915008544922 0.0235292911529541
0 0.18998874425888063 0.6405401229858398 0.052397513389587404 0.05188732147216797
0 0.14087191224098206 0.6882469415664673 0.032601583003997806 0.03569941520690918
0 0.10766705274581909 0.6987430572509765 0.03206329345703125 0.024733448028564455
0 0.11499514579772949 0.7290238857269287 0.029509210586547853 0.027350521087646483
0 0.046872173249721524 0.7670149803161621 0.03401227295398712 0.018897247314453126
0 0.047158928215503694 0.7903015613555908 0.026114305853843688 0.017392063140869142
