0 0.04553339630365372 0.18055826425552368 0.03599874675273895 0.06521155834197997
0 0.056231600046157834 0.49131364822387696 0.029377472400665284 0.037493228912353516
0 0.0672486424446106 0.4563197374343872 0.01357349157333374 0.029802465438842775
0 0.07217006981372834 0.883489990234375 0.015011674165725708 0.024749374389648436
0 0.8408731460571289 0.13003063797950745 0.017833900451660157 0.04542287588119507
0 0.8463300228118896 0.08759559392929077 0.025578403472900392 0.030448317527770996
0 0.049472999572753903 0.7333457231521606 0.02757021188735962 0.03568587303161621
0 0.8296284675598145 0.24071943759918213 0.021632957458496093 0.05246777534484863
0 0.7943940877914428 0.6408089399337769 0.02080254554748535 0.03703188896179199
0 0.7924323797225952 0.7002565622329712 0.01691117286682129 0.028271913528442383
0 0.8211589813232422 0.8345958709716796 0.0303924560546875 0.056359291076660156
0 0.8404962539672851 0.8903175830841065 0.024324798583984376 0.03893156051635742
0 0.8099693775177002 0.4507643938064575 0.011066150665283204 0.046768903732299805
