0 0.8344907760620117 0.5139878511428833 0.020517921447753905 0.033070707321166994
0 0.8116415500640869 0.5032258272171021 0.020627880096435548 0.034747648239135745
0 0.8142006397247314 0.43855435848236085 0.01403665542602539 0.03598484992980957
0 0.8146905422210693 0.3156443119049072 0.011701488494873047 0.02581338882446289
0 0.8121942996978759 0.2767453074455261 0.016151905059814453 0.04280250072479248
0 0.795969557762146 0.19063165187835693 0.01560196876525879 0.03441786766052246
0 0.793651032447815 0.1618491530418396 0.013046789169311523 0.020892572402954102
0 0.7632541418075561 0.08659454286098481 0.01024613380432129 0.02905731797218323
0 0.041246730089187625 0.9107612133026123 0.020627880096435548 0.03474760055541992
0 0.05807408839464188 0.6541920185089112 0.020187947154045104 0.028039932250976562
