0 0.15326364040374757 0.6317196607589721 0.026441335678100586 0.029087114334106445
0 0.19055136442184448 0.5483744144439697 0.013734054565429688 0.027933311462402344
0 0.2428564429283142 0.5914581298828125 0.025157761573791505 0.030375099182128905
0 0.40721629858016967 0.7478763580322265 0.019895195960998535 0.018660926818847658
0 0.3972044825553894 0.7552107334136963 0.015274357795715333 0.014027786254882813
0 0.742292070388794 0.1177552580833435 0.03285913467407227 0.02264714241027832
0 0.1383104920387268 0.49029247760772704 0.02810995578765869 0.032047700881958005
0 0.016564638540148734 0.4506582021713257 0.013092295080423356 0.020852327346801758
0 0.37833614349365235 0.743359375 0.0234891414642334 0.027414512634277344
0 0.05654774755239487 0.40490623712539675 0.018611624836921692 0.019948935508728026
0 0.07791872620582581 0.5386114597320557 0.030291998386383058 0.04067306518554688
