0 0.11443475484848023 0.11102343201637269 0.013367652893066406 0.013725769519805909
0 0.12347948551177979 0.1419135570526123 0.01748054027557373 0.03389396667480469
0 0.13778541088104249 0.45048160552978517 0.016280817985534667 0.03664836883544922
0 0.13850688338279724 0.5973388433456421 0.020927083492279053 0.04407668113708496
0 0.13861266374588013 0.525668716430664 0.012834286689758301 0.026465702056884765
0 0.17910392284393312 0.7033869743347168 0.014414763450622559 0.02941732406616211
0 0.1623365581035614 0.7346743822097779 0.019156229496002198 0.03827204704284668
0 0.1428373396396637 0.7145584344863891 0.010244452953338623 0.029121541976928712
0 0.18875529170036315 0.9212735652923584 0.019061028957366943 0.03684549331665039
0 0.13836714625358582 0.38594397306442263 0.015271484851837158 0.0422558069229126
