0 0.5630047798156739 0.6550023794174195 0.010457324981689452 0.01322474479675293
0 0.4384272336959839 0.050508713722229 0.015427350997924805 0.031953632831573486
0 0.4286820411682129 0.011462382227182388 0.019325447082519532 0.022924764454364775
0 0.5703212738037109 0.7730008602142334 0.015000057220458985 0.020525074005126952
0 0.5185297012329102 0.8981261730194092 0.013455867767333984 0.029978847503662108
0 0.6026115417480469 0.8329245567321777 0.02181415557861328 0.03147563934326172
0 0.5035370588302612 0.8143555164337158 0.019542837142944337 0.027825450897216795
0 0.5561869382858277 0.6795663118362427 0.016971540451049805 0.022499895095825194
0 0.5458906650543213 0.5690179109573364 0.030727291107177736 0.054154157638549805
0 0.5343875885009766 0.5192045211791992 0.024512863159179686 0.04655437469482422
0 0.4427869558334351 0.5520349740982056 0.019542837142944337 0.02782549858093262
0 0.4411414861679077 0.5091018676757812 0.024212980270385744 0.04487895965576172
0 0.5088701963424682 0.453745174407959 0.01847081184387207 0.030876922607421874
0 0.5083828926086426 0.40282362699508667 0.018770694732666016 0.032552361488342285
0 0.46510303020477295 0.30077561140060427 0.020742177963256836 0.034527134895324704
0 0.3644243240356445 0.2539635062217712 0.021514320373535158 0.02980024814605713
0 0.4406274795532227 0.1158209502696991 0.010757160186767579 0.014900124073028565
0 0.4343456268310547 0.13855980038642884 0.018943119049072265 0.02447465658187866
0 0.42299618721008303 0.05586578547954559 0.016799163818359376 0.030577582120895386
