0 0.6369082927703857 0.9149695873260498 0.014563465118408203 0.029665088653564452
0 0.6328377246856689 0.775100827217102 0.010226726531982422 0.019844961166381837
0 0.6242526054382325 0.727568793296814 0.014446067810058593 0.040439939498901366
0 0.6144368886947632 0.6706257820129394 0.021596288681030272 0.03675756454467773
0 0.614012622833252 0.6371759176254272 0.01881265640258789 0.02714200019836426
0 0.6004034280776978 0.5089346885681152 0.03595471382141113 0.06485414505004883
0 0.5905455112457275 0.3610530972480774 0.02830657958984375 0.05305631160736084
0 0.5758802652359009 0.29118714332580564 0.025522947311401367 0.043440723419189455
0 0.5556938886642456 0.08244132101535798 0.025640344619750975 0.03266591429710388
0 0.6257288932800293 0.9140491485595703 0.015178775787353516 0.03437061309814453
