0 0.75859375 0.0875 0.02656250000000009 0.034375
0 0.7796875 0.0609375 0.0125 0.015625
0 0.78046875 0.1 0.01093750000000009 0.03437499999999999
0 0.74453125 0.1734375 0.02968750000000009 0.04375
0 0.79140625 0.228125 0.0109375 0.015625
0 0.78515625 0.2578125 0.0109375 0.015625
0 0.8046875 0.26640625 0.021875 0.026562500000000044
0 0.76171875 0.27265625 0.0171875 0.026562500000000044
0 0.74609375 0.3453125 0.0171875 0.025000000000000043
0 0.78203125 0.3515625 0.014062500000000089 0.021875
0 0.803125 0.38203125 0.0125 0.020312499999999956
0 0.7984375 0.41875 0.0125 0.015625
0 0.778125 0.4140625 0.01249999999999991 0.01875
0 0.77421875 0.4390625 0.01093750000000009 0.015625
0 0.7609375 0.46796875 0.01875000000000009 0.0421875
0 0.75703125 0.71484375 0.014062500000000089 0.0296875
0 0.7671875 0.821875 0.01875 0.03125
0 0.74140625 0.8859375 0.014062500000000089 0.028125
0 0.7609375 0.91328125 0.015625 0.0328125
0 0.76015625 0.23203125 0.0234375 0.0453125
