0 0.08359375 0.675 0.010937499999999989 0.034375000000000086
0 0.10859375 0.6140625 0.0109375 0.02187500000000009
0 0.1265625 0.55234375 0.0125 0.0265625
0 0.10546875 0.52578125 0.0109375 0.0265625
0 0.17890625 0.2609375 0.010937499999999978 0.018750000000000044
0 0.2203125 0.28125 0.01875 0.021875
0 0.18359375 0.30703125 0.0109375 0.051562499999999956
0 0.15546875 0.3703125 0.014062499999999978 0.03125
0 0.16796875 0.2328125 0.0171875 0.028125
0 0.178125 0.13359375 0.01875 0.0328125
0 0.13359375 0.4671875 0.0234375 0.034375
0 0.2296875 0.4890625 0.01875 0.034375
0 0.2125 0.484375 0.0125 0.01875
0 0.1703125 0.4125 0.0125 0.028125
0 0.1484375 0.415625 0.028125 0.034375
0 0.115625 0.396875 0.021875 0.04375
0 0.975 0.9898437499068677 0.015625 0.020312499813735486
0 0.9671875 0.840625 0.021875 0.034375
0 0.96171875 0.8 0.0203125 0.0375
0 0.95703125 0.75390625 0.0109375 0.0328125
0 0.96328125 0.7171875 0.0109375 0.02187500000000009
0 0.95234375 0.68515625 0.0265625 0.0359375
0 0.95703125 0.54921875 0.0203125 0.04531250000000009
0 0.95390625 0.471875 0.0171875 0.021875
0 0.9375 0.44375 0.0125 0.028125
0 0.95625 0.44453125 0.015625 0.0265625
0 0.803125 0.82734375 0.015625 0.0265625
0 0.809375 0.93046875 0.025 0.0359375
0 0.95859375 0.40390625 0.0203125 0.0328125
0 0.80078125 0.65625 0.0234375 0.05
0 0.93125 0.3046875 0.01875 0.021875
0 0.93046875 0.278125 0.0140625 0.021875
0 0.9546875 0.271875 0.01875 0.028124999999999956
0 0.93359375 0.25078125 0.0171875 0.026562500000000044
0 0.8828125 0.1671875 0.015625 0.025000000000000022
0 0.90625 0.1078125 0.01875 0.024999999999999988
0 0.9546875 0.21171875 0.0125 0.02656249999999998
0 0.91875 0.13671875 0.015625 0.0265625
0 0.915625 0.17265625 0.0125 0.02656249999999998
0 0.94453125 0.18203125 0.0109375 0.0203125
0 0.2390625 0.7921875 0.015625 0.034375
0 0.06875 0.7703125 0.015625 0.050000000000000086
0 0.09296875 0.684375 0.010937499999999989 0.034375000000000086
