0 0.95390625 0.01328125 0.0140625 0.0203125
0 0.9734375 0.1953125 0.015625 0.028125
0 0.9765625 0.8390625 0.01875 0.03125
0 0.98671875 0.91015625 0.0265625 0.0421875
0 0.1546875 0.01484375 0.028125 0.0296875
0 0.1515625 0.190625 0.028125 0.05
0 0.14609375 0.07578125 0.0140625 0.0453125
0 0.165625 0.07578125 0.01875 0.0484375
0 0.1765625 0.6 0.01875 0.034375
0 0.16015625 0.44375 0.0328125 0.0375
0 0.20078125 0.765625 0.0265625 0.04375
0 0.96875 0.23515625 0.021875 0.0359375
0 0.140625 0.34375 0.015625 0.040625
0 0.96875 0.13984375 0.0125 0.0265625
0 0.9859375 0.32421875 0.0125 0.0421875
0 0.990625 0.4453125 0.015625 0.025
0 0.99375 0.64140625 0.0125 0.0171875
0 0.99296875 0.75 0.0140625 0.03125
0 0.98828125 0.9453125 0.0140625 0.01875
0 0.98125 0.86796875 0.0125 0.0203125
