0 0.89140625 0.0953125 0.0109375 0.040625
0 0.86328125 0.20546875 0.0109375 0.0359375
0 0.19921875 0.45234375 0.0171875 0.0234375
0 0.2046875 0.5671875 0.0125 0.034375
0 0.86640625 0.31640625 0.0140625 0.0265625
0 0.9 0.49296875 0.01875 0.0359375
0 0.91328125 0.96953125 0.0109375 0.0296875
0 0.86640625 0.2671875 0.0140625 0.0375
0 0.94140625 0.7421875 0.0109375 0.021875
0 0.94296875 0.76640625 0.0109375 0.0234375
0 0.8859375 0.43828125 0.025 0.0515625
0 0.18125 0.93359375 0.0125 0.0296875
0 0.1765625 0.81328125 0.01875 0.0328125
