0 0.18046875 0.13359375 0.0296875 0.0578125
0 0.175 0.41640625 0.025 0.0328125
0 0.18671875 0.38515625 0.0109375 0.0265625
0 0.1703125 0.7734375 0.0125 0.021875
0 0.17578125 0.88828125 0.0203125 0.0328125
0 0.90546875 0.1265625 0.0140625 0.040625
0 0.9125 0.08828125 0.021875 0.0265625
0 0.15703125 0.6359375 0.0234375 0.03125
0 0.88984375 0.2265625 0.0171875 0.046875
0 0.83828125 0.58828125 0.0171875 0.0328125
0 0.83359375 0.6421875 0.0140625 0.025
0 0.853125 0.765625 0.025 0.05
0 0.86796875 0.8171875 0.0203125 0.034375
