0 0.3625 0.32265625 0.028125 0.0265625
0 0.3609375 0.278125 0.015625 0.015625
0 0.30859375 0.2296875 0.0296875 0.01875
0 0.27578125 0.209375 0.0234375 0.01875
0 0.2453125 0.1859375 0.015625 0.015625
0 0.0796875 0.04921875 0.0125 0.0421875
0 0.2296875 0.165625 0.01875 0.0125
0 0.2109375 0.1484375 0.01875 0.015625
0 0.20546875 0.1734375 0.0171875 0.046875
0 0.1796875 0.1453125 0.01875 0.021875
0 0.1171875 0.08828125 0.025 0.0234375
0 0.4171875 0.390625 0.01875 0.01875
0 0.43828125 0.4078125 0.0171875 0.01875
0 0.44609375 0.3734375 0.0140625 0.01875
0 0.46484375 0.375 0.0203125 0.01875
0 0.49140625 0.3953125 0.0203125 0.01875
0 0.54453125 0.4640625 0.0234375 0.025
0 0.540625 0.49765625 0.03125 0.0265625
0 0.59765625 0.496875 0.0140625 0.01875
0 0.61171875 0.51796875 0.0140625 0.0140625
0 0.6359375 0.5390625 0.021875 0.01875
0 0.66328125 0.6140625 0.0140625 0.015625
0 0.68046875 0.59921875 0.0234375 0.0171875
0 0.6890625 0.6265625 0.0125 0.015625
0 0.715625 0.63671875 0.01875 0.0171875
0 0.7328125 0.671875 0.01875 0.01875
0 0.72890625 0.7046875 0.0203125 0.01875
0 0.759375 0.71328125 0.015625 0.0203125
0 0.81796875 0.72890625 0.0203125 0.0234375
0 0.8359375 0.78671875 0.021875 0.0234375
0 0.8484375 0.83671875 0.015625 0.0421875
0 0.8703125 0.83671875 0.015625 0.0546875
0 0.93515625 0.8953125 0.0171875 0.01875
0 0.9328125 0.98046875 0.021875 0.0328125
0 0.9484375 0.96796875 0.015625 0.0328125
0 0.98203125 0.9890625 0.0171875 0.01875
0 0.07578125 0.0203125 0.0171875 0.015625
0 0.334375 0.2640625 0.0125 0.034375
