0 0.12109375 0.803125 0.0140625 0.025
0 0.12578125 0.88828125 0.0234375 0.0296875
0 0.12578125 0.99453125 0.0140625 0.0109375
0 0.1203125 0.61171875 0.034375 0.0484375
0 0.11171875 0.2140625 0.0109375 0.015625
0 0.86015625 0.253125 0.0265625 0.04375
0 0.8671875 0.32421875 0.021875 0.0421875
0 0.11796875 0.4265625 0.0109375 0.01875
0 0.0953125 0.1171875 0.015625 0.03125
0 0.11953125 0.25546875 0.0171875 0.0390625
0 0.12109375 0.2921875 0.0109375 0.025
0 0.10625 0.40078125 0.015625 0.0296875
0 0.10546875 0.4828125 0.0109375 0.025
0 0.1046875 0.7578125 0.015625 0.021875
