0 0.690625 0.72578125 0.01875 0.0234375
0 0.6765625 0.790625 0.025 0.05625
0 0.615625 0.93359375 0.025 0.0390625
0 0.6421875 0.9734375 0.015625 0.03125
0 0.703125 0.434375 0.021875 0.028125
0 0.72109375 0.02734375 0.0109375 0.0203125
0 0.68359375 0.1453125 0.0140625 0.01875
0 0.7296875 0.203125 0.015625 0.021875
0 0.6890625 0.303125 0.015625 0.034375
0 0.7296875 0.35 0.0125 0.01875
0 0.7265625 0.37109375 0.0125 0.0140625
0 0.72265625 0.40859375 0.0140625 0.0203125
0 0.696875 0.5703125 0.015625 0.021875
