0 0.8109375 0.1125 0.034375 0.053125
0 0.8125 0.440625 0.028125 0.040625
0 0.8203125 0.534375 0.021875 0.05
0 0.81640625 0.59453125 0.0265625 0.0328125
0 0.81953125 0.67421875 0.0296875 0.0765625
0 0.8328125 0.8125 0.028125 0.034375
0 0.8125 0.3015625 0.03125 0.065625
0 0.8546875 0.21328125 0.040625 0.0578125
0 0.8125 0.0109375 0.015625 0.021875
0 0.096875 0.9234375 0.01875 0.034375
0 0.1 0.990625 0.025 0.01875
0 0.81015625 0.0421875 0.0171875 0.03125
0 0.81484375 0.2078125 0.0234375 0.06875
0 0.9921875 0.5296875 0.015625 0.05
