0 0.53515625 0.06484375 0.0171875 0.0328125
0 0.65546875 0.81171875 0.0140625 0.0234375
0 0.684375 0.89140625 0.028125 0.0359375
0 0.690625 0.99140625 0.01875 0.0171875
0 0.5796875 0.9390625 0.0125 0.01875
0 0.6625 0.03671875 0.028125 0.0390625
0 0.540625 0.153125 0.0125 0.021875
0 0.6640625 0.12265625 0.021875 0.0453125
0 0.65546875 0.26171875 0.0234375 0.0390625
0 0.65859375 0.1984375 0.0203125 0.028125
0 0.5421875 0.2015625 0.021875 0.03125
0 0.665625 0.32421875 0.0125 0.0421875
0 0.65078125 0.31796875 0.0109375 0.0234375
0 0.5375 0.3046875 0.0125 0.034375
0 0.56796875 0.3703125 0.0140625 0.0375
0 0.66171875 0.440625 0.0140625 0.03125
0 0.6609375 0.48203125 0.015625 0.0296875
0 0.66875 0.5875 0.0125 0.028125
0 0.575 0.64296875 0.0125 0.0265625
0 0.56640625 0.46171875 0.0171875 0.0421875
0 0.66484375 0.70234375 0.0140625 0.0328125
0 0.56875 0.82265625 0.0125 0.0265625
