0 0.43203125 0.06796875 0.0203125 0.0296875
0 0.40234375 0.07265625 0.0171875 0.0421875
0 0.41953125 0.1078125 0.0109375 0.01875
0 0.40859375 0.190625 0.0109375 0.028125
0 0.42421875 0.1328125 0.0140625 0.021875
0 0.41640625 0.3109375 0.0109375 0.015625
0 0.42421875 0.378125 0.0140625 0.04375
0 0.4265625 0.49765625 0.015625 0.0265625
0 0.43359375 0.54921875 0.0140625 0.0203125
0 0.41953125 0.68359375 0.0203125 0.0359375
0 0.41875 0.753125 0.0125 0.021875
0 0.4375 0.7921875 0.0125 0.015625
0 0.4375 0.8796875 0.0125 0.01875
0 0.43671875 0.94609375 0.0234375 0.0328125
0 0.46796875 0.93359375 0.0109375 0.0328125
0 0.446875 0.9875 0.0125 0.025
0 0.44140625 0.83828125 0.0140625 0.0453125
