0 0.5421875 0.375 0.015625 0.021875
0 0.690625 0.00703125 0.01875 0.0140625
0 0.69296875 0.10859375 0.0171875 0.0265625
0 0.540625 0.10546875 0.0125 0.0265625
0 0.54765625 0.18828125 0.0140625 0.0265625
0 0.653125 0.3734375 0.015625 0.025
0 0.66875 0.3734375 0.0125 0.025
0 0.6015625 0.6890625 0.0125 0.01875
0 0.59296875 0.97109375 0.0140625 0.0296875
0 0.66640625 0.325 0.0171875 0.028125
0 0.66015625 0.4265625 0.0109375 0.034375
0 0.63671875 0.47578125 0.0171875 0.0234375
0 0.63515625 0.446875 0.0140625 0.021875
0 0.559375 0.54140625 0.0125 0.0265625
0 0.59921875 0.6078125 0.0234375 0.028125
0 0.55859375 0.6171875 0.0109375 0.01875
