0 0.29453125 0.75 0.0109375 0.021875
0 0.30546875 0.809375 0.0171875 0.04375
0 0.30703125 0.9046875 0.0171875 0.065625
0 0.30078125 0.0390625 0.0140625 0.034375
0 0.30625 0.09140625 0.01875 0.0265625
0 0.29140625 0.171875 0.0171875 0.01875
0 0.2921875 0.13515625 0.015625 0.0390625
0 0.2796875 0.046875 0.01875 0.05
0 0.26640625 0.321875 0.0109375 0.01875
0 0.27890625 0.3859375 0.0109375 0.021875
0 0.2421875 0.38125 0.0125 0.025
0 0.26953125 0.48828125 0.0109375 0.0234375
0 0.2453125 0.4890625 0.0125 0.021875
0 0.24609375 0.5171875 0.0140625 0.028125
0 0.2859375 0.528125 0.0125 0.021875
0 0.26875 0.52890625 0.01875 0.0359375
0 0.28671875 0.9484375 0.0109375 0.015625
0 0.2875 0.60859375 0.015625 0.0484375
0 0.25625 0.5765625 0.021875 0.05
0 0.24609375 0.4515625 0.0109375 0.03125
0 0.253125 0.41796875 0.0125 0.0328125
0 0.26875 0.43125 0.015625 0.05625
0 0.296875 0.6515625 0.0125 0.0375
0 0.30546875 0.703125 0.0140625 0.021875
0 0.28359375 0.73984375 0.0109375 0.0234375
0 0.28046875 0.2859375 0.0140625 0.03125
