0 0.66328125 0.115625 0.0140625 0.040625
0 0.678125 0.0984375 0.0125 0.01875
0 0.6640625 0.17734375 0.01875 0.0296875
0 0.67265625 0.25859375 0.0140625 0.0234375
0 0.6734375 0.3 0.015625 0.05
0 0.69609375 0.27734375 0.0140625 0.0203125
0 0.7015625 0.371875 0.0125 0.01875
0 0.709375 0.45078125 0.015625 0.0421875
0 0.68984375 0.59765625 0.0140625 0.0171875
0 0.7140625 0.7640625 0.015625 0.03125
0 0.7515625 0.8 0.0125 0.01875
0 0.74921875 0.8265625 0.0140625 0.021875
0 0.74296875 0.6515625 0.0171875 0.021875
0 0.69375 0.62421875 0.0125 0.0234375
0 0.75 0.9296875 0.015625 0.021875
0 0.725 0.93203125 0.0125 0.0265625
0 0.690625 0.5078125 0.021875 0.03125
0 0.734375 0.61953125 0.0125 0.0234375
0 0.73828125 0.740625 0.0171875 0.025
0 0.71640625 0.40703125 0.0171875 0.0203125
0 0.69921875 0.30546875 0.0109375 0.0171875
