0 0.42265625 0.128125 0.0140625 0.01875
0 0.415625 0.1546875 0.0125 0.01875
0 0.4265625 0.18984375 0.01875 0.0265625
0 0.44296875 0.340625 0.0171875 0.028125
0 0.4359375 0.38046875 0.015625 0.0234375
0 0.4390625 0.53125 0.0125 0.0375
0 0.45390625 0.5296875 0.0140625 0.028125
0 0.446875 0.625 0.015625 0.025
0 0.43203125 0.66640625 0.0140625 0.0234375
0 0.4453125 0.7234375 0.01875 0.0375
0 0.4296875 0.8609375 0.0125 0.025
0 0.42578125 0.91015625 0.0109375 0.0203125
0 0.4296875 0.97109375 0.015625 0.0296875
