0 0.70859375 0.48984375 0.0203125 0.0265625
0 0.70703125 0.3796875 0.0234375 0.034375
0 0.71484375 0.3078125 0.0171875 0.03125
0 0.7625 0.134375 0.0125 0.028125
0 0.73125 0.3 0.015625 0.01875
0 0.7046875 0.41953125 0.0125 0.0171875
0 0.69765625 0.459375 0.0109375 0.01875
0 0.71953125 0.459375 0.0140625 0.015625
0 0.71796875 0.525 0.0140625 0.021875
0 0.709375 0.6515625 0.0125 0.025
0 0.69296875 0.6703125 0.0109375 0.04375
0 0.6890625 0.7296875 0.015625 0.021875
0 0.69375 0.809375 0.0125 0.021875
0 0.69296875 0.84375 0.0140625 0.040625
0 0.7125 0.83046875 0.0125 0.0234375
0 0.71484375 0.859375 0.0109375 0.015625
0 0.70859375 0.88359375 0.0171875 0.0171875
0 0.71484375 0.921875 0.0140625 0.01875
