0 0.7125 0.32421875 0.015625 0.0234375
0 0.6703125 0.33359375 0.01875 0.0265625
0 0.68359375 0.53203125 0.0140625 0.0390625
0 0.715625 0.9734375 0.0125 0.03125
0 0.69453125 0.35078125 0.0109375 0.0234375
0 0.69453125 0.2859375 0.0109375 0.0125
0 0.6734375 0.12421875 0.015625 0.0140625
0 0.6484375 0.23515625 0.025 0.0421875
0 0.715625 0.88359375 0.015625 0.0296875
0 0.6984375 0.63515625 0.0125 0.0234375
0 0.6953125 0.78046875 0.0125 0.0265625
0 0.67265625 0.00703125 0.0140625 0.0140625
0 0.66953125 0.03515625 0.0140625 0.0203125
0 0.6484375 0.03984375 0.0125 0.0265625
0 0.69296875 0.5015625 0.0109375 0.015625
0 0.715625 0.478125 0.0125 0.015625
0 0.696875 0.409375 0.0125 0.01875
0 0.6609375 0.40859375 0.015625 0.0265625
0 0.653125 0.15 0.028125 0.03125
0 0.665625 0.29375 0.028125 0.046875
