0 0.31328125 0.11015625 0.0140625 0.0140625
0 0.99296875 0.99453125 0.0140625 0.0109375
0 0.74375 0.80546875 0.01875 0.0109375
0 0.28046875 0.046875 0.0140625 0.021875
0 0.44609375 0.04296875 0.0109375 0.0171875
0 0.54765625 0.5125 0.0140625 0.015625
0 0.57734375 0.5328125 0.0171875 0.0125
0 0.59140625 0.58203125 0.0140625 0.0265625
0 0.46171875 0.29296875 0.0140625 0.0265625
0 0.41171875 0.15546875 0.0109375 0.0171875
0 0.34453125 0.14375 0.0109375 0.015625
0 0.64375 0.38203125 0.0125 0.0171875
0 0.5203125 0.44609375 0.0125 0.0109375
