0 0.00703125 0.30625 0.0109375 0.03125
0 0.10859375 0.296875 0.0109375 0.028125
0 0.13046875 0.8625 0.0109375 0.028125
0 0.6203125 0.12265625 0.0125 0.0421875
0 0.571875 0.0703125 0.0125 0.025
0 0.7125 0.140625 0.0125 0.03125
0 0.71328125 0.16875 0.0109375 0.021875
0 0.90390625 0.28515625 0.0203125 0.0109375
0 0.9234375 0.28984375 0.015625 0.0109375
0 0.74765625 0.41796875 0.0109375 0.0203125
0 0.75390625 0.47578125 0.0109375 0.0296875
0 0.76640625 0.521875 0.0171875 0.03125
0 0.76171875 0.55546875 0.0109375 0.0234375
0 0.78046875 0.60625 0.0171875 0.040625
0 0.80703125 0.746875 0.0109375 0.01875
0 0.8140625 0.77890625 0.0125 0.0421875
0 0.85 0.990625 0.01875 0.01875
