0 0.01328125 0.31953125 0.0265625 0.0140625
0 0.07109375 0.90078125 0.0140625 0.0328125
0 0.3484375 0.2921875 0.01875 0.01875
0 0.503125 0.12578125 0.0125 0.0421875
0 0.4515625 0.07578125 0.0125 0.0265625
0 0.584375 0.0203125 0.0125 0.028125
0 0.6296875 0.3515625 0.015625 0.021875
0 0.66328125 0.46640625 0.0109375 0.0296875
0 0.6796875 0.5109375 0.0125 0.03125
0 0.69921875 0.59375 0.0109375 0.0375
0 0.74921875 0.765625 0.0109375 0.040625
0 0.77109375 0.8765625 0.0109375 0.021875
0 0.80078125 0.9828125 0.0109375 0.034375
