0 0.9484375 0.57734375 0.01875 0.0546875
0 0.95703125 0.5328125 0.0140625 0.025
0 0.94921875 0.5046875 0.0203125 0.028125
0 0.0234375 0.04375 0.01875 0.03125
0 0.13359375 0.03984375 0.0265625 0.0203125
0 0.16875 0.0390625 0.01875 0.021875
0 0.20703125 0.04453125 0.0140625 0.0171875
0 0.3015625 0.0390625 0.025 0.0125
0 0.3140625 0.02578125 0.0125 0.0109375
0 0.36171875 0.034375 0.0296875 0.015625
0 0.9421875 0.7421875 0.015625 0.03125
0 0.61484375 0.02890625 0.0171875 0.0203125
0 0.67109375 0.03671875 0.0140625 0.0171875
0 0.7 0.0359375 0.028125 0.01875
0 0.7265625 0.02734375 0.021875 0.0140625
0 0.8375 0.02421875 0.03125 0.0265625
0 0.98125 0.02734375 0.021875 0.0203125
0 0.91796875 0.09140625 0.0109375 0.0203125
0 0.92890625 0.11796875 0.0109375 0.0234375
0 0.97578125 0.171875 0.0140625 0.025
0 0.9546875 0.3640625 0.021875 0.059375
0 0.93984375 0.28671875 0.0140625 0.0234375
0 0.9609375 0.3 0.0125 0.01875
0 0.93984375 0.946875 0.0109375 0.025
0 0.93046875 0.85703125 0.0171875 0.0359375
0 0.9375 0.80546875 0.01875 0.0328125
0 0.58671875 0.03515625 0.0140625 0.0140625
0 0.946875 0.7078125 0.015625 0.034375
