0 0.21875 0.759375 0.015625 0.028125
0 0.43046875 0.30703125 0.0109375 0.0140625
0 0.43359375 0.290625 0.0109375 0.015625
0 0.38125 0.40859375 0.028125 0.0546875
0 0.33125 0.52734375 0.01875 0.0328125
0 0.2828125 0.61796875 0.0125 0.0359375
0 0.2578125 0.6640625 0.0125 0.034375
0 0.40546875 0.3703125 0.0171875 0.025
0 0.96875 0.834375 0.01875 0.021875
0 0.915625 0.94375 0.015625 0.021875
0 0.3125 0.55859375 0.01875 0.0328125
0 0.40859375 0.340625 0.0203125 0.025
0 0.4796875 0.1359375 0.015625 0.03125
0 0.4953125 0.15546875 0.0125 0.0171875
0 0.54375 0.07109375 0.025 0.0203125
0 0.55703125 0.040625 0.0203125 0.025
