0 0.85390625 0.1640625 0.0109375 0.015625
0 0.80546875 0.36328125 0.0171875 0.0328125
0 0.8375 0.5765625 0.021875 0.025
0 0.85703125 0.78046875 0.0171875 0.0390625
0 0.85703125 0.81484375 0.0203125 0.0265625
0 0.85703125 0.8796875 0.0171875 0.034375
0 0.85703125 0.93125 0.0140625 0.034375
0 0.82890625 0.3734375 0.0109375 0.01875
0 0.8296875 0.44765625 0.015625 0.0234375
0 0.85 0.609375 0.015625 0.028125
0 0.84296875 0.53984375 0.0109375 0.0234375
0 0.828125 0.2453125 0.021875 0.03125
0 0.846875 0.65390625 0.01875 0.0515625
0 0.83046875 0.27734375 0.0203125 0.0203125
0 0.82265625 0.42421875 0.0171875 0.0203125
0 0.77109375 0.18125 0.0328125 0.05
