0 0.41484375 0.93046875 0.0359375 0.0390625
0 0.05234375 0.2640625 0.0203125 0.028125
0 0.0671875 0.31875 0.015625 0.025
0 0.18828125 0.41953125 0.0171875 0.0203125
0 0.32734375 0.85703125 0.0203125 0.0296875
0 0.1046875 0.2546875 0.01875 0.015625
0 0.29296875 0.61875 0.0140625 0.01875
0 0.2921875 0.7890625 0.03125 0.040625
0 0.34765625 0.9125 0.0296875 0.03125
0 0.37265625 0.9671875 0.0203125 0.021875
0 0.059375 0.290625 0.0125 0.021875
0 0.01953125 0.17421875 0.0265625 0.0578125
0 0.1046875 0.28125 0.025 0.034375
0 0.18046875 0.51640625 0.0171875 0.0234375
0 0.2203125 0.52578125 0.028125 0.0171875
0 0.2328125 0.65078125 0.0375 0.0453125
0 0.12421875 0.43828125 0.0171875 0.0296875
0 0.34609375 0.73046875 0.0234375 0.0421875
0 0.08515625 0.36015625 0.0265625 0.0515625
0 0.15078125 0.3515625 0.0234375 0.03125
0 0.203125 0.46484375 0.03125 0.0484375
