0 0.13359375 0.0390625 0.0265625 0.015625
0 0.02421875 0.0421875 0.0203125 0.025
0 0.1671875 0.03828125 0.01875 0.0203125
0 0.20625 0.0453125 0.015625 0.021875
0 0.29765625 0.03515625 0.0203125 0.0171875
0 0.3171875 0.02578125 0.015625 0.0140625
0 0.584375 0.03828125 0.01875 0.0171875
0 0.6140625 0.0296875 0.021875 0.01875
0 0.66953125 0.0390625 0.0109375 0.015625
0 0.6984375 0.03671875 0.025 0.0203125
0 0.83515625 0.025 0.0359375 0.028125
0 0.86484375 0.02109375 0.0140625 0.0171875
0 0.98359375 0.02890625 0.0265625 0.0203125
0 0.728125 0.0265625 0.025 0.0125
0 0.365625 0.034375 0.03125 0.01875
0 0.975 0.17265625 0.025 0.0296875
0 0.94140625 0.290625 0.0140625 0.025
0 0.96015625 0.30078125 0.0140625 0.0234375
0 0.95625 0.53359375 0.0125 0.0265625
0 0.95 0.58046875 0.015625 0.0515625
0 0.946875 0.70859375 0.015625 0.0296875
0 0.9421875 0.7421875 0.0125 0.03125
0 0.94921875 0.503125 0.0203125 0.03125
0 0.9359375 0.8078125 0.01875 0.034375
0 0.93359375 0.85703125 0.0171875 0.0390625
0 0.95390625 0.36796875 0.0265625 0.0609375
0 0.9234375 0.09921875 0.021875 0.0421875
