0 0.6546875 0.28515625 0.0375 0.0453125
0 0.58359375 0.3890625 0.0296875 0.04375
0 0.365625 0.70625 0.015625 0.03125
0 0.7015625 0.21953125 0.021875 0.0234375
0 0.70390625 0.196875 0.0171875 0.015625
0 0.23125 0.953125 0.01875 0.028125
0 0.42109375 0.61640625 0.0171875 0.0421875
0 0.453125 0.575 0.034375 0.015625
0 0.490625 0.525 0.01875 0.034375
0 0.5140625 0.4953125 0.01875 0.0375
0 0.61484375 0.35625 0.0234375 0.025
0 0.6234375 0.32421875 0.03125 0.0328125
0 0.74140625 0.1609375 0.0171875 0.025
0 0.73046875 0.1375 0.0203125 0.028125
0 0.803125 0.084375 0.021875 0.01875
0 0.821875 0.05859375 0.01875 0.0203125
