0 0.60546875 0.50703125 0.0265625 0.0265625
0 0.21015625 0.0390625 0.0109375 0.0125
0 0.22421875 0.04609375 0.0109375 0.0140625
0 0.22578125 0.0796875 0.0203125 0.021875
0 0.25 0.075 0.01875 0.01875
0 0.2859375 0.128125 0.046875 0.0375
0 0.3515625 0.19296875 0.03125 0.0296875
0 0.37890625 0.23359375 0.0234375 0.0234375
0 0.4046875 0.24921875 0.015625 0.0234375
0 0.428125 0.28828125 0.034375 0.0453125
0 0.51484375 0.384375 0.0265625 0.025
0 0.53515625 0.41328125 0.0234375 0.0265625
0 0.57265625 0.4625 0.0234375 0.034375
0 0.6734375 0.565625 0.021875 0.015625
0 0.67265625 0.5890625 0.0328125 0.015625
0 0.85546875 0.76484375 0.0109375 0.0140625
0 0.87734375 0.778125 0.0140625 0.015625
0 0.859375 0.8078125 0.015625 0.015625
0 0.89765625 0.80859375 0.0328125 0.0265625
0 0.946875 0.86015625 0.021875 0.0171875
0 0.98359375 0.8859375 0.0140625 0.015625
