0 0.2 0.015625 0.0125 0.01875
0 0.10390625 0.0328125 0.0171875 0.0375
0 0.1046875 0.3 0.028125 0.0625
0 0.08359375 0.46640625 0.0171875 0.0203125
0 0.07421875 0.5078125 0.0265625 0.05625
0 0.05390625 0.6359375 0.0171875 0.0375
0 0.046875 0.671875 0.015625 0.03125
0 0.03515625 0.734375 0.0203125 0.03125
0 0.02421875 0.78359375 0.0203125 0.0359375
0 0.88359375 0.153125 0.0109375 0.021875
0 0.8359375 0.19140625 0.0125 0.0203125
0 0.8234375 0.24375 0.021875 0.021875
0 0.76953125 0.6109375 0.0109375 0.021875
0 0.86953125 0.2 0.0140625 0.025
0 0.75546875 0.73671875 0.0140625 0.0234375
0 0.753125 0.76171875 0.0125 0.0234375
0 0.73046875 0.88046875 0.0140625 0.0234375
0 0.74375 0.9171875 0.0125 0.025
0 0.08203125 0.43359375 0.0203125 0.0328125
0 0.09453125 0.38046875 0.0109375 0.0171875
0 0.11640625 0.23515625 0.0140625 0.0203125
0 0.096875 0.22109375 0.015625 0.0296875
0 0.121875 0.19765625 0.0125 0.0171875
0 0.146875 0.11015625 0.01875 0.0234375
0 0.00859375 0.8890625 0.0109375 0.025
