0 0.8453125 0.20625 0.0125 0.01875
0 0.13515625 0.68203125 0.0109375 0.0203125
0 0.13984375 0.4984375 0.0140625 0.021875
0 0.13828125 0.478125 0.0171875 0.025
0 0.14609375 0.41328125 0.0109375 0.0328125
0 0.146875 0.35234375 0.0125 0.0328125
0 0.88515625 0.28984375 0.0109375 0.0171875
0 0.87578125 0.1859375 0.0140625 0.028125
0 0.8828125 0.240625 0.015625 0.021875
0 0.87578125 0.26484375 0.0109375 0.0203125
0 0.8046875 0.3609375 0.015625 0.028125
0 0.86796875 0.4046875 0.0109375 0.015625
0 0.81875 0.57421875 0.015625 0.0359375
0 0.8140625 0.68203125 0.0125 0.0203125
0 0.80859375 0.74765625 0.0140625 0.0234375
0 0.809375 0.896875 0.015625 0.034375
