0 0.7890625 0.278125 0.015625 0.03125
0 0.7453125 0.14765625 0.015625 0.0296875
0 0.759375 0.18828125 0.01875 0.0390625
0 0.353125 0.9546875 0.021875 0.040625
0 0.27421875 0.61953125 0.0265625 0.0484375
0 0.259375 0.571875 0.021875 0.034375
0 0.2109375 0.4921875 0.0125 0.01875
0 0.2109375 0.384375 0.028125 0.065625
0 0.178125 0.3203125 0.021875 0.028125
0 0.1390625 0.33125 0.021875 0.0375
0 0.16875 0.221875 0.021875 0.05
0 0.11484375 0.11640625 0.0109375 0.0203125
0 0.1390625 0.11328125 0.03125 0.0515625
0 0.0578125 0.10390625 0.021875 0.0296875
