0 0.9453125 0.31015625 0.015625 0.0328125
0 0.92578125 0.978125 0.0109375 0.015625
0 0.93046875 0.90546875 0.0109375 0.0171875
0 0.92890625 0.8609375 0.0109375 0.021875
0 0.92578125 0.55859375 0.0140625 0.0390625
0 0.9328125 0.35859375 0.021875 0.0390625
0 0.921875 0.4640625 0.0125 0.040625
0 0.23046875 0.95 0.0171875 0.025
0 0.240625 0.7390625 0.015625 0.021875
0 0.22421875 0.54140625 0.0203125 0.0359375
0 0.24296875 0.4 0.0234375 0.04375
0 0.25 0.3328125 0.0125 0.021875
0 0.3484375 0.09140625 0.0125 0.0203125
0 0.29609375 0.1765625 0.0140625 0.021875
0 0.28125 0.20703125 0.0125 0.0234375
0 0.26953125 0.25390625 0.0140625 0.0203125
0 0.92890625 0.13828125 0.0109375 0.0109375
