0 0.9359375 0.0609375 0.015625 0.01875
0 0.93828125 0.1859375 0.0203125 0.03125
0 0.940625 0.35703125 0.015625 0.0421875
0 0.94140625 0.575 0.0140625 0.03125
0 0.94296875 0.70234375 0.0140625 0.0265625
0 0.95078125 0.73984375 0.0109375 0.0234375
0 0.95546875 0.81015625 0.0234375 0.0359375
0 0.95078125 0.9703125 0.0171875 0.034375
0 0.24296875 0.16328125 0.0109375 0.0203125
0 0.23046875 0.28203125 0.0171875 0.0234375
0 0.25703125 0.3890625 0.0140625 0.015625
0 0.27734375 0.41796875 0.0140625 0.0171875
0 0.33828125 0.51328125 0.0203125 0.0390625
0 0.3421875 0.54921875 0.0125 0.0171875
0 0.3671875 0.75859375 0.015625 0.0265625
