0 0.93671875 0.30703125 0.0171875 0.0234375
0 0.8015625 0.65625 0.021875 0.059375
0 0.96015625 0.4046875 0.0203125 0.03125
0 0.96171875 0.47265625 0.0171875 0.0265625
0 0.96015625 0.44375 0.0171875 0.028125
0 0.94296875 0.446875 0.0109375 0.028125
0 0.96015625 0.55390625 0.0203125 0.0421875
0 0.8015625 0.65625 0.021875 0.059375
0 0.9546875 0.68984375 0.021875 0.0359375
0 0.9671875 0.71953125 0.0125 0.0203125
0 0.959375 0.75390625 0.01875 0.0296875
0 0.9671875 0.803125 0.01875 0.034375
0 0.97109375 0.840625 0.0203125 0.025
0 0.8046875 0.83125 0.015625 0.025
0 0.81015625 0.93046875 0.0171875 0.0296875
0 0.97578125 0.9921875 0.0140625 0.015625
0 0.96015625 0.4046875 0.0203125 0.03125
0 0.96171875 0.47265625 0.0171875 0.0265625
0 0.96015625 0.44375 0.0171875 0.028125
0 0.94296875 0.446875 0.0109375 0.028125
0 0.96015625 0.55390625 0.0203125 0.0421875
0 0.93671875 0.27890625 0.0171875 0.0296875
0 0.18359375 0.1328125 0.0171875 0.034375
0 0.17109375 0.23203125 0.0171875 0.0328125
0 0.1828125 0.26015625 0.0125 0.0234375
0 0.22734375 0.27890625 0.0140625 0.0234375
0 0.1890625 0.3046875 0.015625 0.05625
0 0.16015625 0.3703125 0.0171875 0.028125
0 0.11875 0.3953125 0.021875 0.034375
0 0.15625 0.41328125 0.025 0.0328125
0 0.175 0.41015625 0.0125 0.0296875
0 0.1390625 0.4640625 0.025 0.03125
0 0.215625 0.4828125 0.015625 0.021875
0 0.234375 0.4875 0.01875 0.028125
0 0.109375 0.521875 0.015625 0.03125
0 0.11328125 0.5484375 0.0109375 0.01875
0 0.128125 0.55390625 0.0125 0.0296875
0 0.11171875 0.6109375 0.0109375 0.021875
0 0.08671875 0.6734375 0.0109375 0.034375
0 0.2421875 0.790625 0.01875 0.0375
0 0.0734375 0.76484375 0.0125 0.0484375
0 0.97578125 0.9921875 0.0140625 0.015625
0 0.81015625 0.93046875 0.0171875 0.0296875
0 0.8046875 0.83125 0.015625 0.025
0 0.97109375 0.840625 0.0203125 0.025
0 0.9671875 0.803125 0.01875 0.034375
0 0.959375 0.75390625 0.01875 0.0296875
0 0.9671875 0.71953125 0.0125 0.0203125
0 0.9546875 0.68984375 0.021875 0.0359375
0 0.91171875 0.0125 0.0109375 0.025
0 0.9109375 0.109375 0.01875 0.025
0 0.921875 0.1375 0.0125 0.021875
0 0.88828125 0.16640625 0.0109375 0.0203125
0 0.9203125 0.1734375 0.0125 0.021875
0 0.94921875 0.18515625 0.0109375 0.0171875
0 0.9578125 0.2125 0.015625 0.03125
0 0.9390625 0.2515625 0.01875 0.01875
0 0.95703125 0.27734375 0.0171875 0.0296875
