0 0.1078125 0.7765625 0.015625 0.025
0 0.09296875 0.51328125 0.0171875 0.0328125
0 0.28125 0.4796875 0.025 0.05625
0 0.08671875 0.1625 0.0265625 0.04375
0 0.09921875 0.9828125 0.0171875 0.028125
0 0.9921875 0.37421875 0.015625 0.0328125
0 0.959375 0.35 0.01875 0.034375
0 0.9296875 0.4078125 0.015625 0.028125
0 0.9734375 0.0390625 0.015625 0.025
0 0.284375 0.69921875 0.0125 0.0328125
0 0.98125 0.1421875 0.021875 0.034375
0 0.8625 0.0578125 0.0125 0.021875
0 0.95234375 0.296875 0.0140625 0.0375
0 0.9734375 0.45859375 0.0125 0.0265625
0 0.89609375 0.26171875 0.0109375 0.0234375
0 0.91484375 0.9734375 0.0140625 0.046875
