0 0.859375 0.71953125 0.01875 0.0265625
0 0.009375 0.11875 0.0125 0.01875
0 0.05078125 0.32421875 0.0109375 0.0265625
0 0.1109375 0.61875 0.01875 0.034375
0 0.09765625 0.5265625 0.0140625 0.025
0 0.12734375 0.71953125 0.0171875 0.0328125
0 0.16328125 0.859375 0.0234375 0.05
0 0.17109375 0.934375 0.0234375 0.040625
0 0.13984375 0.99375 0.0203125 0.0125
0 0.71484375 0.01953125 0.0234375 0.0390625
0 0.75859375 0.11796875 0.0203125 0.0359375
0 0.75859375 0.15390625 0.0171875 0.0265625
0 0.7640625 0.18359375 0.021875 0.0265625
0 0.78046875 0.2578125 0.0265625 0.04375
0 0.7921875 0.31796875 0.01875 0.0578125
0 0.6390625 0.39296875 0.025 0.0609375
0 0.79609375 0.39765625 0.0203125 0.0390625
0 0.81640625 0.42734375 0.0140625 0.0171875
0 0.81484375 0.459375 0.0140625 0.028125
0 0.828125 0.5078125 0.01875 0.03125
0 0.83828125 0.5453125 0.0203125 0.034375
0 0.671875 0.56171875 0.0125 0.0265625
0 0.696875 0.66015625 0.015625 0.0296875
0 0.87265625 0.69296875 0.0140625 0.0203125
0 0.7171875 0.80625 0.015625 0.025
0 0.88828125 0.825 0.0171875 0.034375
0 0.9015625 0.9 0.025 0.040625
0 0.753125 0.921875 0.021875 0.03125
0 0.915625 0.98046875 0.015625 0.0265625
