0 0.9609375 0.01640625 0.01875 0.0234375
0 0.9734375 0.2 0.028125 0.040625
0 0.821875 0.20078125 0.01875 0.0359375
0 0.9703125 0.70390625 0.0125 0.0203125
0 0.990625 0.7296875 0.015625 0.03125
0 0.98984375 0.6171875 0.0171875 0.028125
0 0.246875 0.1125 0.025 0.03125
0 0.20390625 0.17578125 0.0234375 0.0328125
0 0.14765625 0.24375 0.0234375 0.025
0 0.08515625 0.40234375 0.0359375 0.0484375
0 0.96015625 0.59296875 0.0171875 0.0390625
0 0.95 0.54375 0.0125 0.0375
0 0.8953125 0.5046875 0.0125 0.021875
0 0.98125 0.38671875 0.01875 0.0296875
0 0.97265625 0.2859375 0.0171875 0.028125
0 0.86328125 0.30078125 0.0171875 0.0234375
0 0.821875 0.20078125 0.01875 0.0359375
0 0.9734375 0.2 0.028125 0.040625
0 0.9609375 0.01640625 0.01875 0.0234375
0 0.26328125 0.21328125 0.0296875 0.0453125
0 0.08984375 0.75390625 0.0234375 0.0328125
0 0.278125 0.725 0.025 0.04375
0 0.28671875 0.9453125 0.0203125 0.03125
