0 0.75703125 0.3609375 0.0171875 0.021875
0 0.80078125 0.315625 0.0234375 0.021875
0 0.88046875 0.23359375 0.0359375 0.0265625
0 0.53828125 0.6015625 0.0296875 0.025
0 0.67109375 0.4515625 0.0453125 0.046875
0 0.17109375 0.98828125 0.0328125 0.0234375
0 0.56796875 0.578125 0.0234375 0.025
0 0.4296875 0.7109375 0.025 0.01875
0 0.82109375 0.2890625 0.0234375 0.015625
0 0.94765625 0.146875 0.0171875 0.021875
0 0.971875 0.121875 0.028125 0.028125
0 0.38046875 0.76953125 0.0234375 0.0234375
0 0.340625 0.81484375 0.015625 0.0140625
0 0.3046875 0.859375 0.0375 0.025
0 0.24140625 0.91796875 0.0234375 0.0203125
0 0.215625 0.95 0.021875 0.01875
