0 0.12109375 0.85 0.0265625 0.034375
0 0.0875 0.46328125 0.01875 0.0265625
0 0.08515625 0.496875 0.0203125 0.028125
0 0.1671875 0.98671875 0.03125 0.0265625
0 0.421875 0.66484375 0.025 0.0421875
0 0.39921875 0.77265625 0.0265625 0.0453125
0 0.43203125 0.571875 0.0171875 0.03125
0 0.51328125 0.3140625 0.0234375 0.034375
0 0.55546875 0.19375 0.0203125 0.03125
0 0.659375 0.0640625 0.03125 0.028125
0 0.04296875 0.40234375 0.0171875 0.0296875
0 0.03671875 0.07421875 0.0203125 0.0453125
0 0.0421875 0.19609375 0.015625 0.0328125
0 0.0328125 0.16171875 0.01875 0.0296875
0 0.0640625 0.5890625 0.015625 0.03125
