0 0.04296875 0.19375 0.0203125 0.0375
0 0.04296875 0.40234375 0.0171875 0.0328125
0 0.39921875 0.7734375 0.0171875 0.0375
0 0.5125 0.3125 0.021875 0.034375
0 0.5578125 0.19765625 0.021875 0.0390625
0 0.11953125 0.67890625 0.0109375 0.0234375
0 0.43046875 0.57578125 0.0140625 0.0203125
0 0.10859375 0.66328125 0.0140625 0.0265625
0 0.14375 0.89765625 0.015625 0.0203125
0 0.1203125 0.84765625 0.015625 0.0265625
0 0.13203125 0.78125 0.0109375 0.01875
0 0.146875 0.740625 0.0125 0.0125
0 0.14609375 0.753125 0.0109375 0.015625
0 0.14765625 0.73046875 0.0109375 0.0171875
0 0.4203125 0.6671875 0.0125 0.03125
0 0.50234375 0.46015625 0.0234375 0.0140625
0 0.05703125 0.30234375 0.0203125 0.0390625
0 0.0359375 0.0734375 0.01875 0.040625
0 0.15234375 0.90625 0.0171875 0.021875
0 0.0328125 0.1578125 0.01875 0.034375
