0 0.0609375 0.29765625 0.0125 0.0296875
0 0.3203125 0.3984375 0.0125 0.021875
0 0.1328125 0.03828125 0.0125 0.0234375
0 0.3015625 0.03046875 0.01875 0.0265625
0 0.31015625 0.04921875 0.0171875 0.0265625
0 0.33828125 0.11640625 0.0171875 0.0234375
0 0.41640625 0.12578125 0.0171875 0.0296875
0 0.3828125 0.1203125 0.015625 0.025
0 0.39375 0.12578125 0.015625 0.0234375
0 0.06328125 0.25703125 0.0140625 0.0234375
0 0.03125 0.028125 0.025 0.028125
0 0.60859375 0.146875 0.0140625 0.025
0 0.5953125 0.14609375 0.015625 0.0265625
0 0.5671875 0.14140625 0.015625 0.0265625
0 0.6671875 0.140625 0.0125 0.025
0 0.84140625 0.03046875 0.0109375 0.0203125
0 0.8609375 0.034375 0.01875 0.028125
0 0.88125 0.03359375 0.0125 0.0296875
0 0.01796875 0.48359375 0.0171875 0.0265625
0 0.23828125 0.66484375 0.0171875 0.0265625
0 0.73359375 0.125 0.0328125 0.0375
0 0.028125 0.44921875 0.0125 0.0234375
0 0.096875 0.07734375 0.0125 0.0203125
0 0.35 0.1421875 0.015625 0.021875
