0 0.3359375 0.18046875 0.0125 0.0390625
0 0.309375 0.203125 0.0125 0.025
0 0.23203125 0.30625 0.0140625 0.015625
0 0.18359375 0.353125 0.0203125 0.015625
0 0.17734375 0.38046875 0.0265625 0.0203125
0 0.14609375 0.38359375 0.0203125 0.0234375
0 0.06875 0.4453125 0.028125 0.0125
0 0.0234375 0.478125 0.0375 0.0125
0 0.00546875 0.5109375 0.0109375 0.0125
0 0.61015625 0.77109375 0.0203125 0.0328125
0 0.640625 0.7125 0.01875 0.01875
0 0.8640625 0.6921875 0.0375 0.040625
0 0.90546875 0.64453125 0.0234375 0.0265625
0 0.3546875 0.15 0.0125 0.01875
0 0.41640625 0.93125 0.0203125 0.01875
0 0.46953125 0.86328125 0.0203125 0.0203125
0 0.65 0.95 0.03125 0.03125
