0 0.98671875 0.68984375 0.0265625 0.0546875
0 0.9171875 0.76953125 0.028125 0.0421875
0 0.86640625 0.82890625 0.0265625 0.0359375
0 0.021875 0.41484375 0.028125 0.0328125
0 0.05703125 0.37421875 0.0265625 0.0328125
0 0.1171875 0.45 0.034375 0.028125
0 0.21796875 0.39296875 0.0359375 0.0265625
0 0.278125 0.3703125 0.028125 0.021875
0 0.36328125 0.30546875 0.0203125 0.0296875
0 0.340625 0.32734375 0.021875 0.0203125
0 0.2421875 0.14453125 0.05 0.0609375
0 0.34296875 0.03125 0.0328125 0.0375
0 0.58125 0.03359375 0.025 0.0296875
