0 0.959375 0.36484375 0.01875 0.0171875
0 0.23203125 0.8890625 0.0171875 0.021875
0 0.83671875 0.253125 0.0171875 0.015625
0 0.86015625 0.28359375 0.0265625 0.0234375
0 0.15 0.759375 0.015625 0.015625
0 0.1703125 0.7875 0.025 0.021875
0 0.11796875 0.7109375 0.0171875 0.025
0 0.26875 0.93984375 0.01875 0.0203125
0 0.78515625 0.2078125 0.0234375 0.01875
0 0.753125 0.1796875 0.0125 0.015625
0 0.1328125 0.7375 0.021875 0.01875
0 0.66640625 0.0984375 0.0234375 0.01875
0 0.628125 0.06796875 0.0125 0.0203125
0 0.60390625 0.0234375 0.0265625 0.025
