0 0.41953125 0.10546875 0.0109375 0.0234375
0 0.58125 0.91875 0.0125 0.0375
0 0.58046875 0.66953125 0.0109375 0.0296875
0 0.57265625 0.51875 0.0171875 0.053125
0 0.571875 0.453125 0.015625 0.034375
0 0.5765625 0.41640625 0.0125 0.0234375
0 0.5734375 0.3609375 0.0125 0.021875
0 0.56875 0.31796875 0.015625 0.0390625
0 0.56953125 0.28125 0.0109375 0.040625
0 0.5578125 0.2109375 0.0125 0.03125
0 0.57109375 0.2046875 0.0140625 0.028125
0 0.55703125 0.10546875 0.0109375 0.0203125
0 0.56875 0.10546875 0.0125 0.0171875
0 0.56875 0.08671875 0.0125 0.0203125
0 0.5671875 0.05234375 0.01875 0.0234375
0 0.42109375 0.7234375 0.0109375 0.025
0 0.42265625 0.25 0.0140625 0.03125
