0 0.13359375 0.246875 0.0234375 0.01875
0 0.78203125 0.503125 0.0203125 0.034375
0 0.66796875 0.78203125 0.0140625 0.0265625
0 0.00859375 0.4734375 0.0171875 0.028125
0 0.05234375 0.359375 0.0109375 0.01875
0 0.59765625 0.8921875 0.0296875 0.040625
0 0.65546875 0.546875 0.0265625 0.025
0 0.740625 0.4125 0.015625 0.0125
0 0.1234375 0.0625 0.021875 0.034375
0 0.3546875 0.959375 0.0125 0.021875
0 0.77421875 0.628125 0.0109375 0.01875
0 0.11875 0.12578125 0.025 0.0328125
0 0.01328125 0.34765625 0.0203125 0.0234375
0 0.0546875 0.11796875 0.01875 0.0234375
0 0.09453125 0.31953125 0.0140625 0.0234375
0 0.13125 0.27578125 0.015625 0.0140625
0 0.10703125 0.178125 0.0328125 0.046875
0 0.184375 0.18671875 0.021875 0.0203125
0 0.25234375 0.08203125 0.0109375 0.0296875
0 0.2328125 0.10390625 0.015625 0.0265625
0 0.20859375 0.1390625 0.0109375 0.028125
0 0.8671875 0.40703125 0.028125 0.0171875
0 0.26796875 0.08515625 0.0171875 0.0203125
