0 0.52265625 0.83515625 0.0109375 0.0171875
0 0.5421875 0.89453125 0.015625 0.0265625
0 0.45546875 0.86171875 0.0140625 0.0234375
0 0.525 0.7484375 0.0125 0.01875
0 0.53359375 0.646875 0.0203125 0.046875
0 0.53125 0.6 0.015625 0.040625
0 0.44296875 0.61484375 0.0140625 0.0234375
0 0.4484375 0.57578125 0.015625 0.0390625
0 0.51875 0.53671875 0.0125 0.0265625
0 0.5265625 0.490625 0.0125 0.028125
0 0.50390625 0.39140625 0.0140625 0.0296875
0 0.4203125 0.3328125 0.015625 0.025
0 0.50234375 0.23984375 0.0140625 0.0203125
0 0.50546875 0.16328125 0.0109375 0.0265625
