0 0.33203125 0.03671875 0.0109375 0.0234375
0 0.36953125 0.02421875 0.0109375 0.0171875
0 0.659375 0.13671875 0.01875 0.0140625
0 0.77890625 0.12890625 0.0109375 0.0109375
0 0.8390625 0.21796875 0.021875 0.0140625
0 0.86875 0.24296875 0.015625 0.0140625
0 0.93359375 0.265625 0.0171875 0.0125
0 0.865625 0.42109375 0.03125 0.0171875
0 0.921875 0.41640625 0.021875 0.0203125
0 0.821875 0.421875 0.015625 0.015625
0 0.7546875 0.4109375 0.03125 0.01875
0 0.14375 0.41640625 0.025 0.0109375
0 0.16796875 0.40390625 0.0328125 0.0109375
0 0.1203125 0.41171875 0.0125 0.0109375
0 0.5609375 0.41796875 0.028125 0.0140625
