0 0.01015625 0.30390625 0.0109375 0.0234375
0 0.01796875 0.465625 0.0109375 0.034375
0 0.01171875 0.5046875 0.0109375 0.0375
0 0.01875 0.56875 0.0125 0.0375
0 0.02578125 0.6 0.0109375 0.025
0 0.0203125 0.63203125 0.01875 0.0359375
0 0.01484375 0.6921875 0.0109375 0.015625
0 0.025 0.925 0.015625 0.04375
0 0.74375 0.2 0.0125 0.025
0 0.740625 0.2921875 0.015625 0.040625
0 0.73515625 0.33125 0.0140625 0.025
0 0.74296875 0.3671875 0.0140625 0.034375
0 0.74765625 0.49921875 0.0109375 0.0265625
0 0.74453125 0.64609375 0.0109375 0.0390625
0 0.73515625 0.7828125 0.0109375 0.0375
0 0.73671875 0.94296875 0.0109375 0.0171875
