0 0.41796875 0.21953125 0.0140625 0.0296875
0 0.43359375 0.2484375 0.0109375 0.025
0 0.42265625 0.25625 0.0109375 0.040625
0 0.428125 0.30078125 0.0125 0.0484375
0 0.4328125 0.3421875 0.015625 0.01875
0 0.4328125 0.44921875 0.0125 0.0296875
0 0.43046875 0.49609375 0.0140625 0.0296875
0 0.43515625 0.56953125 0.0109375 0.0359375
0 0.43671875 0.61171875 0.0140625 0.0484375
0 0.434375 0.66953125 0.0125 0.0234375
0 0.440625 0.75078125 0.01875 0.0578125
0 0.44296875 0.83359375 0.0109375 0.0296875
0 0.45546875 0.91015625 0.0234375 0.0546875
0 0.45859375 0.95703125 0.0109375 0.0203125
0 0.45390625 0.990625 0.0203125 0.01875
