0 0.21796875 0.07265625 0.0109375 0.0203125
0 0.23515625 0.09609375 0.0109375 0.0234375
0 0.2265625 0.0375 0.0125 0.0375
0 0.22734375 0.446875 0.0109375 0.021875
0 0.23046875 0.67265625 0.0109375 0.0203125
0 0.234375 0.80703125 0.0125 0.0359375
0 0.21953125 0.8265625 0.0140625 0.01875
0 0.96171875 0.16171875 0.0109375 0.0140625
0 0.9515625 0.2109375 0.0125 0.021875
0 0.96328125 0.365625 0.0109375 0.015625
0 0.959375 0.54296875 0.0125 0.0171875
0 0.9609375 0.64140625 0.0125 0.0265625
0 0.96640625 0.68984375 0.0140625 0.0546875
0 0.96640625 0.803125 0.0109375 0.028125
0 0.97578125 0.95546875 0.0109375 0.0265625
