0 0.11640625 0.396875 0.0171875 0.01875
0 0.253125 0.25703125 0.0125 0.0234375
0 0.27265625 0.52109375 0.0171875 0.0359375
0 0.265625 0.43359375 0.0125 0.0265625
0 0.26484375 0.3 0.0109375 0.01875
0 0.10546875 0.37421875 0.0109375 0.0265625
0 0.85546875 0.4265625 0.0140625 0.028125
0 0.85625 0.85390625 0.015625 0.0296875
0 0.84609375 0.83046875 0.0109375 0.0171875
0 0.84296875 0.8 0.0109375 0.01875
0 0.85390625 0.9609375 0.0140625 0.028125
0 0.8453125 0.54375 0.0125 0.025
0 0.64140625 0.17109375 0.0265625 0.0109375
0 0.6640625 0.178125 0.025 0.0125
0 0.62421875 0.17890625 0.0234375 0.0140625
0 0.73203125 0.16328125 0.0265625 0.0109375
0 0.73203125 0.1734375 0.0265625 0.0125
0 0.14609375 0.40546875 0.0234375 0.0109375
0 0.27109375 0.484375 0.0109375 0.021875
0 0.11484375 0.659375 0.0109375 0.01875
