0 0.1703125 0.07578125 0.021875 0.0359375
0 0.16875 0.13515625 0.0125 0.0328125
0 0.16640625 0.3171875 0.0109375 0.04375
0 0.17578125 0.41640625 0.0109375 0.0171875
0 0.17109375 0.44453125 0.0140625 0.0265625
0 0.1765625 0.4875 0.015625 0.04375
0 0.1859375 0.85 0.015625 0.034375
0 0.1765625 0.88984375 0.0125 0.0296875
0 0.9859375 0.00703125 0.015625 0.0140625
0 0.98203125 0.03125 0.0140625 0.028125
0 0.9828125 0.18359375 0.0125 0.0265625
0 0.990625 0.2328125 0.0125 0.01875
0 0.86953125 0.31171875 0.0140625 0.0234375
0 0.98359375 0.34765625 0.0203125 0.0328125
0 0.98828125 0.84453125 0.0203125 0.0265625
0 0.9875 0.93828125 0.01875 0.0203125
0 0.9921875 0.9890625 0.015625 0.021875
