0 0.4671875 0.2484375 0.0125 0.0125
0 0.4046875 0.37265625 0.015625 0.0234375
0 0.56953125 0.70703125 0.0109375 0.0140625
0 0.50390625 0.04921875 0.0234375 0.0171875
0 0.5546875 0.02734375 0.01875 0.0140625
0 0.81328125 0.01484375 0.0234375 0.0109375
0 0.9796875 0.18515625 0.01875 0.0109375
0 0.62734375 0.18203125 0.0265625 0.0109375
0 0.565625 0.1890625 0.01875 0.01875
0 0.35703125 0.18203125 0.0296875 0.0171875
0 0.39375 0.19375 0.015625 0.015625
0 0.15390625 0.0140625 0.0203125 0.0125
0 0.1609375 0.20078125 0.021875 0.0109375
0 0.1953125 0.2015625 0.015625 0.0125
0 0.15703125 0.18515625 0.0296875 0.0109375
0 0.56015625 0.78984375 0.0109375 0.0140625
