0 0.27890625 0.03359375 0.0171875 0.0359375
0 0.421875 0.30859375 0.0125 0.0234375
0 0.42109375 0.41484375 0.0140625 0.0265625
0 0.278125 0.48984375 0.0125 0.0234375
0 0.28125 0.6265625 0.0125 0.04375
0 0.43125 0.59375 0.0125 0.021875
0 0.28515625 0.6953125 0.0109375 0.01875
0 0.43203125 0.7328125 0.0140625 0.025
0 0.43984375 0.8375 0.0109375 0.025
0 0.43359375 0.89296875 0.0140625 0.0296875
0 0.43515625 0.984375 0.0109375 0.03125
0 0.4046875 0.18125 0.0125 0.034375
0 0.99453125 0.56171875 0.0109375 0.0265625
