0 0.95078125 0.25625 0.0109375 0.01875
0 0.953125 0.27890625 0.0125 0.0234375
0 0.95390625 0.4296875 0.0109375 0.028125
0 0.9546875 0.45859375 0.0125 0.0265625
0 0.95703125 0.5703125 0.0109375 0.028125
0 0.95078125 0.72578125 0.0171875 0.0515625
0 0.9546875 0.8734375 0.0125 0.046875
0 0.93828125 0.98203125 0.0109375 0.0140625
0 0.17421875 0.18359375 0.0109375 0.0140625
0 0.17890625 0.2921875 0.0109375 0.025
0 0.1890625 0.3828125 0.0125 0.01875
0 0.17265625 0.48203125 0.0171875 0.0390625
0 0.18671875 0.6546875 0.0140625 0.025
0 0.18203125 0.6140625 0.0171875 0.0375
0 0.17890625 0.7125 0.0109375 0.015625
0 0.1796875 0.8390625 0.0125 0.015625
0 0.17109375 0.8671875 0.0109375 0.021875
0 0.9640625 0.06484375 0.0125 0.0203125
0 0.94765625 0.14921875 0.0140625 0.0265625
0 0.95859375 0.19453125 0.0109375 0.0203125
