0 0.75546875 0.2859375 0.0109375 0.0625
0 0.0078125 0.24765625 0.015625 0.0234375
0 0.0125 0.33046875 0.0125 0.0546875
0 0.01328125 0.56171875 0.0109375 0.0171875
0 0.00625 0.60859375 0.0125 0.0328125
0 0.01484375 0.6390625 0.0171875 0.025
0 0.01171875 0.76640625 0.0109375 0.0203125
0 0.00546875 0.809375 0.0109375 0.040625
0 0.73515625 0.37890625 0.0109375 0.0328125
0 0.7515625 0.5734375 0.0125 0.025
0 0.75078125 0.60234375 0.0109375 0.0203125
0 0.734375 0.646875 0.0125 0.025
0 0.74140625 0.696875 0.0109375 0.03125
