0 0.68515625 0.1046875 0.0390625 0.05
0 0.69609375 0.02265625 0.0203125 0.0328125
0 0.6953125 0.05 0.015625 0.021875
0 0.68984375 0.1765625 0.0140625 0.01875
0 0.70234375 0.3765625 0.0140625 0.025
0 0.69140625 0.40390625 0.0140625 0.0234375
0 0.690625 0.475 0.0125 0.025
0 0.70234375 0.53046875 0.0140625 0.0828125
0 0.70390625 0.6125 0.0109375 0.040625
0 0.68828125 0.67109375 0.0109375 0.0359375
0 0.7046875 0.846875 0.028125 0.05625
0 0.01953125 0.0828125 0.0140625 0.021875
0 0.0234375 0.12109375 0.021875 0.0484375
0 0.02421875 0.3984375 0.0140625 0.03125
0 0.01953125 0.5 0.0171875 0.028125
0 0.01640625 0.5921875 0.0171875 0.053125
0 0.01484375 0.753125 0.0140625 0.028125
0 0.0296875 0.84140625 0.01875 0.0421875
