0 0.03671875 0.19921875 0.0109375 0.0234375
0 0.05078125 0.21484375 0.0109375 0.0296875
0 0.04921875 0.32734375 0.0140625 0.0484375
0 0.065625 0.6375 0.0125 0.025
0 0.0671875 0.95859375 0.0125 0.0265625
0 0.64765625 0.2734375 0.0140625 0.021875
0 0.70078125 0.371875 0.0140625 0.03125
0 0.73203125 0.63671875 0.0109375 0.0359375
0 0.79765625 0.67421875 0.0140625 0.0234375
0 0.79453125 0.63828125 0.0140625 0.0203125
0 0.76796875 0.6453125 0.0140625 0.01875
0 0.74140625 0.6984375 0.0109375 0.046875
0 0.78046875 0.72734375 0.0109375 0.0234375
0 0.78671875 0.74921875 0.0140625 0.0203125
0 0.78046875 0.99375 0.0109375 0.0125
