0 0.43515625 0.0078125 0.0109375 0.015625
0 0.29296875 0.03125 0.0109375 0.015625
0 0.4390625 0.0765625 0.0125 0.03125
0 0.440625 0.05 0.0125 0.01875
0 0.296875 0.13515625 0.0125 0.0328125
0 0.4375 0.14453125 0.0125 0.0171875
0 0.43203125 0.18984375 0.0140625 0.0421875
0 0.29765625 0.2171875 0.0109375 0.01875
0 0.30234375 0.23828125 0.0171875 0.0234375
0 0.2984375 0.26328125 0.015625 0.0234375
0 0.44765625 0.29296875 0.0109375 0.0546875
0 0.29765625 0.38828125 0.0109375 0.0265625
0 0.29765625 0.421875 0.0109375 0.028125
0 0.44140625 0.47734375 0.0109375 0.0328125
0 0.33984375 0.57890625 0.0140625 0.0265625
0 0.32578125 0.596875 0.0109375 0.015625
0 0.33984375 0.72734375 0.0109375 0.0234375
0 0.346875 0.79453125 0.0125 0.0203125
0 0.36015625 0.79453125 0.0109375 0.0140625
0 0.35 0.84375 0.015625 0.028125
0 0.42265625 0.8171875 0.0109375 0.015625
0 0.4453125 0.790625 0.0125 0.025
0 0.40703125 0.79921875 0.0296875 0.0171875
0 0.43984375 0.709375 0.0109375 0.040625
