0 0.14140625 0.3703125 0.0109375 0.01875
0 0.14375 0.3078125 0.015625 0.025
0 0.12890625 0.33828125 0.0109375 0.0265625
0 0.28671875 0.246875 0.0109375 0.028125
0 0.3890625 0.14609375 0.015625 0.0109375
0 0.29765625 0.05859375 0.0109375 0.0265625
0 0.40078125 0.0125 0.0109375 0.021875
0 0.6453125 0.19140625 0.01875 0.0109375
0 0.6890625 0.18984375 0.01875 0.0109375
0 0.75703125 0.18515625 0.0265625 0.0109375
0 0.6796875 0.09921875 0.0125 0.0203125
0 0.21875 0.28828125 0.0125 0.0265625
0 0.01015625 0.17890625 0.0203125 0.0109375
0 0.08046875 0.1453125 0.0109375 0.025
0 0.99453125 0.2078125 0.0109375 0.0125
0 0.92734375 0.26015625 0.0203125 0.0140625
0 0.859375 0.48828125 0.0125 0.0203125
0 0.87265625 0.49921875 0.0140625 0.0171875
0 0.86015625 0.51953125 0.0140625 0.0203125
0 0.8625 0.55703125 0.0125 0.0234375
0 0.86953125 0.6078125 0.0140625 0.015625
0 0.8671875 0.8671875 0.0125 0.028125
