0 0.03515625 0.2859375 0.0109375 0.0125
0 0.0859375 0.27890625 0.015625 0.0109375
0 0.103125 0.27890625 0.01875 0.0234375
0 0.1578125 0.18671875 0.01875 0.0234375
0 0.05859375 0.0609375 0.0171875 0.028125
0 0.0390625 0.01015625 0.025 0.0171875
0 0.215625 0.44609375 0.0125 0.0265625
0 0.21484375 0.40625 0.0140625 0.015625
0 0.30703125 0.3890625 0.0109375 0.0125
0 0.26171875 0.31484375 0.0203125 0.0359375
0 0.22734375 0.26953125 0.0109375 0.0140625
0 0.23828125 0.053125 0.0140625 0.0125
0 0.44375 0.0359375 0.021875 0.015625
0 0.5078125 0.31015625 0.015625 0.0171875
0 0.36484375 0.43671875 0.0140625 0.0109375
0 0.43984375 0.46875 0.0203125 0.0125
0 0.8296875 0.18359375 0.0125 0.0109375
0 0.609375 0.1328125 0.015625 0.01875
0 0.61171875 0.11640625 0.0265625 0.0140625
0 0.91328125 0.4515625 0.0109375 0.0125
