0 0.03671875 0.2375 0.0140625 0.04375
0 0.025 0.25703125 0.0125 0.0546875
0 0.03125 0.46640625 0.0125 0.0171875
0 0.73671875 0.09140625 0.0109375 0.0390625
0 0.75390625 0.128125 0.0109375 0.03125
0 0.746875 0.18359375 0.0125 0.0515625
0 0.74453125 0.2984375 0.0140625 0.034375
0 0.75234375 0.34453125 0.0109375 0.0328125
0 0.740625 0.3921875 0.0125 0.06875
0 0.74453125 0.51796875 0.0140625 0.0390625
0 0.759375 0.55 0.0125 0.065625
0 0.74921875 0.69921875 0.0109375 0.0453125
0 0.73515625 0.8265625 0.0109375 0.028125
