0 0.55703125 0.0078125 0.0171875 0.015625
0 0.6890625 0.21796875 0.0125 0.0171875
0 0.9046875 0.2703125 0.01875 0.025
0 0.85 0.46953125 0.015625 0.0234375
0 0.91875 0.5984375 0.015625 0.01875
0 0.91015625 0.56484375 0.0171875 0.0296875
0 0.05625 0.54921875 0.01875 0.0203125
0 0.1515625 0.43671875 0.01875 0.0296875
0 0.29140625 0.66328125 0.0203125 0.0515625
0 0.33046875 0.72578125 0.0171875 0.0203125
0 0.19921875 0.78984375 0.0109375 0.0171875
0 0.18359375 0.76015625 0.0109375 0.0140625
0 0.1625 0.74140625 0.0125 0.0203125
0 0.23671875 0.8515625 0.0171875 0.0375
