0 0.15703125 0.2265625 0.0140625 0.01875
0 0.14609375 0.24609375 0.0140625 0.0234375
0 0.159375 0.4265625 0.015625 0.03125
0 0.15390625 0.47578125 0.0140625 0.0234375
0 0.1578125 0.590625 0.01875 0.0875
0 0.1671875 0.8078125 0.015625 0.01875
0 0.17578125 0.9046875 0.0234375 0.04375
0 0.1640625 0.97890625 0.01875 0.0359375
0 0.965625 0.08515625 0.015625 0.0203125
0 0.9609375 0.2203125 0.01875 0.0375
0 0.953125 0.3109375 0.0125 0.015625
0 0.9625 0.38359375 0.015625 0.0328125
0 0.9609375 0.54765625 0.0125 0.0453125
0 0.9609375 0.903125 0.0125 0.01875
0 0.95703125 0.928125 0.0109375 0.028125
0 0.946875 0.9859375 0.01875 0.028125
0 0.96171875 0.990625 0.0140625 0.01875
