0 0.66953125 0.0375 0.0203125 0.05
0 0.671875 0.0890625 0.015625 0.028125
0 0.67578125 0.17578125 0.0234375 0.0640625
0 0.68046875 0.2453125 0.0265625 0.046875
0 0.67109375 0.278125 0.0109375 0.0125
0 0.68359375 0.31875 0.0140625 0.034375
0 0.68125 0.37734375 0.01875 0.0453125
0 0.6796875 0.425 0.0125 0.034375
0 0.66875 0.4671875 0.01875 0.03125
0 0.684375 0.5609375 0.015625 0.034375
0 0.6875 0.653125 0.0125 0.025
0 0.6921875 0.70546875 0.021875 0.0671875
0 0.67890625 0.78046875 0.0140625 0.0296875
0 0.68984375 0.82734375 0.0171875 0.0359375
0 0.69453125 0.86953125 0.0234375 0.0265625
0 0.678125 0.946875 0.015625 0.021875
0 0.6921875 0.9359375 0.0125 0.04375
0 0.0078125 0.12578125 0.015625 0.0328125
0 0.00625 0.1734375 0.0125 0.01875
0 0.00625 0.32890625 0.0125 0.0296875
0 0.01171875 0.67109375 0.0140625 0.0171875
0 0.01953125 0.740625 0.0171875 0.025
0 0.0078125 0.790625 0.015625 0.03125
0 0.0078125 0.88515625 0.015625 0.0484375
0 0.0203125 0.9265625 0.015625 0.025
0 0.00703125 0.3953125 0.0140625 0.075
