0 0.39453125 0.00859375 0.0203125 0.0171875
0 0.45546875 0.040625 0.0109375 0.01875
0 0.36796875 0.1015625 0.0109375 0.01875
0 0.3671875 0.24921875 0.015625 0.0328125
0 0.3796875 0.29765625 0.0125 0.0203125
0 0.48515625 0.246875 0.0140625 0.028125
0 0.45703125 0.515625 0.0171875 0.0375
0 0.46015625 0.5546875 0.0109375 0.025
0 0.4625 0.6578125 0.015625 0.034375
0 0.475 0.6984375 0.015625 0.025
0 0.45546875 0.8 0.0140625 0.021875
0 0.46015625 0.86328125 0.0140625 0.0328125
0 0.46484375 0.96796875 0.0171875 0.0390625
