0 0.26796875 0.55703125 0.0140625 0.0171875
0 0.259375 0.00546875 0.0125 0.0109375
0 0.27578125 0.02890625 0.0171875 0.0578125
0 0.26484375 0.06640625 0.0109375 0.0265625
0 0.27578125 0.08046875 0.0109375 0.0203125
0 0.27421875 0.13046875 0.0140625 0.0234375
0 0.27421875 0.23046875 0.0203125 0.0515625
0 0.2671875 0.31484375 0.0125 0.0203125
0 0.26640625 0.3546875 0.0109375 0.040625
0 0.265625 0.534375 0.015625 0.021875
0 0.25703125 0.58203125 0.0203125 0.0359375
0 0.26171875 0.61328125 0.0109375 0.0109375
0 0.25546875 0.6484375 0.0109375 0.025
0 0.246875 0.7734375 0.0125 0.03125
0 0.2390625 0.809375 0.015625 0.021875
0 0.25078125 0.85390625 0.0140625 0.0203125
0 0.2390625 0.92578125 0.01875 0.0265625
0 0.2375 0.9625 0.01875 0.034375
0 0.24609375 0.88046875 0.0140625 0.0140625
