0 0.91484375 0.7640625 0.0359375 0.0375
0 0.2578125 0.06953125 0.021875 0.0484375
0 0.3578125 0.18203125 0.025 0.0265625
0 0.38671875 0.18359375 0.0234375 0.0265625
0 0.51640625 0.334375 0.0265625 0.028125
0 0.50703125 0.30078125 0.0328125 0.0359375
0 0.6625 0.49609375 0.0375 0.0421875
0 0.68984375 0.5234375 0.0265625 0.025
0 0.71796875 0.540625 0.0265625 0.028125
0 0.8609375 0.72421875 0.028125 0.0328125
0 0.8921875 0.73359375 0.034375 0.0359375
0 0.95625 0.796875 0.0375 0.040625
0 0.97265625 0.83515625 0.0359375 0.0359375
0 0.73203125 0.571875 0.0234375 0.05625
0 0.7265625 0.58671875 0.0125 0.0296875
0 0.221875 0.021875 0.0375 0.040625
0 0.2859375 0.06875 0.03125 0.034375
0 0.4171875 0.2296875 0.021875 0.03125
0 0.3921875 0.20859375 0.021875 0.0328125
0 0.41875 0.2109375 0.015625 0.0375
