0 0.3328125 0.57578125 0.015625 0.0390625
0 0.39375 0.121875 0.01875 0.0375
0 0.378125 0.13984375 0.0125 0.0234375
0 0.36640625 0.23359375 0.0109375 0.0203125
0 0.36796875 0.2734375 0.0109375 0.01875
0 0.3625 0.3578125 0.0125 0.028125
0 0.36171875 0.30234375 0.0203125 0.0390625
0 0.346875 0.48828125 0.015625 0.0328125
0 0.32890625 0.515625 0.0140625 0.034375
0 0.321875 0.5984375 0.0125 0.01875
0 0.2875 0.81484375 0.021875 0.0359375
0 0.28515625 0.859375 0.0109375 0.025
0 0.27734375 0.87578125 0.0109375 0.0296875
0 0.2953125 0.76875 0.0125 0.01875
