0 0.15546875 0.83515625 0.0109375 0.0515625
0 0.0609375 0.10625 0.015625 0.021875
0 0.1234375 0.059375 0.025 0.025
0 0.14453125 0.090625 0.0109375 0.0125
0 0.13984375 0.10625 0.0140625 0.040625
0 0.0125 0.17890625 0.015625 0.0203125
0 0.0078125 0.25390625 0.015625 0.0203125
0 0.00703125 0.3578125 0.0140625 0.01875
0 0.00546875 0.4015625 0.0109375 0.025
0 0.00625 0.59375 0.0125 0.0375
0 0.14921875 0.234375 0.0140625 0.05
0 0.1515625 0.15078125 0.0125 0.0390625
0 0.16171875 0.58046875 0.0140625 0.0234375
0 0.01640625 0.92109375 0.0109375 0.0328125
