0 0.36484375 0.01640625 0.0140625 0.0171875
0 0.3984375 0.0078125 0.028125 0.015625
0 0.4171875 0.13671875 0.015625 0.0421875
0 0.421875 0.18203125 0.015625 0.0328125
0 0.38828125 0.12734375 0.0140625 0.0265625
0 0.4015625 0.14296875 0.0125 0.0453125
0 0.5140625 0.140625 0.01875 0.01875
0 0.36796875 0.21796875 0.0140625 0.0234375
0 0.421875 0.228125 0.0125 0.025
0 0.39453125 0.34296875 0.0109375 0.0109375
0 0.40234375 0.340625 0.0109375 0.015625
0 0.41484375 0.37734375 0.0109375 0.0421875
0 0.41640625 0.61015625 0.0109375 0.0265625
0 0.41328125 0.6453125 0.0140625 0.0625
0 0.415625 0.73984375 0.01875 0.0421875
0 0.3828125 0.88671875 0.015625 0.0234375
