0 0.6328125 0.5921875 0.021875 0.015625
0 0.0515625 0.4796875 0.025 0.025
0 0.1609375 0.5265625 0.028125 0.021875
0 0.2015625 0.54296875 0.01875 0.0203125
0 0.2484375 0.55546875 0.025 0.0234375
0 0.14609375 0.27890625 0.0109375 0.0203125
0 0.16015625 0.09921875 0.0140625 0.0515625
0 0.04140625 0.59921875 0.0328125 0.0140625
0 0.30546875 0.5859375 0.0171875 0.0125
0 0.35546875 0.59140625 0.0421875 0.0140625
0 0.371875 0.60703125 0.015625 0.0140625
0 0.40078125 0.60390625 0.0296875 0.0234375
0 0.4359375 0.60703125 0.025 0.0171875
0 0.525 0.60234375 0.034375 0.0265625
0 0.5609375 0.6015625 0.028125 0.021875
0 0.596875 0.61328125 0.0125 0.0140625
0 0.65546875 0.60390625 0.0171875 0.0109375
0 0.68984375 0.596875 0.0296875 0.0125
0 0.73671875 0.58671875 0.0265625 0.0140625
0 0.840625 0.59453125 0.01875 0.0171875
0 0.86328125 0.590625 0.0203125 0.015625
0 0.91953125 0.52265625 0.0109375 0.0265625
0 0.934375 0.4015625 0.015625 0.021875
0 0.80625 0.9 0.0125 0.028125
