0 0.15625 0.8609375 0.015625 0.025
0 0.18046875 0.57265625 0.0171875 0.0328125
0 0.2171875 0.38671875 0.0125 0.0203125
0 0.1546875 0.89140625 0.015625 0.0390625
0 0.25390625 0.1859375 0.0171875 0.03125
0 0.24140625 0.159375 0.0171875 0.028125
0 0.2328125 0.20625 0.015625 0.028125
0 0.1984375 0.53046875 0.015625 0.0234375
0 0.19296875 0.58046875 0.0109375 0.0171875
0 0.97578125 0.1890625 0.0109375 0.025
0 0.984375 0.21484375 0.0125 0.0203125
0 0.97578125 0.27734375 0.0140625 0.0234375
0 0.92578125 0.6796875 0.0109375 0.021875
0 0.88203125 0.9859375 0.0171875 0.028125
0 0.95703125 0.42734375 0.0109375 0.0265625
0 0.17734375 0.61484375 0.0140625 0.0203125
0 0.25078125 0.1359375 0.0171875 0.021875
0 0.25546875 0.11796875 0.0140625 0.0203125
0 0.14140625 0.98828125 0.0171875 0.0234375
