0 0.13046875 0.03984375 0.0203125 0.0359375
0 0.13515625 0.0984375 0.0109375 0.03125
0 0.13359375 0.1640625 0.0140625 0.025
0 0.121875 0.40625 0.0125 0.040625
0 0.12578125 0.459375 0.0109375 0.028125
0 0.1296875 0.56328125 0.015625 0.0390625
0 0.165625 0.63671875 0.0125 0.0171875
0 0.1 0.67421875 0.01875 0.0265625
0 0.0859375 0.7375 0.0125 0.05625
0 0.1328125 0.81015625 0.015625 0.0140625
0 0.16640625 0.796875 0.0234375 0.015625
0 0.2296875 0.77421875 0.015625 0.0265625
0 0.26875 0.7875 0.028125 0.015625
0 0.02265625 0.87109375 0.0109375 0.0640625
0 0.84140625 0.10859375 0.0109375 0.0234375
0 0.83046875 0.37109375 0.0109375 0.0140625
0 0.82890625 0.41484375 0.0109375 0.0421875
0 0.81484375 0.5140625 0.0109375 0.021875
