0 0.096875 0.17734375 0.0125 0.0265625
0 0.11953125 0.19453125 0.0140625 0.0296875
0 0.175 0.19921875 0.015625 0.0234375
0 0.35390625 0.25 0.0234375 0.028125
0 0.4203125 0.26171875 0.0125 0.0328125
0 0.478125 0.28046875 0.015625 0.0265625
0 0.63359375 0.33125 0.0296875 0.01875
0 0.690625 0.353125 0.028125 0.028125
0 0.6140625 0.0484375 0.021875 0.034375
0 0.93359375 0.21171875 0.0109375 0.0328125
0 0.92734375 0.25546875 0.0109375 0.0234375
0 0.8890625 0.4296875 0.0125 0.01875
0 0.94375 0.43203125 0.028125 0.0359375
0 0.98046875 0.45390625 0.0234375 0.0359375
0 0.7703125 0.62265625 0.03125 0.0171875
0 0.740625 0.628125 0.025 0.01875
0 0.70078125 0.6296875 0.0328125 0.01875
0 0.6015625 0.62421875 0.0375 0.0171875
0 0.20625 0.56015625 0.0375 0.0265625
0 0.203125 0.63203125 0.03125 0.0171875
0 0.06328125 0.62734375 0.0171875 0.0171875
0 0.05078125 0.4890625 0.0328125 0.01875
0 0.08125 0.6078125 0.021875 0.021875
0 0.40859375 0.94296875 0.0140625 0.0171875
