0 0.409131 0.815198 0.006709 0.011519
0 0.409846 0.687461 0.006548 0.011084
0 0.629800 0.813689 0.004980 0.013364
0 0.633879 0.809500 0.003140 0.005767
0 0.634954 0.926208 0.002798 0.009272
0 0.631040 0.937427 0.004199 0.010010
0 0.638066 0.908093 0.003496 0.007349
0 0.618191 0.396692 0.003149 0.007349
0 0.610896 0.004294 0.004536 0.006548
0 0.616909 0.061265 0.004619 0.008623
0 0.618003 0.262488 0.006133 0.009683
0 0.621230 0.284673 0.008330 0.012764
0 0.618838 0.722200 0.008740 0.014790
0 0.407190 0.529751 0.005249 0.009971
0 0.411499 0.582256 0.007559 0.012393
0 0.413752 0.658237 0.005288 0.011592
0 0.407202 0.673352 0.005791 0.012095
0 0.617053 0.696504 0.005591 0.016406
0 0.399138 0.881206 0.004536 0.010332
0 0.399895 0.914463 0.006548 0.015869
0 0.403674 0.966741 0.006050 0.015112
0 0.162197 0.060347 0.004785 0.012344
0 0.161021 0.140159 0.006953 0.011489
0 0.165583 0.201282 0.007983 0.020317
0 0.175515 0.300479 0.005796 0.015371
0 0.163420 0.269766 0.008062 0.013604
0 0.361284 0.005032 0.008770 0.009399
0 0.360073 0.059919 0.008770 0.015718
0 0.358342 0.023931 0.004409 0.013857
0 0.364326 0.024141 0.005879 0.015117
0 0.367810 0.187651 0.005874 0.010498
0 0.362559 0.138928 0.010234 0.012085
0 0.375381 0.239490 0.008047 0.013296
0 0.387070 0.369990 0.006045 0.011787
0 0.615386 0.073518 0.006650 0.011196
0 0.619556 0.748599 0.008828 0.017432
0 0.638960 0.515356 0.010693 0.021846
0 0.403523 0.441567 0.010581 0.015371
0 0.162566 0.092356 0.006108 0.011128
0 0.356697 0.107852 0.004546 0.012773
0 0.615332 0.043774 0.004033 0.008311
0 0.617095 0.089124 0.002520 0.009321
0 0.621001 0.101594 0.003779 0.013101
0 0.622512 0.139387 0.004790 0.008062
0 0.623647 0.200610 0.005039 0.005039
0 0.625032 0.220764 0.004282 0.015112
0 0.624023 0.234619 0.006299 0.010078
0 0.621499 0.295620 0.004375 0.006123
0 0.619570 0.271548 0.003848 0.006123
0 0.615989 0.360737 0.005601 0.010322
0 0.636536 0.571565 0.006841 0.025366
0 0.628262 0.639111 0.003457 0.004219
0 0.626914 0.633428 0.003223 0.006445
