0 0.623867 0.476538 0.006299 0.015283
0 0.638450 0.857725 0.013940 0.026494
0 0.625474 0.391592 0.007588 0.012266
0 0.628618 0.365527 0.006777 0.009199
0 0.630330 0.526340 0.007358 0.015103
0 0.398105 0.517249 0.005039 0.010581
0 0.626169 0.548369 0.005249 0.017500
0 0.630649 0.022207 0.005039 0.008818
0 0.627249 0.076711 0.006509 0.019312
0 0.617461 0.136790 0.004385 0.007778
0 0.607773 0.199670 0.005967 0.012075
0 0.609268 0.224951 0.006475 0.014697
0 0.615303 0.265291 0.004199 0.006509
0 0.619460 0.317944 0.004517 0.014434
0 0.623042 0.308003 0.002637 0.012393
0 0.627473 0.410222 0.002788 0.005688
0 0.622517 0.419263 0.002173 0.005391
0 0.624475 0.429177 0.003208 0.008022
0 0.620984 0.438945 0.004067 0.006855
0 0.635251 0.645906 0.007349 0.014692
0 0.397073 0.032463 0.004282 0.010835
0 0.403865 0.162410 0.005776 0.011489
0 0.400146 0.192554 0.006074 0.013906
0 0.400752 0.317485 0.005791 0.008564
0 0.391658 0.416348 0.007310 0.014609
0 0.393604 0.466252 0.006650 0.013003
0 0.395117 0.236765 0.007539 0.011899
0 0.610066 0.252625 0.010317 0.014497
