0 0.446587 0.433478 0.006299 0.010911
0 0.207524 0.043025 0.004150 0.014700
0 0.212043 0.036551 0.003706 0.007347
0 0.207820 0.065799 0.005688 0.010502
0 0.210542 0.095571 0.004443 0.008397
0 0.210684 0.110833 0.005332 0.018472
0 0.217617 0.102647 0.004268 0.007140
0 0.219553 0.137434 0.003560 0.006932
0 0.221868 0.166667 0.004995 0.015317
0 0.215854 0.220908 0.004170 0.006615
0 0.223352 0.282359 0.005103 0.011880
0 0.235027 0.295381 0.004009 0.006886
0 0.234539 0.305210 0.004253 0.007895
0 0.234399 0.317128 0.002393 0.005998
0 0.237485 0.315888 0.003223 0.006632
0 0.235088 0.362918 0.002871 0.008028
0 0.230071 0.352849 0.002847 0.007209
0 0.229089 0.394219 0.002544 0.006142
0 0.231379 0.376600 0.003120 0.008472
0 0.223708 0.384031 0.003540 0.007174
0 0.232178 0.240695 0.005371 0.008010
0 0.217212 0.122033 0.002617 0.005081
0 0.216965 0.230568 0.004048 0.008495
0 0.234778 0.343633 0.004976 0.008074
0 0.226833 0.344282 0.003569 0.010167
0 0.239902 0.412973 0.010850 0.005992
0 0.215911 0.187696 0.006919 0.011459
0 0.225396 0.222494 0.003291 0.008276
0 0.229741 0.228671 0.004219 0.008668
0 0.230945 0.273610 0.005396 0.009296
0 0.232085 0.434002 0.004736 0.012053
0 0.214373 0.511021 0.006196 0.012341
0 0.229451 0.458123 0.004858 0.015784
0 0.224539 0.451840 0.004009 0.011188
0 0.232292 0.487085 0.003892 0.006315
0 0.221863 0.579337 0.008394 0.021696
0 0.219885 0.514103 0.003882 0.017930
0 0.224207 0.524726 0.004487 0.009325
0 0.217195 0.602471 0.007974 0.013639
0 0.230129 0.627832 0.005103 0.022734
0 0.230693 0.695210 0.007979 0.019591
0 0.222278 0.736770 0.004829 0.010911
0 0.223752 0.772096 0.005542 0.012197
0 0.227991 0.761430 0.002632 0.004902
0 0.239731 0.863717 0.004619 0.010905
0 0.231167 0.952001 0.006416 0.018258
0 0.224475 0.666404 0.005103 0.012912
0 0.232983 0.910156 0.003037 0.014060
0 0.217727 0.620274 0.003794 0.009567
0 0.222966 0.622800 0.002603 0.008633
0 0.234329 0.858414 0.003745 0.019493
0 0.239146 0.848524 0.002549 0.006459
0 0.447686 0.025205 0.006299 0.010952
0 0.438411 0.026860 0.005601 0.015496
0 0.443823 0.039905 0.003770 0.007030
0 0.440549 0.070776 0.003647 0.010675
0 0.445391 0.049285 0.004082 0.007751
0 0.442712 0.115098 0.003345 0.006101
0 0.445376 0.139645 0.004375 0.016119
0 0.446125 0.183786 0.004829 0.009671
0 0.441946 0.187364 0.003022 0.007474
0 0.448311 0.202938 0.004619 0.007687
0 0.450168 0.243108 0.002798 0.007647
0 0.444043 0.252517 0.006299 0.013651
0 0.443586 0.278250 0.003569 0.008183
0 0.449363 0.292725 0.003765 0.005600
0 0.449275 0.324810 0.003931 0.007140
0 0.449399 0.349394 0.007412 0.012341
0 0.458906 0.345087 0.003516 0.012191
0 0.446792 0.375277 0.003643 0.014706
0 0.452258 0.366277 0.003989 0.011897
0 0.447422 0.392186 0.003887 0.009043
0 0.451453 0.410395 0.004009 0.008322
0 0.446541 0.402676 0.004253 0.005260
0 0.440078 0.435721 0.003359 0.006967
0 0.434309 0.499937 0.004956 0.014291
0 0.428623 0.512938 0.005830 0.010329
0 0.450625 0.309524 0.004375 0.016534
0 0.430276 0.541338 0.003677 0.007439
0 0.428525 0.550017 0.003320 0.007439
0 0.436443 0.770758 0.004536 0.009221
0 0.871328 0.029614 0.005742 0.017140
0 0.876768 0.341165 0.006348 0.018212
0 0.899470 0.792687 0.007837 0.020565
0 0.906267 0.936295 0.009321 0.018449
0 0.224153 0.150323 0.005298 0.007382
0 0.225520 0.175920 0.002856 0.006165
0 0.878752 0.410646 0.010581 0.019642
0 0.877639 0.140285 0.009067 0.026142
0 0.872839 0.058215 0.005747 0.016430
0 0.873989 0.179299 0.007559 0.012497
0 0.876370 0.234521 0.009575 0.025709
0 0.894585 0.741655 0.005459 0.010911
0 0.879006 0.532166 0.008765 0.015000
0 0.881729 0.566445 0.006953 0.018564
0 0.880366 0.588763 0.007861 0.012497
0 0.881426 0.618400 0.009375 0.028206
0 0.885657 0.669213 0.008765 0.012855
0 0.878955 0.480484 0.009824 0.024106
0 0.892437 0.448048 0.012598 0.021125
0 0.879131 0.371843 0.005293 0.011609
0 0.878679 0.291572 0.004956 0.011540
0 0.655571 0.710182 0.005801 0.012428
0 0.656431 0.741200 0.007559 0.018927
0 0.661602 0.953339 0.008467 0.018570
0 0.660845 0.882993 0.006953 0.017855
0 0.661370 0.993114 0.006089 0.013772
0 0.426538 0.636646 0.008467 0.022855
0 0.218613 0.112840 0.003369 0.006234
0 0.878401 0.384957 0.005396 0.012059
0 0.879763 0.446096 0.007173 0.025421
0 0.887883 0.745954 0.005073 0.015081
0 0.877451 0.307053 0.006270 0.016528
0 0.877014 0.323339 0.005688 0.013922
0 0.449490 0.258682 0.002993 0.006742
0 0.466255 0.950600 0.004854 0.015363
0 0.469341 0.971234 0.004072 0.009862
0 0.459888 0.923062 0.004463 0.011234
0 0.935542 0.564839 0.005439 0.018927
0 0.432502 0.480225 0.004917 0.015652
