0 0.368122 0.141470 0.005485 0.014223
0 0.355173 0.053017 0.007407 0.013385
0 0.206958 0.896733 0.011855 0.020236
0 0.117816 0.566449 0.010924 0.018736
0 0.100675 0.491233 0.010924 0.024291
0 0.412719 0.222432 0.011662 0.018135
0 0.408757 0.203473 0.009761 0.017149
0 0.761818 0.553250 0.006350 0.013716
0 0.723245 0.418706 0.006862 0.015399
0 0.742972 0.496716 0.006290 0.012784
0 0.749119 0.514000 0.008291 0.017135
0 0.659458 0.171797 0.006203 0.012581
0 0.641815 0.109588 0.005452 0.009122
0 0.634205 0.100203 0.009262 0.018824
0 0.646247 0.128095 0.007892 0.017432
0 0.634717 0.081375 0.008916 0.018831
0 0.618358 0.968676 0.010040 0.013554
0 0.609505 0.953534 0.006948 0.017595
0 0.604545 0.914389 0.008690 0.015777
0 0.588288 0.884537 0.010977 0.020453
0 0.576217 0.845780 0.009215 0.017264
0 0.542606 0.700382 0.010864 0.020912
0 0.536416 0.680047 0.009149 0.014716
0 0.515871 0.645635 0.005426 0.007932
0 0.515602 0.599149 0.011430 0.028568
0 0.501516 0.571186 0.009149 0.012331
0 0.492420 0.568497 0.003750 0.007845
0 0.484920 0.575838 0.009043 0.016027
0 0.497753 0.528554 0.009375 0.021378
0 0.474671 0.482912 0.004953 0.008905
0 0.485249 0.481943 0.013531 0.022466
0 0.450489 0.477963 0.008916 0.012777
0 0.428191 0.410922 0.011888 0.012547
0 0.450691 0.364193 0.018657 0.025101
0 0.403906 0.340074 0.007414 0.015338
0 0.398830 0.317764 0.006582 0.014784
0 0.421882 0.273287 0.008231 0.015615
0 0.390326 0.278027 0.006037 0.016730
