0 0.419797 0.483916 0.003501 0.004863
0 0.417559 0.473506 0.005449 0.011289
0 0.398977 0.444705 0.003696 0.007007
0 0.391628 0.436338 0.003599 0.006426
0 0.383611 0.402622 0.004204 0.007705
0 0.387671 0.366687 0.003643 0.005044
0 0.384871 0.297542 0.003921 0.006587
0 0.388093 0.232112 0.003364 0.006587
0 0.383721 0.169248 0.005742 0.010605
0 0.389092 0.126152 0.005020 0.010977
0 0.391621 0.104146 0.003271 0.005254
0 0.397227 0.079917 0.004434 0.005840
0 0.400496 0.064448 0.004204 0.005488
0 0.405413 0.056040 0.004136 0.007266
0 0.421755 0.028440 0.003901 0.007261
0 0.604031 0.113008 0.006558 0.011934
0 0.608569 0.096279 0.004541 0.007734
0 0.603108 0.269199 0.005044 0.009248
0 0.602434 0.233220 0.006050 0.018325
0 0.601760 0.203125 0.003364 0.006895
0 0.603457 0.282388 0.003359 0.008408
0 0.601843 0.173872 0.006558 0.012607
0 0.600415 0.144868 0.004707 0.014795
0 0.624570 0.055186 0.015215 0.009395
0 0.635957 0.048833 0.006504 0.007041
0 0.611311 0.615061 0.006890 0.009917
0 0.588979 0.030735 0.002822 0.005737
0 0.611143 0.605393 0.003867 0.006392
0 0.612825 0.564285 0.008237 0.011597
0 0.611580 0.554583 0.003364 0.005044
0 0.610142 0.541885 0.003018 0.008174
0 0.607854 0.530063 0.003696 0.007686
0 0.607439 0.503677 0.003208 0.006191
0 0.607100 0.498215 0.002080 0.003716
0 0.605208 0.423174 0.004038 0.013789
0 0.604536 0.369624 0.004707 0.010254
0 0.602771 0.329861 0.003530 0.006050
0 0.602349 0.306406 0.005381 0.010254
0 0.603623 0.042703 0.002920 0.004771
0 0.660713 0.028835 0.006455 0.006255
0 0.672021 0.029036 0.011719 0.006255
0 0.524932 0.030952 0.010898 0.007666
0 0.486497 0.028230 0.006255 0.007466
0 0.474592 0.025911 0.006255 0.006050
0 0.607168 0.490247 0.003271 0.008755
0 0.390745 0.926245 0.005444 0.009082
0 0.390339 0.878833 0.008677 0.005449
0 0.388672 0.812761 0.004180 0.009634
0 0.398013 0.777832 0.005352 0.006328
0 0.394919 0.750798 0.004438 0.006655
0 0.417207 0.662651 0.003926 0.006865
0 0.416719 0.653123 0.005742 0.006587
0 0.414336 0.633228 0.007988 0.008545
0 0.428123 0.551096 0.005181 0.007847
