0 0.349263 0.041819 0.006426 0.006772
0 0.244585 0.245664 0.007686 0.008564
0 0.268174 0.331155 0.006445 0.007144
0 0.196196 0.140803 0.008955 0.007749
0 0.351956 0.482876 0.008237 0.011436
0 0.368093 0.509358 0.004878 0.007563
0 0.224741 0.219219 0.007988 0.008232
0 0.362136 0.058757 0.014321 0.015737
0 0.383218 0.096785 0.015332 0.024009
0 0.238196 0.235950 0.006714 0.009438
0 0.340740 0.031428 0.008052 0.008638
0 0.284929 0.353313 0.006772 0.007241
0 0.294192 0.388525 0.010112 0.011855
0 0.327422 0.444275 0.008574 0.010425
