0 0.350640 0.589739 0.002793 0.008989
0 0.357883 0.843464 0.006089 0.013003
0 0.351033 0.778101 0.005796 0.015117
0 0.353452 0.808586 0.009570 0.018892
0 0.353242 0.711865 0.005977 0.019395
0 0.352729 0.678274 0.003936 0.016187
0 0.351660 0.519744 0.004902 0.009448
0 0.349946 0.435815 0.005596 0.012773
0 0.347961 0.379780 0.004282 0.007051
0 0.362339 0.882102 0.006123 0.010933
0 0.350098 0.553110 0.005137 0.007861
0 0.347375 0.349373 0.005747 0.011792
0 0.344382 0.259805 0.004790 0.016631
0 0.343748 0.156997 0.004233 0.006650
0 0.343384 0.138962 0.003848 0.007349
0 0.343296 0.127678 0.004375 0.006821
0 0.341206 0.070471 0.005039 0.011587
0 0.343748 0.184058 0.004839 0.009375
0 0.351345 0.660266 0.003501 0.007290
0 0.359563 0.860149 0.008188 0.018687
