0 0.911877 0.158804 0.003511 0.012656
0 0.909485 0.155754 0.003511 0.011958
0 0.422498 0.085906 0.004546 0.009058
0 0.412466 0.112434 0.005840 0.011323
0 0.925027 0.150261 0.008159 0.006411
0 0.934465 0.147708 0.008960 0.005649
0 0.340098 0.307253 0.008662 0.010903
0 0.304248 0.406531 0.005840 0.008872
0 0.597825 0.943145 0.004058 0.009775
0 0.409863 0.122095 0.004307 0.006455
0 0.395015 0.157646 0.004268 0.010869
0 0.376926 0.209783 0.006460 0.011460
0 0.371257 0.225056 0.003237 0.009868
0 0.367698 0.240989 0.005503 0.010679
0 0.362280 0.252554 0.004043 0.006631
0 0.352896 0.274426 0.006309 0.010190
0 0.600574 0.919614 0.002534 0.004961
0 0.785227 0.414429 0.010288 0.018477
0 0.795725 0.396897 0.005669 0.006509
0 0.796318 0.387002 0.005723 0.010205
0 0.804216 0.366106 0.006694 0.011909
0 0.819585 0.323521 0.008271 0.015430
0 0.827544 0.301042 0.004512 0.006440
0 0.835198 0.285308 0.004751 0.008262
0 0.846738 0.257788 0.016172 0.027822
0 0.597263 0.925625 0.003950 0.008809
0 0.725637 0.570527 0.005347 0.007412
0 0.682930 0.685737 0.007715 0.014521
0 0.671731 0.717402 0.006313 0.014521
0 0.724905 0.576665 0.003159 0.004131
0 0.650281 0.772839 0.004429 0.008608
0 0.149360 0.281704 0.008691 0.010625
0 0.741685 0.526511 0.004092 0.008501
0 0.747783 0.521099 0.004092 0.018682
0 0.199956 0.164580 0.005898 0.008945
0 0.738735 0.542070 0.009492 0.012832
0 0.598672 0.934111 0.002676 0.007598
0 0.729888 0.565486 0.002676 0.004858
0 0.645544 0.784050 0.005571 0.008813
0 0.856216 0.237922 0.005479 0.008022
0 0.904924 0.167549 0.003511 0.008662
