0 0.472649 0.173965 0.009204 0.033184
0 0.440403 0.479338 0.006392 0.010532
0 0.471953 0.066101 0.005918 0.014009
0 0.466614 0.044270 0.003267 0.005757
0 0.463447 0.035457 0.004463 0.006411
0 0.473022 0.083557 0.007100 0.013071
0 0.457363 0.515737 0.003242 0.005225
0 0.466726 0.537883 0.004321 0.004497
0 0.468557 0.985432 0.004927 0.016851
0 0.467522 0.968059 0.004409 0.010630
0 0.468430 0.944207 0.007261 0.025151
0 0.468816 0.917114 0.005962 0.020742
0 0.469985 0.886130 0.004150 0.009077
0 0.463818 0.665242 0.007520 0.023521
0 0.462078 0.648843 0.003228 0.004707
0 0.454292 0.508071 0.004707 0.008203
0 0.445767 0.377085 0.005322 0.010010
0 0.464109 0.640977 0.002690 0.005645
0 0.462891 0.706326 0.003711 0.006128
0 0.462485 0.732871 0.003877 0.009199
0 0.465632 0.778459 0.004038 0.009683
0 0.474233 0.099441 0.002363 0.005601
0 0.465845 0.801702 0.008086 0.026489
0 0.468669 0.590361 0.002466 0.004707
0 0.474185 0.122375 0.006133 0.011431
0 0.470352 0.576802 0.004707 0.011211
0 0.469878 0.550359 0.005420 0.011616
0 0.429124 0.439558 0.010923 0.024868
0 0.453262 0.358494 0.005664 0.011460
0 0.466191 0.321816 0.008066 0.014902
0 0.471536 0.290161 0.006040 0.011152
0 0.471650 0.271919 0.007666 0.015566
0 0.472742 0.234319 0.007437 0.012544
0 0.474045 0.204639 0.004741 0.007529
