0 0.509980 0.580913 0.006201 0.012266
0 0.269546 0.129946 0.008760 0.013477
0 0.255444 0.114670 0.002910 0.005630
0 0.248164 0.107292 0.005820 0.007183
0 0.487805 0.549102 0.003911 0.004717
0 0.279094 0.145786 0.010112 0.012354
0 0.514766 0.594124 0.003643 0.006606
0 0.534717 0.640430 0.002832 0.004854
0 0.537148 0.648494 0.003652 0.005708
0 0.545574 0.663191 0.013013 0.020317
0 0.565332 0.699546 0.005439 0.007568
0 0.576687 0.722546 0.005630 0.008931
0 0.601438 0.762146 0.006597 0.010483
0 0.612019 0.781169 0.013394 0.022905
0 0.655208 0.854546 0.005435 0.008154
0 0.670059 0.882598 0.011455 0.019609
0 0.682290 0.905405 0.011064 0.020576
0 0.692478 0.928020 0.005825 0.008735
0 0.701604 0.941609 0.008931 0.013003
0 0.496636 0.557256 0.009707 0.010781
0 0.469675 0.534541 0.003237 0.003906
0 0.463745 0.528206 0.006201 0.007681
0 0.437566 0.510117 0.011323 0.008896
0 0.409165 0.479514 0.019336 0.023062
0 0.394465 0.416741 0.006294 0.010337
0 0.392168 0.397981 0.006865 0.011235
0 0.385815 0.358889 0.008535 0.013931
0 0.374976 0.327322 0.007979 0.010562
0 0.367454 0.312212 0.009985 0.016064
0 0.350654 0.278511 0.007412 0.010674
0 0.337854 0.252056 0.005181 0.008086
0 0.322913 0.225264 0.015942 0.025498
0 0.298193 0.179600 0.006963 0.011006
0 0.287632 0.158818 0.004941 0.005615
