0 0.810938 0.627205 0.004482 0.009976
0 0.817783 0.621140 0.006387 0.010425
0 0.817449 0.635652 0.004146 0.008071
0 0.804697 0.656655 0.003506 0.010557
0 0.806860 0.664346 0.003506 0.010557
0 0.806155 0.702129 0.003501 0.009053
0 0.802134 0.688708 0.003506 0.009058
0 0.805872 0.710535 0.002241 0.004370
0 0.804023 0.726335 0.002803 0.009526
0 0.856357 0.638176 0.006357 0.008364
0 0.620547 0.274893 0.004844 0.009951
0 0.578318 0.652729 0.003901 0.006992
0 0.573735 0.645061 0.003389 0.006294
0 0.574460 0.785623 0.008071 0.018882
0 0.133027 0.662188 0.007529 0.011709
0 0.131213 0.730786 0.006694 0.009482
0 0.124519 0.796318 0.006138 0.008926
0 0.121294 0.906306 0.008828 0.010688
0 0.382473 0.002869 0.005161 0.005649
0 0.386667 0.015068 0.004839 0.016445
0 0.383198 0.024412 0.003389 0.008071
0 0.385701 0.065012 0.003550 0.005005
0 0.387751 0.093989 0.004819 0.008965
0 0.383828 0.085137 0.003252 0.008740
0 0.380889 0.101179 0.003271 0.010269
0 0.380486 0.127563 0.002241 0.005156
0 0.376399 0.129973 0.004146 0.010425
0 0.371523 0.149023 0.004258 0.011094
0 0.370176 0.162305 0.005381 0.012324
0 0.354138 0.206978 0.003901 0.006992
0 0.347422 0.228713 0.003389 0.007583
0 0.364687 0.170295 0.003066 0.005972
0 0.348459 0.246233 0.003921 0.007173
0 0.350139 0.270496 0.004370 0.008853
0 0.332993 0.262705 0.005488 0.007617
0 0.333608 0.274360 0.004482 0.008965
0 0.332737 0.299531 0.003950 0.012314
0 0.350476 0.302129 0.003247 0.006162
0 0.345544 0.335862 0.004146 0.013784
0 0.334346 0.331660 0.003486 0.013672
0 0.347473 0.315449 0.004185 0.011621
0 0.340732 0.435593 0.003252 0.007437
0 0.339629 0.388926 0.004033 0.008184
0 0.340823 0.467349 0.005688 0.013047
0 0.342678 0.544624 0.004360 0.010166
0 0.344460 0.568264 0.006636 0.009038
0 0.344534 0.598767 0.004839 0.011294
0 0.344131 0.621631 0.004199 0.012910
0 0.344312 0.704084 0.005342 0.009526
0 0.343596 0.719939 0.003364 0.007261
0 0.345449 0.731399 0.004258 0.009487
0 0.345935 0.745632 0.002905 0.010073
0 0.346611 0.783977 0.005811 0.009683
0 0.349727 0.906235 0.004414 0.012080
0 0.352739 0.945396 0.003896 0.007129
0 0.614875 0.007427 0.004185 0.009062
0 0.614062 0.027993 0.005811 0.013945
0 0.616267 0.131250 0.004302 0.010352
0 0.617478 0.165811 0.005376 0.010088
0 0.564983 0.078232 0.005112 0.009063
0 0.570972 0.098560 0.003906 0.010039
0 0.556194 0.148892 0.003901 0.010879
0 0.557324 0.174805 0.004258 0.006387
0 0.560811 0.213535 0.006201 0.012588
0 0.560676 0.262412 0.006196 0.020527
0 0.619150 0.283938 0.003486 0.007671
0 0.614375 0.307991 0.006064 0.009761
0 0.604280 0.325999 0.006274 0.013247
0 0.562100 0.354236 0.004648 0.012085
0 0.562566 0.369688 0.004185 0.010918
0 0.591729 0.360857 0.005811 0.010454
0 0.575115 0.404546 0.006040 0.008135
0 0.563457 0.401033 0.006777 0.014360
0 0.566104 0.434302 0.004258 0.008408
0 0.570881 0.456011 0.003550 0.007100
0 0.564587 0.451897 0.003872 0.010815
0 0.564478 0.464050 0.004707 0.006724
0 0.566965 0.473394 0.003228 0.007666
0 0.570881 0.510881 0.005327 0.007583
0 0.565862 0.515159 0.003716 0.016138
0 0.566814 0.531956 0.005034 0.009878
0 0.570784 0.550935 0.005620 0.009487
0 0.575430 0.571946 0.007939 0.008521
0 0.572292 0.605764 0.006587 0.009146
0 0.583372 0.633218 0.003872 0.011035
0 0.575916 0.667202 0.005229 0.009297
0 0.572817 0.693347 0.004844 0.010845
0 0.578589 0.679075 0.004453 0.010845
0 0.575488 0.745110 0.006006 0.009683
0 0.572876 0.765830 0.004648 0.011230
0 0.576160 0.808625 0.005054 0.018198
0 0.578879 0.840676 0.003101 0.007554
0 0.577813 0.825281 0.004453 0.009292
0 0.580039 0.944260 0.004844 0.011040
0 0.839426 0.016924 0.004839 0.012588
0 0.844509 0.056367 0.004263 0.009297
0 0.846233 0.091362 0.003950 0.006738
0 0.846902 0.123718 0.003696 0.008325
0 0.847463 0.162427 0.003950 0.011621
0 0.847930 0.190198 0.004883 0.010923
0 0.848018 0.240027 0.006777 0.017817
0 0.845498 0.214172 0.008711 0.011812
0 0.847791 0.296152 0.008032 0.012715
0 0.846140 0.273091 0.006128 0.010488
0 0.849861 0.410574 0.005298 0.010317
0 0.851672 0.448220 0.007808 0.014224
0 0.853437 0.426746 0.003682 0.005034
0 0.854622 0.407192 0.003140 0.011094
0 0.855740 0.494709 0.004185 0.008130
0 0.854890 0.564392 0.004839 0.008521
0 0.823965 0.601340 0.008115 0.017007
