0 0.609832 0.705466 0.003149 0.005776
0 0.610618 0.712334 0.003853 0.007617
0 0.611187 0.722925 0.003066 0.006035
0 0.612061 0.738066 0.002715 0.009365
0 0.610662 0.759639 0.003413 0.008750
0 0.611099 0.768699 0.003760 0.008491
0 0.611963 0.803569 0.003574 0.008926
0 0.608708 0.807666 0.003149 0.022998
0 0.608499 0.832717 0.002729 0.011343
0 0.609863 0.852090 0.005254 0.016279
0 0.611123 0.898167 0.004307 0.014702
0 0.605945 0.932100 0.003042 0.004727
0 0.621960 0.955889 0.004829 0.006719
0 0.602754 0.973154 0.005146 0.005674
0 0.628560 0.986758 0.002891 0.004375
0 0.356343 0.240247 0.004727 0.004409
0 0.357236 0.246287 0.006094 0.006616
0 0.357024 0.257104 0.005884 0.007461
0 0.358916 0.272542 0.006094 0.009136
0 0.356499 0.282678 0.003359 0.004204
0 0.358147 0.332554 0.002622 0.007178
0 0.361841 0.383489 0.004668 0.005542
0 0.358413 0.389507 0.004521 0.007510
0 0.362544 0.446079 0.004863 0.009980
0 0.360820 0.461396 0.004072 0.007539
0 0.362170 0.497305 0.005835 0.026904
0 0.365093 0.565198 0.004736 0.005835
0 0.367502 0.595317 0.007261 0.013652
0 0.363870 0.618687 0.005776 0.011201
0 0.371199 0.679014 0.003140 0.004385
0 0.367261 0.682510 0.003721 0.004668
0 0.368672 0.716338 0.003574 0.007773
0 0.371863 0.744778 0.003677 0.005952
0 0.366802 0.775896 0.005615 0.012036
0 0.371089 0.829744 0.004541 0.007866
0 0.369639 0.816958 0.005176 0.011670
0 0.365408 0.816521 0.003140 0.007583
0 0.367559 0.837817 0.002773 0.004668
0 0.368508 0.847771 0.003501 0.004741
0 0.366992 0.864219 0.002627 0.004375
0 0.368953 0.887288 0.004087 0.004810
0 0.366001 0.896187 0.003428 0.006562
0 0.365627 0.920327 0.002046 0.009551
0 0.368325 0.925833 0.003066 0.007876
0 0.362439 0.936643 0.002769 0.014585
0 0.358259 0.995806 0.003501 0.008389
0 0.367495 0.995681 0.004463 0.005688
0 0.611721 0.116624 0.004028 0.012075
0 0.610115 0.128796 0.004517 0.007144
0 0.610955 0.159358 0.004937 0.010503
0 0.612151 0.190759 0.003569 0.006724
0 0.610566 0.227466 0.003252 0.010713
0 0.614719 0.269119 0.002700 0.005835
0 0.611836 0.297346 0.004668 0.011958
0 0.614531 0.339321 0.004639 0.006738
0 0.613086 0.381699 0.005947 0.011729
0 0.610627 0.409775 0.004116 0.004902
0 0.613616 0.432722 0.004790 0.010083
0 0.613020 0.483850 0.004233 0.014214
0 0.613118 0.595054 0.004204 0.005674
0 0.611753 0.602773 0.003359 0.009141
0 0.610073 0.610544 0.002520 0.002417
0 0.608547 0.622092 0.005835 0.010942
0 0.613435 0.622529 0.004233 0.006416
0 0.610081 0.641235 0.003208 0.010430
0 0.354663 0.220029 0.003467 0.006406
0 0.613909 0.645469 0.004009 0.006055
0 0.609897 0.652542 0.002988 0.004888
0 0.608999 0.671638 0.004639 0.008315
0 0.612283 0.686035 0.003501 0.006123
0 0.176323 0.260342 0.004199 0.004463
0 0.171045 0.163789 0.002988 0.007734
0 0.183545 0.909045 0.003359 0.009243
0 0.349473 0.004177 0.004619 0.008354
0 0.350154 0.055134 0.003286 0.010454
0 0.353423 0.080300 0.004561 0.007593
0 0.355310 0.141680 0.005073 0.011289
0 0.354785 0.160234 0.004199 0.009541
0 0.354873 0.213730 0.003467 0.006406
