0 0.729192 0.225186 0.004771 0.015317
0 0.673975 0.727277 0.004687 0.009963
0 0.681860 0.615031 0.005322 0.012882
0 0.693208 0.541947 0.003955 0.007814
0 0.673584 0.739133 0.004883 0.015385
0 0.513298 0.066013 0.003579 0.010195
0 0.509963 0.116572 0.004546 0.009579
0 0.507524 0.138486 0.005723 0.015031
0 0.501953 0.236252 0.007959 0.018535
0 0.497559 0.258358 0.008789 0.018059
0 0.498130 0.291780 0.006553 0.013791
0 0.488057 0.402280 0.003477 0.009493
0 0.485178 0.404017 0.003286 0.007912
0 0.472710 0.538370 0.003633 0.008352
0 0.474810 0.598339 0.004150 0.010256
0 0.466648 0.706090 0.003306 0.007295
0 0.748225 0.047924 0.005737 0.014982
0 0.743457 0.055201 0.003965 0.009072
0 0.739705 0.091477 0.003726 0.008181
0 0.740134 0.107195 0.003589 0.007295
0 0.738594 0.140409 0.004004 0.010989
0 0.738430 0.118581 0.006411 0.015085
0 0.733455 0.191239 0.004849 0.012747
0 0.728103 0.201847 0.004448 0.013339
0 0.668882 0.791722 0.004336 0.009524
0 0.725898 0.234170 0.003809 0.006899
0 0.727737 0.241624 0.003071 0.007509
0 0.714963 0.318474 0.006821 0.013993
0 0.704485 0.463697 0.005415 0.011777
0 0.700618 0.453324 0.005132 0.011081
0 0.698086 0.471786 0.004990 0.011081
0 0.687327 0.598168 0.004858 0.008987
0 0.685566 0.617808 0.003271 0.007143
0 0.636416 0.976560 0.004639 0.011520
0 0.659304 0.844411 0.004009 0.009493
0 0.962551 0.177228 0.005952 0.010330
0 0.955742 0.255183 0.006309 0.015226
0 0.950728 0.310147 0.004395 0.011429
0 0.930068 0.464927 0.003584 0.010024
0 0.932778 0.474863 0.004219 0.008260
0 0.930159 0.499292 0.004009 0.009145
0 0.914565 0.656566 0.003584 0.008089
0 0.902920 0.784557 0.003867 0.010812
0 0.900793 0.776450 0.005063 0.010885
0 0.469189 0.595626 0.004219 0.010201
0 0.471265 0.583889 0.003447 0.009585
0 0.478608 0.539475 0.006084 0.013651
0 0.481301 0.505147 0.005151 0.012515
0 0.475181 0.504292 0.004180 0.012027
0 0.957620 0.221752 0.005347 0.016252
0 0.924241 0.557998 0.003540 0.010342
0 0.680581 0.631520 0.004199 0.007937
0 0.703613 0.444237 0.005420 0.008181
0 0.705251 0.437094 0.004487 0.007692
0 0.714331 0.336068 0.003750 0.009670
0 0.711929 0.342405 0.003633 0.011795
0 0.717493 0.300601 0.004077 0.007564
0 0.516172 0.017442 0.002520 0.007546
0 0.516846 0.009640 0.002930 0.008938
0 0.484944 0.436444 0.003628 0.008748
0 0.476768 0.568053 0.004453 0.014310
0 0.461458 0.748468 0.002808 0.006960
0 0.663066 0.881456 0.005313 0.013083
0 0.662351 0.951459 0.004556 0.011709
0 0.668823 0.769908 0.002979 0.008791
0 0.669355 0.779811 0.005566 0.014286
0 0.664575 0.790293 0.004277 0.012088
