0 0.613064 0.385298 0.007876 0.019033
0 0.171213 0.064517 0.003208 0.006270
0 0.171846 0.164119 0.004619 0.010815
0 0.176367 0.258423 0.003848 0.008398
0 0.177068 0.331030 0.003149 0.012598
0 0.177939 0.390869 0.004199 0.008047
0 0.179045 0.458174 0.003149 0.008047
0 0.180635 0.593491 0.004551 0.012695
0 0.181057 0.543674 0.002065 0.005347
0 0.182703 0.678469 0.003062 0.005542
0 0.182922 0.716594 0.002622 0.007729
0 0.183564 0.768281 0.004375 0.012539
0 0.184148 0.791318 0.002622 0.006123
0 0.185095 0.841399 0.003062 0.004810
0 0.183096 0.908948 0.004229 0.007437
0 0.349141 0.003892 0.004375 0.007695
0 0.350803 0.025237 0.002798 0.006646
0 0.349578 0.038008 0.003501 0.005947
0 0.349666 0.054980 0.004722 0.008750
0 0.352988 0.080522 0.004727 0.006299
0 0.351970 0.071985 0.004009 0.005464
0 0.354995 0.141809 0.003887 0.007290
0 0.353779 0.162102 0.004619 0.005347
0 0.367524 0.593579 0.006299 0.010078
0 0.363877 0.564954 0.006045 0.008315
0 0.366621 0.818455 0.008164 0.009976
0 0.366772 0.836682 0.003369 0.006509
0 0.367712 0.847810 0.002729 0.004829
0 0.367827 0.884851 0.004023 0.006821
0 0.387947 0.896396 0.002974 0.004375
0 0.399758 0.922117 0.003149 0.004370
0 0.362527 0.937083 0.004829 0.011333
0 0.610889 0.158325 0.004170 0.009980
0 0.631755 0.034753 0.002554 0.003794
0 0.610496 0.226436 0.004116 0.007705
0 0.613972 0.266038 0.003638 0.006987
0 0.611724 0.271870 0.003643 0.005166
0 0.611692 0.296318 0.003794 0.016338
0 0.611592 0.338145 0.002734 0.006992
0 0.614602 0.338813 0.003159 0.006016
0 0.614873 0.349873 0.002979 0.005771
0 0.611570 0.365168 0.004448 0.008677
0 0.612625 0.397988 0.003062 0.006055
0 0.613208 0.410205 0.006709 0.009482
0 0.613538 0.429751 0.003862 0.009189
0 0.611094 0.437773 0.003936 0.008027
0 0.612058 0.481614 0.004448 0.015757
0 0.612092 0.500869 0.003647 0.005254
0 0.611252 0.522966 0.004595 0.008169
0 0.611714 0.569180 0.004814 0.013564
0 0.609604 0.622332 0.010723 0.010063
0 0.608938 0.671377 0.003413 0.007002
0 0.610510 0.706541 0.005952 0.014341
0 0.611318 0.720879 0.005225 0.006201
0 0.610359 0.759407 0.003354 0.010063
0 0.610698 0.804302 0.004463 0.007529
0 0.609941 0.851990 0.005400 0.016118
