0 0.539041 0.130176 0.008371 0.005176
0 0.538843 0.135161 0.005175 0.004297
0 0.538600 0.141753 0.003957 0.004932
0 0.554064 0.179980 0.007458 0.007734
0 0.551545 0.215566 0.010518 0.005762
0 0.547709 0.223547 0.006347 0.005552
0 0.557930 0.238306 0.004018 0.004453
0 0.554285 0.262480 0.006317 0.006680
0 0.562177 0.271643 0.009467 0.011040
0 0.551606 0.273567 0.009148 0.006382
0 0.566591 0.286172 0.010107 0.007490
0 0.564855 0.294321 0.006636 0.005771
0 0.571903 0.334438 0.013942 0.011387
0 0.583729 0.393447 0.006941 0.005869
0 0.580731 0.400786 0.005358 0.004961
0 0.568584 0.410254 0.007580 0.008711
0 0.574886 0.457593 0.006210 0.005449
0 0.584916 0.470796 0.010959 0.005508
0 0.582177 0.480610 0.006575 0.005332
0 0.587062 0.512900 0.011142 0.006855
0 0.589985 0.527783 0.007854 0.006152
0 0.599840 0.549099 0.009087 0.005396
0 0.590289 0.552744 0.006362 0.003936
0 0.600289 0.599106 0.008554 0.008018
0 0.604909 0.636997 0.006956 0.003535
0 0.614064 0.627937 0.008828 0.008901
0 0.606484 0.650217 0.009467 0.004253
0 0.618006 0.660337 0.011050 0.007910
0 0.614475 0.709480 0.008189 0.006704
0 0.623341 0.701462 0.009543 0.005249
0 0.611971 0.730984 0.008630 0.007144
0 0.610381 0.738713 0.005449 0.007729
0 0.618082 0.790847 0.005266 0.004048
0 0.625715 0.800339 0.006834 0.005317
0 0.619795 0.815063 0.007626 0.011309
0 0.627032 0.864487 0.007884 0.005049
0 0.628767 0.893950 0.007580 0.006270
0 0.618356 0.904687 0.011994 0.006074
0 0.626720 0.910601 0.007260 0.003545
0 0.622770 0.922051 0.006941 0.004961
0 0.614726 0.925693 0.006621 0.006797
0 0.623721 0.941392 0.007565 0.008408
0 0.626400 0.950847 0.009787 0.007085
0 0.609833 0.975659 0.008219 0.004463
0 0.522785 0.006724 0.009467 0.009414
0 0.538250 0.029250 0.007580 0.005874
0 0.527519 0.033958 0.008219 0.005366
0 0.532412 0.042261 0.004094 0.004355
0 0.528311 0.046716 0.005997 0.004155
0 0.542511 0.046768 0.007884 0.007695
0 0.531781 0.057600 0.005358 0.004253
0 0.533828 0.072183 0.008843 0.009922
0 0.544992 0.101074 0.007458 0.008437
