0 0.602803 0.250704 0.004961 0.011913
0 0.123574 0.325884 0.008008 0.015455
0 0.122446 0.340174 0.006201 0.011660
0 0.143979 0.304334 0.005088 0.011951
0 0.164446 0.444931 0.006421 0.010644
0 0.159641 0.706525 0.005063 0.009274
0 0.355068 0.187588 0.003691 0.007652
0 0.368303 0.272102 0.004976 0.010253
0 0.385176 0.365385 0.003965 0.007854
0 0.389263 0.444826 0.004473 0.010688
0 0.385632 0.450881 0.003462 0.007746
0 0.391624 0.471720 0.005063 0.012999
0 0.405193 0.576550 0.004780 0.012367
0 0.431636 0.911682 0.006924 0.016181
0 0.595938 0.146907 0.004053 0.009381
