0 0.226068 0.309392 0.010938 0.017485
0 0.260943 0.325605 0.006836 0.005977
0 0.211162 0.344512 0.006291 0.005830
0 0.264911 0.345930 0.006014 0.007173
0 0.270791 0.345708 0.005192 0.008223
0 0.210344 0.390662 0.008856 0.010220
0 0.217565 0.405906 0.006890 0.006274
0 0.276434 0.409565 0.004111 0.007002
0 0.269361 0.446975 0.005693 0.005601
0 0.268414 0.452114 0.003798 0.003633
0 0.278043 0.389780 0.008204 0.008965
0 0.261582 0.473931 0.009848 0.011406
0 0.263552 0.485984 0.005907 0.007964
0 0.265282 0.518301 0.009115 0.010850
0 0.272118 0.530996 0.009115 0.007598
0 0.262887 0.542896 0.004790 0.011445
0 0.260947 0.562568 0.007292 0.006729
0 0.263686 0.582495 0.007301 0.009961
0 0.266421 0.615068 0.010036 0.012070
0 0.267105 0.650249 0.009115 0.017422
0 0.262203 0.663701 0.007980 0.005488
0 0.262087 0.673345 0.006836 0.007598
0 0.263458 0.685315 0.009580 0.010337
0 0.260036 0.694270 0.004558 0.007847
0 0.263226 0.699756 0.003646 0.003877
0 0.270022 0.725679 0.009339 0.006475
0 0.266144 0.771147 0.010179 0.014346
0 0.262534 0.788901 0.009517 0.014346
0 0.266144 0.825845 0.007551 0.008965
0 0.259410 0.836335 0.011814 0.012017
0 0.262529 0.859829 0.008865 0.010225
0 0.265979 0.848977 0.003932 0.005737
0 0.258427 0.885205 0.007221 0.008965
0 0.257936 0.894619 0.008204 0.004482
0 0.261546 0.909685 0.007542 0.007710
0 0.258097 0.914438 0.007221 0.005020
0 0.262534 0.918472 0.010179 0.007715
0 0.257609 0.941160 0.006890 0.007173
0 0.261349 0.968198 0.004558 0.004980
0 0.264030 0.975793 0.004558 0.014194
0 0.240156 0.286377 0.007391 0.008516
0 0.240840 0.279204 0.006559 0.005830
0 0.232256 0.244441 0.007659 0.009712
0 0.236765 0.234277 0.010116 0.015693
0 0.229790 0.219333 0.009303 0.012700
0 0.234030 0.203120 0.004647 0.004482
0 0.229272 0.160615 0.007391 0.007021
0 0.224620 0.144102 0.009026 0.019131
0 0.219424 0.127214 0.009571 0.008071
