0 0.880362 0.111753 0.027155 0.002715
0 0.176723 0.007939 0.021678 0.004951
0 0.304638 0.019333 0.013657 0.004819
0 0.321122 0.022263 0.016484 0.004946
0 0.459408 0.047786 0.015071 0.005991
0 0.495212 0.058721 0.020742 0.005469
0 0.560468 0.075259 0.017438 0.003906
0 0.641272 0.086782 0.019788 0.003516
0 0.743039 0.074021 0.020742 0.002476
0 0.748931 0.077146 0.013657 0.008989
0 0.792509 0.071221 0.012261 0.003125
0 0.891449 0.058398 0.014134 0.008203
0 0.976652 0.045251 0.017898 0.012095
0 0.850097 0.063357 0.018004 0.002534
0 0.696299 0.088057 0.015389 0.015566
0 0.691979 0.082654 0.011166 0.008774
0 0.672367 0.086814 0.012438 0.010757
0 0.623666 0.099043 0.018852 0.010869
0 0.696793 0.106990 0.026307 0.002603
0 0.715442 0.110356 0.021979 0.002822
0 0.736643 0.108564 0.020424 0.003145
0 0.810265 0.114097 0.026290 0.003799
0 0.951608 0.116052 0.015300 0.002710
0 0.882482 0.103706 0.045813 0.002891
0 0.576458 0.117527 0.016873 0.004995
0 0.610786 0.114880 0.034399 0.004165
0 0.412668 0.115859 0.032968 0.005078
0 0.457420 0.119438 0.016961 0.003906
0 0.412191 0.154531 0.022615 0.006641
0 0.535106 0.142642 0.012968 0.009766
0 0.390592 0.161025 0.010901 0.006104
0 0.437403 0.210879 0.013216 0.016094
0 0.400018 0.258447 0.010212 0.008896
0 0.412650 0.267214 0.018057 0.007163
0 0.413048 0.317957 0.015071 0.005210
0 0.451299 0.305015 0.031572 0.025518
0 0.472862 0.355562 0.018092 0.013281
0 0.477385 0.369624 0.018092 0.010156
0 0.439505 0.352515 0.015830 0.008438
0 0.455336 0.357437 0.013569 0.014219
0 0.582544 0.356812 0.021484 0.006094
0 0.416608 0.381030 0.015265 0.007344
0 0.477367 0.384065 0.013746 0.008228
0 0.446926 0.420007 0.011131 0.003433
0 0.456095 0.419238 0.011131 0.004795
0 0.470327 0.430676 0.012102 0.013384
0 0.459037 0.436960 0.009806 0.003345
0 0.458975 0.470591 0.009152 0.011572
0 0.468949 0.474841 0.009488 0.003433
0 0.471140 0.503340 0.012244 0.008594
0 0.468366 0.514312 0.016625 0.019795
0 0.470433 0.544119 0.021678 0.013149
0 0.433913 0.589761 0.016484 0.007031
0 0.564965 0.239043 0.023746 0.007656
0 0.414947 0.241121 0.011731 0.014849
0 0.402270 0.241309 0.011996 0.012959
0 0.414125 0.226992 0.011714 0.004824
0 0.225256 0.112124 0.034541 0.005537
0 0.171970 0.116111 0.050265 0.005532
0 0.102756 0.111309 0.054170 0.006074
0 0.112571 0.117441 0.029841 0.004668
0 0.040530 0.118379 0.045795 0.007686
