0 0.576865 0.760542 0.004570 0.013977
0 0.802695 0.574032 0.004355 0.008608
0 0.805427 0.541818 0.003345 0.009843
0 0.805029 0.517446 0.003350 0.011429
0 0.804595 0.508051 0.002178 0.006421
0 0.801465 0.440659 0.002939 0.007619
0 0.803740 0.412405 0.003291 0.008315
0 0.807856 0.385372 0.002822 0.003658
0 0.803857 0.391358 0.002822 0.004035
0 0.804741 0.384864 0.003174 0.007436
0 0.802859 0.376549 0.004116 0.007687
0 0.805269 0.356070 0.003291 0.005547
0 0.805564 0.345105 0.003179 0.006808
0 0.802510 0.348216 0.002842 0.013721
0 0.803728 0.292679 0.003247 0.005882
0 0.803323 0.227784 0.002847 0.004139
0 0.803320 0.219288 0.005283 0.013721
0 0.803276 0.174223 0.002451 0.023318
0 0.807590 0.163561 0.003628 0.008085
0 0.802004 0.156944 0.005981 0.006614
0 0.581665 0.994560 0.002236 0.003909
0 0.583960 0.980319 0.002822 0.005672
0 0.579314 0.962049 0.003267 0.012428
0 0.583423 0.930285 0.002529 0.005249
0 0.579871 0.930379 0.003267 0.019618
0 0.580977 0.912567 0.002988 0.016928
0 0.580339 0.893477 0.002710 0.004715
0 0.579407 0.878778 0.003218 0.008346
0 0.580422 0.859087 0.003218 0.017242
0 0.580254 0.845204 0.003896 0.008346
0 0.578813 0.808904 0.004062 0.013066
0 0.578474 0.774605 0.004741 0.014516
0 0.809824 0.593650 0.004111 0.006096
0 0.575088 0.719071 0.003389 0.009801
0 0.570178 0.541256 0.005249 0.010162
0 0.571108 0.506408 0.004746 0.011978
0 0.569402 0.458870 0.003198 0.005327
0 0.567454 0.340254 0.003911 0.008577
0 0.563274 0.217964 0.004116 0.005924
0 0.564050 0.165842 0.003667 0.009226
0 0.561404 0.053621 0.004507 0.008927
0 0.814182 0.981300 0.002915 0.012240
0 0.811567 0.977522 0.002793 0.012240
0 0.815942 0.948878 0.003770 0.006253
0 0.817769 0.935272 0.005479 0.006641
0 0.819160 0.918540 0.002188 0.003904
0 0.816975 0.910141 0.003647 0.005861
0 0.815215 0.900636 0.003281 0.008200
0 0.815090 0.892954 0.002310 0.004296
0 0.810110 0.873875 0.002554 0.003386
0 0.813999 0.867889 0.002793 0.008074
0 0.815215 0.831688 0.003281 0.007813
0 0.813816 0.818734 0.002915 0.003516
0 0.811384 0.811311 0.003403 0.010544
0 0.814302 0.801871 0.003154 0.007028
0 0.812661 0.788653 0.002793 0.006641
0 0.812324 0.776196 0.003467 0.005442
0 0.809131 0.755829 0.003838 0.005777
0 0.811133 0.747342 0.002285 0.005599
0 0.809746 0.734652 0.003428 0.004553
0 0.804927 0.727606 0.004570 0.007091
0 0.810808 0.703579 0.002612 0.014526
0 0.805864 0.683069 0.002363 0.004485
0 0.809255 0.674699 0.003921 0.007525
0 0.807781 0.666866 0.002935 0.006740
0 0.809419 0.648969 0.002939 0.008404
0 0.804561 0.645905 0.003350 0.008755
0 0.806982 0.606884 0.003330 0.010084
0 0.806294 0.599218 0.002744 0.003993
