0 0.421184 0.096350 0.006108 0.053947
0 0.432542 0.197567 0.001909 0.027834
0 0.431348 0.218665 0.003437 0.051869
0 0.444526 0.313531 0.003291 0.058576
0 0.447241 0.364050 0.003057 0.047567
0 0.449150 0.430178 0.003057 0.041780
0 0.436409 0.471380 0.005825 0.045252
0 0.458462 0.662329 0.002979 0.020564
0 0.467112 0.752359 0.003315 0.024955
0 0.455449 0.736291 0.002100 0.031869
0 0.469688 0.574510 0.004453 0.079288
0 0.498125 0.337211 0.004121 0.036083
0 0.500044 0.304332 0.002588 0.043501
0 0.521653 0.193932 0.003423 0.037596
0 0.517456 0.173131 0.004746 0.038961
0 0.540833 0.063487 0.008618 0.028872
0 0.550164 0.286899 0.004243 0.037062
0 0.555203 0.357582 0.006099 0.029407
0 0.548406 0.389614 0.003247 0.019347
0 0.546155 0.365430 0.002319 0.032226
0 0.535183 0.471795 0.003579 0.042700
0 0.521726 0.418813 0.002915 0.031810
0 0.509131 0.421439 0.002920 0.027389
0 0.513010 0.552552 0.009478 0.028605
0 0.489246 0.541469 0.002788 0.048338
0 0.498557 0.538056 0.005103 0.028576
0 0.460630 0.762107 0.003711 0.036261
0 0.559146 0.559303 0.007402 0.021810
0 0.544507 0.591039 0.005078 0.024154
0 0.518936 0.322003 0.002266 0.048338
0 0.515596 0.346350 0.002432 0.035905
0 0.520347 0.247315 0.002432 0.026499
0 0.588149 0.230935 0.005059 0.055697
0 0.591299 0.328086 0.002578 0.044659
0 0.599148 0.445890 0.003579 0.043887
0 0.592852 0.522819 0.003711 0.043917
0 0.597695 0.518813 0.004199 0.060772
0 0.596296 0.569955 0.002388 0.038249
0 0.613398 0.462611 0.003184 0.022552
0 0.580454 0.787181 0.002227 0.036736
0 0.571467 0.885059 0.002544 0.035282
0 0.569280 0.935579 0.002310 0.035786
0 0.569319 0.976736 0.005728 0.046528
0 0.557708 0.817641 0.005728 0.058012
0 0.514275 0.959748 0.003501 0.022226
0 0.510217 0.967493 0.005249 0.025134
0 0.513083 0.988576 0.005249 0.022849
0 0.537542 0.862107 0.003579 0.070564
0 0.569558 0.715148 0.004292 0.092789
0 0.590693 0.581098 0.003975 0.036736
0 0.633462 0.537211 0.002100 0.030148
0 0.636228 0.544748 0.003052 0.022018
0 0.652263 0.531113 0.004966 0.021454
0 0.657275 0.531409 0.005820 0.044065
0 0.674600 0.356810 0.005537 0.045252
0 0.666772 0.275312 0.002676 0.026113
0 0.643586 0.117522 0.005142 0.055104
0 0.618809 0.099837 0.003340 0.032493
0 0.637563 0.021513 0.007637 0.031335
0 0.630601 0.310193 0.001748 0.028042
0 0.647300 0.168279 0.003057 0.053353
0 0.630759 0.379080 0.001587 0.032404
0 0.636726 0.325193 0.002866 0.024154
0 0.606370 0.408813 0.002944 0.032404
0 0.605615 0.368457 0.003662 0.050267
0 0.573105 0.663442 0.005156 0.027834
0 0.692817 0.848353 0.003896 0.051484
0 0.692302 0.771780 0.004468 0.029258
0 0.697971 0.989258 0.003208 0.021484
0 0.721074 0.741543 0.003184 0.023680
0 0.713357 0.707463 0.002065 0.049288
0 0.718169 0.700208 0.001670 0.027062
0 0.706836 0.600148 0.006299 0.068427
0 0.695811 0.623932 0.002578 0.017418
0 0.696335 0.514006 0.003247 0.026113
0 0.699746 0.102819 0.004297 0.023205
0 0.764114 0.069570 0.006763 0.027804
0 0.795059 0.457003 0.002861 0.026469
0 0.784119 0.591009 0.004810 0.034125
0 0.739336 0.831780 0.004482 0.020890
0 0.762676 0.890935 0.006299 0.024362
0 0.884548 0.349496 0.003911 0.020297
0 0.833958 0.397062 0.003726 0.016795
0 0.815679 0.254644 0.004961 0.034807
0 0.816252 0.223323 0.008403 0.025519
0 0.942075 0.518086 0.002139 0.068457
0 0.945210 0.561677 0.002959 0.045252
0 0.937954 0.649273 0.002002 0.026677
0 0.934756 0.638828 0.003242 0.042938
0 0.910559 0.858976 0.003345 0.023769
0 0.919102 0.849985 0.003242 0.060326
0 0.916716 0.845920 0.002290 0.062641
0 0.951135 0.451647 0.003022 0.042522
0 0.954321 0.402107 0.002227 0.046884
0 0.965696 0.265534 0.003022 0.070593
0 0.964063 0.208976 0.002783 0.060920
0 0.970229 0.139139 0.003340 0.040119
0 0.052385 0.264926 0.005386 0.035134
0 0.066875 0.484184 0.006045 0.030920
0 0.101853 0.868769 0.003960 0.043116
0 0.203213 0.701958 0.005498 0.035074
0 0.199983 0.661855 0.004263 0.026736
0 0.234277 0.681899 0.004951 0.036736
0 0.172271 0.464362 0.003818 0.046409
0 0.159438 0.618086 0.007637 0.060920
0 0.214565 0.922211 0.004121 0.052196
0 0.165483 0.122448 0.004775 0.049288
0 0.149653 0.218412 0.005410 0.044006
0 0.004841 0.941350 0.009683 0.056825
0 0.347944 0.469318 0.003301 0.060119
0 0.358584 0.605638 0.004453 0.030089
0 0.328401 0.300920 0.007095 0.040119
0 0.273721 0.324466 0.004619 0.069169
0 0.258794 0.131009 0.002471 0.035074
0 0.260527 0.089926 0.004619 0.033086
0 0.289143 0.196172 0.004126 0.019050
0 0.284773 0.183635 0.003628 0.020030
0 0.140027 0.429644 0.004126 0.069318
0 0.344583 0.811662 0.003325 0.058457
0 0.324023 0.801929 0.003896 0.038991
0 0.309189 0.650163 0.002861 0.047329
0 0.306489 0.595208 0.004580 0.024362
0 0.325195 0.729214 0.003818 0.026677
0 0.349634 0.920401 0.004121 0.034095
0 0.356392 0.916246 0.008477 0.034036
0 0.377239 0.940979 0.009849 0.020950
0 0.381248 0.891157 0.003667 0.032700
0 0.398315 0.937834 0.004121 0.021662
0 0.411030 0.955237 0.003896 0.021513
0 0.407935 0.983724 0.005498 0.032552
0 0.416584 0.885282 0.007671 0.023620
0 0.423972 0.841039 0.002290 0.022967
0 0.426494 0.850089 0.002520 0.043858
0 0.432622 0.788858 0.002861 0.036825
0 0.429329 0.761231 0.003667 0.043947
0 0.433765 0.741499 0.002178 0.020208
0 0.436802 0.746721 0.003438 0.027864
0 0.444592 0.863694 0.003208 0.034748
0 0.431418 0.610979 0.003892 0.033412
0 0.390527 0.651736 0.003896 0.035579
0 0.386003 0.645786 0.003550 0.027834
0 0.387664 0.540015 0.005269 0.034866
0 0.386287 0.581751 0.005269 0.036202
0 0.402236 0.275712 0.003535 0.027864
0 0.384673 0.269332 0.005254 0.040623
0 0.372822 0.029481 0.005342 0.038487
0 0.414597 0.058071 0.003247 0.038872
