0 0.509045 0.087786 0.003794 0.006997
0 0.516189 0.068394 0.004663 0.005830
0 0.506260 0.107715 0.001689 0.005059
0 0.508706 0.112271 0.002363 0.006748
0 0.512083 0.108894 0.003374 0.014175
0 0.510647 0.187881 0.003374 0.018730
0 0.509434 0.137776 0.001895 0.004780
0 0.513379 0.222932 0.003867 0.007876
0 0.510635 0.230842 0.002461 0.007944
0 0.514368 0.397935 0.004614 0.006318
0 0.525776 0.600327 0.004863 0.007168
0 0.527659 0.613633 0.003765 0.006074
0 0.545933 0.763452 0.003037 0.004893
0 0.984050 0.266895 0.002700 0.012656
0 0.983357 0.378000 0.002192 0.010464
0 0.983188 0.399736 0.002871 0.007930
0 0.982808 0.443484 0.003291 0.009536
0 0.980701 0.470105 0.003120 0.007427
0 0.982861 0.512505 0.003037 0.007998
0 0.981899 0.558015 0.003340 0.006685
0 0.979336 0.655027 0.002676 0.008628
0 0.979761 0.666389 0.002549 0.008745
0 0.978545 0.699011 0.002793 0.006929
0 0.979875 0.759492 0.003140 0.006377
