0 0.761333 0.607754 0.005488 0.007129
0 0.756382 0.610212 0.005420 0.005200
0 0.477017 0.486567 0.005342 0.008418
0 0.556228 0.740076 0.004692 0.009146
0 0.608701 0.899978 0.005303 0.008979
0 0.797375 0.707854 0.005728 0.007954
0 0.560203 0.159412 0.006274 0.007983
0 0.791306 0.699558 0.004019 0.006245
0 0.771938 0.634761 0.004932 0.008838
0 0.767502 0.636602 0.006196 0.010107
0 0.758306 0.602441 0.004990 0.005771
0 0.858003 0.866685 0.006650 0.009111
0 0.391843 0.332893 0.006772 0.008931
0 0.406177 0.355605 0.004873 0.007695
0 0.412205 0.366213 0.006157 0.011460
0 0.626946 0.946218 0.005952 0.009751
