0 0.095740 0.087297 0.005210 0.012153
0 0.561855 0.090469 0.009004 0.017324
0 0.570403 0.167310 0.008999 0.009004
0 0.576140 0.197122 0.007876 0.027222
0 0.357932 0.444536 0.007202 0.009902
0 0.356470 0.427773 0.009229 0.012373
0 0.351516 0.396836 0.005171 0.006299
0 0.352307 0.382771 0.006753 0.013276
0 0.345198 0.320447 0.007202 0.012153
0 0.338777 0.285615 0.003774 0.005859
0 0.332588 0.223372 0.007021 0.008638
0 0.330698 0.199341 0.005937 0.018896
0 0.119329 0.965193 0.007124 0.010688
0 0.099319 0.071887 0.004341 0.004126
0 0.560549 0.002866 0.007876 0.005732
0 0.561899 0.023511 0.005176 0.022051
