0 0.692842 0.115952 0.002773 0.007624
0 0.690068 0.120486 0.002773 0.005806
0 0.688452 0.130014 0.002617 0.011433
0 0.692227 0.138818 0.003389 0.005449
0 0.690378 0.146165 0.003081 0.010708
0 0.691687 0.155693 0.004155 0.007624
0 0.695845 0.170124 0.003545 0.007808
0 0.693535 0.189180 0.002930 0.011433
0 0.691072 0.190175 0.002925 0.007624
0 0.689761 0.222845 0.005234 0.012342
0 0.697153 0.240630 0.004004 0.010892
0 0.694951 0.276257 0.002568 0.005449
0 0.694375 0.303481 0.003721 0.019056
0 0.698418 0.301208 0.003594 0.006352
0 0.697710 0.322437 0.005137 0.014045
0 0.698931 0.349669 0.004492 0.010132
0 0.698994 0.371522 0.003848 0.007865
0 0.700408 0.384376 0.003081 0.009983
0 0.697454 0.389822 0.002827 0.011795
0 0.702744 0.417592 0.002461 0.009983
0 0.953340 0.870066 0.002773 0.004356
0 0.950413 0.827238 0.004624 0.011254
0 0.940940 0.766620 0.003237 0.004356
0 0.934780 0.743481 0.002930 0.010345
0 0.927766 0.569143 0.002310 0.003326
0 0.928665 0.653682 0.002056 0.007261
0 0.931768 0.525175 0.002500 0.008613
0 0.933816 0.502333 0.003921 0.009350
0 0.936489 0.472770 0.004990 0.010501
0 0.939370 0.443021 0.003076 0.013429
0 0.944270 0.342365 0.003325 0.008711
0 0.944407 0.303369 0.003237 0.004896
0 0.940632 0.182048 0.003081 0.007986
0 0.938860 0.128872 0.002925 0.009804
0 0.933904 0.063455 0.003101 0.005046
0 0.711123 0.936205 0.005645 0.015725
0 0.716128 0.948835 0.004619 0.009833
0 0.716790 0.918619 0.005562 0.009701
0 0.713472 0.878728 0.002568 0.005547
0 0.709624 0.879928 0.004707 0.012480
0 0.711580 0.836712 0.003745 0.006300
0 0.708584 0.821461 0.004600 0.018907
0 0.709858 0.792627 0.003848 0.017014
0 0.712051 0.780529 0.003740 0.007940
0 0.711143 0.759102 0.002139 0.005926
0 0.711289 0.735757 0.002822 0.007106
0 0.708218 0.728878 0.003838 0.016030
0 0.707725 0.704620 0.003330 0.014591
0 0.687451 0.100889 0.001846 0.004356
0 0.686833 0.088544 0.004312 0.012704
0 0.687141 0.109963 0.003696 0.010892
0 0.691995 0.078927 0.002310 0.004356
0 0.686143 0.063864 0.002930 0.005806
0 0.688989 0.054243 0.003389 0.008349
0 0.690686 0.044810 0.002769 0.006168
0 0.685142 0.027204 0.004004 0.007986
0 0.689531 0.021226 0.003848 0.006916
0 0.014214 0.372008 0.002139 0.003153
0 0.710405 0.691554 0.004248 0.007618
0 0.709480 0.653006 0.003511 0.019822
0 0.706785 0.632523 0.002563 0.003780
0 0.705630 0.626703 0.002051 0.006352
0 0.702166 0.623979 0.003335 0.007255
0 0.705303 0.566542 0.002783 0.007560
0 0.703367 0.544991 0.003423 0.017267
0 0.704221 0.518967 0.002993 0.011847
0 0.700681 0.459137 0.002466 0.011070
0 0.958699 0.968070 0.005542 0.010708
