0 0.341052 0.178202 0.002212 0.007185
0 0.342708 0.195404 0.003755 0.015123
0 0.342598 0.224961 0.002646 0.007436
0 0.340833 0.235357 0.003091 0.007313
0 0.346184 0.241594 0.002759 0.006433
0 0.327253 0.264972 0.003755 0.006299
0 0.346628 0.277450 0.002983 0.014119
0 0.344475 0.308707 0.003091 0.011594
0 0.349607 0.352754 0.003423 0.010457
0 0.349995 0.369451 0.003750 0.004788
0 0.351594 0.397745 0.002759 0.010708
0 0.346794 0.401084 0.002651 0.010842
0 0.348833 0.395666 0.002539 0.009582
0 0.351980 0.449292 0.003755 0.014749
0 0.350710 0.471090 0.003179 0.009983
0 0.339395 0.140075 0.002871 0.014621
0 0.339839 0.122938 0.002871 0.012352
0 0.335203 0.020033 0.003091 0.005674
0 0.336912 0.124512 0.002319 0.007687
0 0.330454 0.103024 0.004199 0.007062
0 0.336855 0.111218 0.003311 0.008066
0 0.335200 0.074476 0.004414 0.011973
0 0.333213 0.057528 0.002646 0.009827
0 0.334648 0.048138 0.002432 0.010970
0 0.336912 0.040513 0.002095 0.007313
0 0.338237 0.180973 0.002764 0.010463
