0 0.612004 0.707044 0.003041 0.012826
0 0.915954 0.983526 0.004343 0.017770
0 0.015377 0.110873 0.004697 0.013103
0 0.021389 0.119313 0.004697 0.016379
0 0.020503 0.181396 0.005477 0.026664
0 0.021540 0.326901 0.004059 0.012092
0 0.027423 0.353086 0.005412 0.013604
0 0.024655 0.457109 0.003512 0.014875
0 0.025783 0.439814 0.003653 0.009447
0 0.029043 0.476638 0.002610 0.006119
0 0.028534 0.503194 0.003756 0.016586
0 0.027906 0.530903 0.005013 0.014909
0 0.029178 0.607710 0.003383 0.014814
0 0.027494 0.675099 0.004317 0.009075
0 0.022516 0.686685 0.003756 0.025194
0 0.018814 0.751716 0.003196 0.013354
0 0.028956 0.750704 0.003943 0.006802
0 0.028019 0.759023 0.004323 0.008816
0 0.017774 0.775251 0.004349 0.016621
0 0.022771 0.771167 0.003479 0.015454
0 0.019101 0.824209 0.002893 0.015419
0 0.021695 0.851439 0.004227 0.020787
0 0.023605 0.922615 0.005213 0.012247
0 0.021463 0.939054 0.002899 0.012143
0 0.289758 0.031279 0.004079 0.009352
0 0.317919 0.086309 0.003286 0.025618
0 0.320970 0.114023 0.003447 0.009654
0 0.314787 0.117381 0.002977 0.013016
0 0.266424 0.079486 0.002977 0.006923
0 0.260583 0.056370 0.002262 0.009110
0 0.266649 0.106893 0.002874 0.017848
0 0.259414 0.123954 0.002216 0.005073
0 0.267626 0.151750 0.005651 0.012541
0 0.281314 0.181504 0.002771 0.017494
0 0.257658 0.199369 0.003293 0.013016
0 0.289243 0.206322 0.006115 0.017640
0 0.315406 0.229127 0.003260 0.012532
0 0.320100 0.256219 0.003151 0.007874
0 0.315535 0.308557 0.002719 0.009334
0 0.318853 0.314901 0.003479 0.028142
0 0.299178 0.315631 0.003911 0.013855
0 0.301788 0.333198 0.004349 0.017787
0 0.302278 0.352446 0.004890 0.019533
0 0.329037 0.373159 0.005651 0.013267
0 0.328231 0.353271 0.005818 0.011590
0 0.317055 0.357299 0.005631 0.010588
0 0.306070 0.386780 0.004317 0.025194
0 0.321991 0.402731 0.004240 0.013414
0 0.324765 0.415052 0.005651 0.010933
0 0.311846 0.433440 0.002738 0.014175
0 0.315300 0.431958 0.002867 0.015048
0 0.318170 0.438863 0.002345 0.009274
0 0.321820 0.433176 0.002610 0.009447
0 0.320844 0.440704 0.001430 0.006301
0 0.322539 0.445514 0.001959 0.008920
0 0.327432 0.447001 0.002867 0.017839
0 0.323193 0.464058 0.004040 0.009620
0 0.321743 0.487770 0.003396 0.017321
0 0.317700 0.466422 0.002088 0.005428
0 0.327171 0.539032 0.003131 0.020121
0 0.322213 0.553202 0.004955 0.013129
0 0.318041 0.564663 0.003389 0.012247
0 0.320271 0.607965 0.002474 0.013647
0 0.330770 0.618902 0.003396 0.009974
0 0.326401 0.653630 0.002996 0.009801
0 0.322816 0.670424 0.003131 0.013293
0 0.317271 0.661413 0.002738 0.018021
0 0.319813 0.655203 0.002088 0.008747
0 0.267803 0.610328 0.003131 0.014693
0 0.271092 0.608181 0.003731 0.026871
0 0.316063 0.705251 0.002539 0.010691
0 0.321785 0.742779 0.003260 0.008462
0 0.316514 0.746936 0.004240 0.013267
0 0.334610 0.726011 0.004787 0.014875
0 0.316405 0.769970 0.002938 0.017640
0 0.319774 0.834637 0.003531 0.005592
0 0.316894 0.878319 0.003711 0.015445
0 0.321788 0.884149 0.002622 0.011789
0 0.317052 0.916111 0.004001 0.010424
0 0.557758 0.109728 0.003389 0.009447
0 0.563270 0.004257 0.003756 0.008513
0 0.592613 0.134922 0.004349 0.014581
0 0.622014 0.196145 0.004349 0.015160
0 0.586756 0.167947 0.003151 0.021720
0 0.561424 0.197494 0.004304 0.012947
0 0.567932 0.254175 0.002642 0.007796
0 0.570412 0.294239 0.002719 0.023086
0 0.622928 0.297511 0.002171 0.013967
0 0.625686 0.368548 0.003653 0.021521
0 0.565306 0.364430 0.003099 0.010640
0 0.557381 0.375112 0.003099 0.006076
0 0.624971 0.413794 0.001566 0.018479
0 0.561440 0.477381 0.002545 0.012636
0 0.621643 0.515186 0.003260 0.008263
0 0.618563 0.541979 0.003080 0.013241
0 0.561034 0.535272 0.003009 0.007053
0 0.613376 0.643920 0.003389 0.016966
0 0.617026 0.667187 0.003396 0.016966
0 0.573582 0.684736 0.003582 0.013708
0 0.569832 0.700631 0.003479 0.011668
0 0.617113 0.699901 0.003698 0.017502
0 0.574665 0.748245 0.003131 0.007554
0 0.574591 0.756646 0.002661 0.010078
0 0.583589 0.803124 0.002629 0.018660
0 0.581798 0.822169 0.004072 0.014175
0 0.589278 0.868462 0.003479 0.026448
0 0.600709 0.891971 0.003634 0.009542
0 0.592552 0.891452 0.003402 0.013691
0 0.920854 0.215908 0.005213 0.013976
0 0.882967 0.020078 0.003847 0.011184
0 0.896981 0.073691 0.007159 0.009905
0 0.908940 0.121180 0.006463 0.014529
0 0.926095 0.369239 0.005129 0.008176
0 0.929323 0.445328 0.004407 0.010570
0 0.927790 0.461819 0.003209 0.011296
0 0.929124 0.496677 0.004278 0.011832
0 0.929256 0.683734 0.006540 0.014710
0 0.912690 0.907489 0.004143 0.014512
0 0.917677 0.933047 0.003344 0.014788
0 0.924359 0.941409 0.003344 0.029127
0 0.914784 0.958440 0.003344 0.018073
0 0.919626 0.971806 0.003673 0.012844
