0 0.640151 0.111345 0.005322 0.009019
0 0.644141 0.136765 0.009756 0.019360
0 0.743828 0.741799 0.006074 0.015913
0 0.747048 0.732566 0.006685 0.010327
0 0.739954 0.694939 0.005708 0.009478
0 0.733318 0.660212 0.006685 0.008140
0 0.728459 0.656384 0.004497 0.005835
0 0.908513 0.341904 0.005063 0.007383
0 0.448535 0.407896 0.003584 0.005977
0 0.449976 0.398364 0.004219 0.007031
0 0.686660 0.407266 0.003223 0.004336
0 0.693298 0.427917 0.005952 0.013364
0 0.684927 0.380127 0.005273 0.010938
0 0.777549 0.944504 0.005625 0.008608
0 0.774395 0.907087 0.006563 0.011519
0 0.684316 0.393884 0.005225 0.008989
0 0.673091 0.329526 0.004150 0.007227
0 0.680271 0.353755 0.005171 0.008389
0 0.669385 0.280662 0.004346 0.006196
0 0.658669 0.240818 0.006470 0.011802
0 0.646055 0.158625 0.004961 0.007700
0 0.650117 0.169016 0.004365 0.005386
0 0.651399 0.180520 0.005903 0.012485
0 0.690637 0.414087 0.003931 0.010010
0 0.687627 0.414944 0.003867 0.008911
0 0.701396 0.506145 0.007002 0.011226
0 0.706631 0.527112 0.004473 0.008774
0 0.723906 0.627246 0.004287 0.006328
0 0.751133 0.760632 0.007168 0.013120
0 0.900854 0.277537 0.004863 0.009233
0 0.866416 0.053501 0.003516 0.006113
0 0.868306 0.094238 0.004639 0.006396
0 0.868701 0.084497 0.005615 0.008789
0 0.889556 0.224958 0.006074 0.008608
0 0.887351 0.189680 0.006157 0.011724
0 0.982522 0.776611 0.007310 0.012939
0 0.983159 0.762432 0.004736 0.008506
0 0.974192 0.715313 0.006929 0.012510
0 0.959028 0.635007 0.006807 0.009224
0 0.954851 0.599844 0.005903 0.008691
0 0.947971 0.539617 0.006255 0.007173
0 0.942275 0.535012 0.005410 0.009067
0 0.943154 0.523762 0.006611 0.012026
0 0.937944 0.484810 0.005059 0.008789
0 0.924829 0.434729 0.005771 0.010532
0 0.926333 0.422615 0.004805 0.009282
0 0.506416 0.700859 0.004043 0.008203
0 0.509258 0.706777 0.004336 0.009492
0 0.515063 0.739458 0.005137 0.006396
0 0.517371 0.756553 0.006255 0.011318
0 0.533884 0.833284 0.009917 0.016187
0 0.535127 0.851343 0.008262 0.018467
0 0.544424 0.877163 0.006924 0.011055
0 0.542236 0.886335 0.005225 0.009478
0 0.558313 0.952834 0.006177 0.010229
