0 0.686162 0.071309 0.002812 0.005781
0 0.684429 0.061309 0.005000 0.005469
0 0.682322 0.021436 0.002700 0.007559
0 0.200513 0.004624 0.003438 0.009248
0 0.205034 0.047407 0.002715 0.005791
0 0.204436 0.062485 0.003237 0.011943
0 0.203770 0.080366 0.005244 0.010762
0 0.204763 0.090674 0.004702 0.007686
0 0.205686 0.130225 0.008667 0.018965
0 0.208828 0.176157 0.006768 0.015625
0 0.207007 0.197969 0.006250 0.012891
0 0.209089 0.262683 0.006772 0.009243
0 0.208047 0.295366 0.005205 0.005596
0 0.214231 0.301616 0.006118 0.007939
0 0.209480 0.324468 0.006509 0.015361
0 0.210261 0.340483 0.004946 0.008857
0 0.211301 0.367764 0.007290 0.020186
0 0.212864 0.389509 0.008335 0.014712
0 0.210066 0.399729 0.003257 0.004165
0 0.213645 0.412361 0.004429 0.011196
0 0.213125 0.430654 0.005732 0.013936
0 0.212734 0.445693 0.004170 0.010674
0 0.209219 0.458650 0.006250 0.009507
0 0.214038 0.488079 0.004687 0.011069
0 0.215078 0.516724 0.003906 0.007939
0 0.216511 0.533196 0.006772 0.021353
0 0.214426 0.658066 0.011978 0.015361
0 0.212539 0.556501 0.004561 0.009116
0 0.215859 0.571411 0.005732 0.011328
0 0.217292 0.584434 0.007290 0.008467
0 0.212212 0.608718 0.004688 0.006509
0 0.216565 0.605269 0.004272 0.013672
0 0.217812 0.632285 0.005986 0.010156
0 0.217551 0.640945 0.004946 0.006899
0 0.197168 0.005303 0.003252 0.010605
0 0.215598 0.680398 0.004429 0.005601
0 0.219592 0.742861 0.004341 0.007812
0 0.216226 0.751379 0.004121 0.007485
0 0.216064 0.773679 0.004014 0.007378
0 0.219807 0.791040 0.004126 0.025605
0 0.217041 0.813555 0.002930 0.007920
0 0.220134 0.816594 0.003257 0.012915
0 0.215359 0.834988 0.003472 0.011284
0 0.217908 0.843069 0.003149 0.005532
0 0.217368 0.858479 0.002930 0.005103
0 0.220566 0.889946 0.008682 0.017686
0 0.220024 0.939695 0.003691 0.010200
0 0.219421 0.989009 0.002622 0.005967
0 0.002473 0.352095 0.004946 0.010156
0 0.001848 0.276936 0.003696 0.012036
0 0.001145 0.391079 0.002290 0.008438
0 0.002004 0.366860 0.004009 0.005625
0 0.002212 0.415532 0.003594 0.009531
0 0.003916 0.522656 0.004063 0.005312
0 0.006338 0.544380 0.005156 0.007812
0 0.002505 0.560005 0.005010 0.009687
0 0.002661 0.589458 0.005322 0.015156
0 0.006650 0.602505 0.004844 0.007812
0 0.006182 0.651021 0.004531 0.007031
0 0.007510 0.663130 0.007187 0.015000
0 0.007935 0.749790 0.004502 0.010127
0 0.006340 0.781477 0.005815 0.008999
0 0.005310 0.810166 0.005249 0.016504
0 0.004934 0.860603 0.004497 0.008999
0 0.009453 0.888203 0.005811 0.012939
0 0.002383 0.436279 0.004766 0.023623
0 0.678545 0.003562 0.007021 0.007124
0 0.709238 0.973430 0.002891 0.006782
0 0.708672 0.929727 0.005195 0.010625
0 0.711685 0.996638 0.005850 0.006724
0 0.708921 0.950869 0.004434 0.007236
0 0.709727 0.884929 0.003545 0.003618
0 0.706311 0.559368 0.003647 0.007817
0 0.702664 0.559497 0.003647 0.007812
0 0.700942 0.400291 0.003955 0.006157
0 0.699807 0.385295 0.003960 0.003267
0 0.701472 0.356631 0.004019 0.004961
0 0.697954 0.361245 0.002764 0.008418
0 0.698965 0.330203 0.004824 0.009946
0 0.694148 0.303979 0.002573 0.008438
0 0.696482 0.294221 0.003315 0.007310
0 0.691243 0.278057 0.003540 0.005879
0 0.696179 0.276929 0.005122 0.016279
0 0.696292 0.250029 0.003091 0.016729
0 0.695161 0.236235 0.003389 0.004521
0 0.694712 0.222146 0.004756 0.006177
0 0.694109 0.206663 0.010317 0.012886
0 0.694670 0.192722 0.007388 0.009722
0 0.690750 0.167695 0.003140 0.005127
0 0.687031 0.160920 0.002617 0.003608
0 0.690093 0.160605 0.003086 0.007480
0 0.693025 0.148518 0.004663 0.007378
0 0.688792 0.142820 0.004233 0.011392
0 0.687727 0.128499 0.006782 0.006089
0 0.683811 0.112559 0.003765 0.004219
0 0.689116 0.097871 0.002500 0.004219
0 0.684990 0.090996 0.005469 0.014219
