0 0.147773 0.899563 0.002617 0.008472
0 0.145718 0.916875 0.005732 0.005977
0 0.147275 0.931570 0.001865 0.004233
0 0.149517 0.941096 0.002617 0.004858
0 0.151882 0.954546 0.003110 0.006602
0 0.148584 0.976218 0.003486 0.009839
0 0.149392 0.964634 0.005854 0.006104
0 0.149509 0.874958 0.002700 0.004360
0 0.149465 0.793057 0.002241 0.003115
0 0.145791 0.627939 0.004482 0.018682
0 0.147065 0.549590 0.002334 0.007354
0 0.144680 0.450686 0.003228 0.008970
0 0.144670 0.357131 0.003872 0.008267
0 0.365413 0.908806 0.004663 0.018296
0 0.149187 0.867112 0.002700 0.006333
0 0.378025 0.937859 0.004731 0.012456
0 0.369978 0.924680 0.003843 0.009028
0 0.385215 0.993105 0.004150 0.011416
0 0.356738 0.868164 0.004980 0.005479
0 0.358469 0.881445 0.004565 0.010791
0 0.580703 0.014226 0.002939 0.007183
0 0.581699 0.002854 0.002852 0.005708
0 0.584597 0.001816 0.002593 0.003633
0 0.583904 0.037449 0.003110 0.008823
0 0.584985 0.047654 0.003027 0.009165
0 0.580488 0.048389 0.004932 0.011328
0 0.580271 0.069663 0.003462 0.006484
0 0.583298 0.071265 0.002944 0.009863
0 0.579182 0.097214 0.004106 0.008433
0 0.582820 0.112556 0.003169 0.008433
0 0.579434 0.107620 0.004609 0.003315
0 0.581919 0.130327 0.005693 0.007490
0 0.581191 0.121147 0.004609 0.007568
0 0.577839 0.123381 0.002808 0.004683
0 0.579353 0.154011 0.003823 0.005981
0 0.582129 0.165149 0.005625 0.007065
0 0.581985 0.186626 0.002886 0.016436
0 0.579028 0.206804 0.003604 0.003892
0 0.580652 0.223022 0.003530 0.014268
0 0.583606 0.239995 0.005259 0.010449
0 0.578850 0.244067 0.003530 0.005332
0 0.581587 0.250625 0.002666 0.005479
0 0.581409 0.272534 0.002593 0.006055
0 0.580332 0.286807 0.004619 0.020322
0 0.584399 0.290840 0.003965 0.010234
0 0.582388 0.349373 0.003389 0.010669
0 0.578567 0.365010 0.005259 0.019170
0 0.576621 0.388003 0.005117 0.010234
0 0.575828 0.406057 0.006704 0.014634
0 0.579929 0.433154 0.004614 0.008506
0 0.576831 0.441082 0.005479 0.006343
0 0.580159 0.480051 0.004409 0.005796
0 0.577158 0.547000 0.006279 0.011509
0 0.577341 0.511853 0.008179 0.015991
0 0.573623 0.628252 0.005205 0.010781
0 0.569805 0.681250 0.005381 0.012705
0 0.574038 0.651418 0.005576 0.010845
0 0.149968 0.856111 0.001763 0.006333
0 0.147996 0.853931 0.002593 0.009443
0 0.147737 0.829197 0.005356 0.014946
0 0.148918 0.812571 0.003237 0.005103
0 0.151016 0.766914 0.003662 0.011406
0 0.147358 0.728928 0.004951 0.007749
0 0.147358 0.703213 0.005811 0.009687
0 0.146174 0.689331 0.004302 0.010762
0 0.146995 0.590845 0.005679 0.008262
