0 0.457300 0.831118 0.004111 0.010342
0 0.452756 0.828757 0.004458 0.011509
0 0.456099 0.820962 0.004453 0.006309
0 0.453037 0.808523 0.005000 0.009048
0 0.451665 0.784167 0.002324 0.005024
0 0.455725 0.789128 0.002837 0.004897
0 0.453877 0.689749 0.003711 0.006421
0 0.448047 0.662092 0.002783 0.004409
0 0.449670 0.654783 0.003716 0.013306
0 0.448999 0.630305 0.004023 0.011060
0 0.451665 0.596091 0.003477 0.011362
0 0.446140 0.571753 0.002837 0.004707
0 0.447527 0.563794 0.003159 0.011084
0 0.449170 0.554683 0.003789 0.006729
0 0.443887 0.439675 0.002275 0.004009
0 0.448162 0.296143 0.006948 0.016973
0 0.444653 0.240935 0.006035 0.013550
0 0.448105 0.221316 0.006348 0.010688
0 0.889763 0.024746 0.002847 0.008916
0 0.891179 0.055835 0.002788 0.005410
0 0.925391 0.915928 0.002393 0.006895
0 0.926589 0.930801 0.002700 0.007344
0 0.928867 0.953708 0.003037 0.007427
0 0.926760 0.963918 0.002700 0.005903
0 0.929543 0.973325 0.003374 0.006494
0 0.917100 0.468850 0.003340 0.007427
0 0.913181 0.384888 0.002388 0.004639
0 0.909822 0.306736 0.002896 0.006235
0 0.901721 0.223491 0.003403 0.008047
0 0.892664 0.110715 0.002788 0.006187
0 0.459556 0.945535 0.003799 0.009604
0 0.462842 0.935708 0.003926 0.011475
0 0.453157 0.877483 0.003813 0.006929
0 0.459575 0.881538 0.003008 0.006982
0 0.458545 0.861511 0.002686 0.004292
0 0.918594 0.618037 0.002939 0.004873
0 0.918562 0.645308 0.002788 0.005566
0 0.920400 0.650986 0.002676 0.004902
0 0.923545 0.704263 0.004678 0.004941
0 0.922207 0.687490 0.004414 0.005078
0 0.922224 0.738179 0.003325 0.006729
0 0.924839 0.829717 0.002939 0.011133
0 0.926870 0.836367 0.002705 0.004873
0 0.928267 0.867429 0.002100 0.003618
0 0.925630 0.868433 0.002783 0.003955
