0 0.586008 0.778813 0.004927 0.010029
0 0.586504 0.768289 0.005195 0.011196
0 0.629153 0.306035 0.006655 0.018574
0 0.623472 0.376218 0.006348 0.012690
0 0.640461 0.169661 0.005806 0.011284
0 0.590652 0.746362 0.005679 0.010967
0 0.167495 0.648926 0.004102 0.007031
0 0.164453 0.686504 0.003564 0.007324
0 0.605393 0.579016 0.008071 0.015610
0 0.591233 0.715403 0.009028 0.018833
0 0.608503 0.532273 0.005103 0.009204
0 0.613281 0.492278 0.007910 0.019224
0 0.615686 0.448494 0.006499 0.012075
0 0.619382 0.440005 0.006343 0.011934
0 0.577944 0.860667 0.007998 0.019351
