0 0.270010 0.781851 0.004863 0.005684
0 0.256768 0.792563 0.006406 0.007197
0 0.260181 0.799585 0.006006 0.008154
0 0.233367 0.846338 0.008169 0.010352
0 0.225244 0.853364 0.006836 0.009658
0 0.212346 0.876279 0.007534 0.007734
0 0.566235 0.301074 0.016357 0.021191
0 0.312087 0.706643 0.005581 0.007720
0 0.606484 0.238862 0.013750 0.011475
0 0.545300 0.335403 0.012583 0.013696
0 0.867776 0.699438 0.007593 0.009922
0 0.910286 0.627004 0.006997 0.008882
0 0.788823 0.825669 0.006074 0.008301
0 0.773237 0.848831 0.005957 0.005620
0 0.726177 0.929070 0.007383 0.008931
0 0.746042 0.900464 0.007915 0.006787
0 0.533789 0.344224 0.010518 0.010449
0 0.504258 0.392520 0.008818 0.012432
0 0.485408 0.418853 0.004771 0.004502
0 0.449006 0.483687 0.007388 0.006553
0 0.462976 0.454204 0.005347 0.013242
0 0.466086 0.456960 0.005063 0.009946
0 0.428191 0.518286 0.005405 0.009404
0 0.421777 0.525054 0.004951 0.013457
0 0.386606 0.582454 0.009414 0.011440
0 0.369121 0.607981 0.005908 0.008530
0 0.374897 0.602930 0.009365 0.011230
0 0.358799 0.634697 0.005820 0.007510
0 0.949561 0.560146 0.006133 0.009404
0 0.416536 0.531045 0.005171 0.007852
0 0.407175 0.554570 0.008638 0.010176
0 0.452966 0.473115 0.007085 0.013330
0 0.593206 0.252405 0.006616 0.012993
0 0.282083 0.752053 0.006177 0.012407
0 0.289932 0.746807 0.006270 0.006504
0 0.338184 0.670771 0.003730 0.007002
0 0.553542 0.315974 0.009624 0.009780
0 0.305642 0.713228 0.003765 0.004775
0 0.306497 0.719644 0.004204 0.005420
0 0.293665 0.735271 0.009204 0.009214
