0 0.563499 0.577988 0.003120 0.007599
0 0.337397 0.692745 0.007334 0.009369
0 0.511182 0.030158 0.006807 0.024183
0 0.511704 0.114357 0.003145 0.012999
0 0.557556 0.075541 0.002427 0.005254
0 0.557556 0.089450 0.003940 0.010321
0 0.557859 0.101085 0.003940 0.006646
0 0.539321 0.157418 0.003408 0.012830
0 0.521323 0.160333 0.006318 0.006415
0 0.511094 0.160916 0.002275 0.004662
0 0.512988 0.149543 0.006318 0.020992
0 0.510083 0.129786 0.001768 0.013269
0 0.513745 0.132630 0.005049 0.011077
0 0.533328 0.232252 0.003228 0.008157
0 0.536206 0.241855 0.002314 0.004216
0 0.536677 0.259205 0.002583 0.004216
0 0.536255 0.321666 0.003809 0.006928
0 0.540063 0.339735 0.002539 0.006764
0 0.537896 0.359326 0.003564 0.007379
0 0.536724 0.374126 0.003760 0.006990
0 0.540654 0.384298 0.004590 0.007943
0 0.542642 0.442483 0.004980 0.010524
0 0.543191 0.456023 0.005229 0.011685
0 0.541641 0.492446 0.002695 0.007306
0 0.544583 0.497415 0.003091 0.006409
0 0.540845 0.536491 0.003203 0.006432
0 0.543376 0.542139 0.001860 0.012272
0 0.563035 0.555144 0.004390 0.008472
0 0.545276 0.595812 0.002280 0.006426
0 0.547551 0.600829 0.002446 0.005750
0 0.547800 0.669673 0.004253 0.013213
0 0.551394 0.792604 0.002329 0.008647
0 0.554817 0.836181 0.003442 0.011685
0 0.557905 0.877556 0.004150 0.015428
0 0.557397 0.895093 0.003545 0.008179
0 0.557104 0.977827 0.003291 0.006612
0 0.561914 0.970953 0.006162 0.021330
0 0.741924 0.136705 0.006045 0.006984
0 0.785383 0.156195 0.004282 0.015705
0 0.786814 0.320364 0.003628 0.007401
0 0.787920 0.486860 0.003711 0.008568
0 0.788848 0.528650 0.003545 0.007210
0 0.788762 0.544526 0.003374 0.013247
0 0.789707 0.650713 0.004658 0.009814
0 0.792136 0.759081 0.002329 0.006313
0 0.967319 0.057689 0.004199 0.011917
0 0.968193 0.076068 0.003496 0.006263
0 0.968105 0.085764 0.003672 0.011110
0 0.968369 0.115961 0.003848 0.020197
0 0.978589 0.026071 0.004102 0.007441
0 0.982219 0.025090 0.003872 0.009402
0 0.981721 0.041088 0.003813 0.008117
