0 0.820642 0.008796 0.009644 0.007339
0 0.229342 0.121238 0.006424 0.007456
0 0.195604 0.122341 0.008885 0.004419
0 0.215820 0.125500 0.006966 0.004761
0 0.242415 0.129854 0.013932 0.002900
0 0.142910 0.132490 0.007245 0.002373
0 0.134133 0.130732 0.008080 0.005713
0 0.162701 0.118950 0.009489 0.003428
0 0.143994 0.115869 0.007245 0.007969
0 0.093305 0.111743 0.015619 0.002549
0 0.118669 0.112666 0.006130 0.006504
0 0.025433 0.096621 0.008638 0.003252
0 0.328251 0.139695 0.011703 0.002427
0 0.338119 0.144705 0.013390 0.003169
0 0.387113 0.146763 0.015062 0.002637
0 0.469559 0.151455 0.008034 0.002529
0 0.528754 0.147710 0.018065 0.002217
0 0.557686 0.127878 0.009025 0.003267
0 0.569389 0.152195 0.015712 0.002534
0 0.610859 0.147500 0.020387 0.002217
0 0.639961 0.150930 0.023080 0.001899
0 0.642128 0.153145 0.014721 0.001689
0 0.667214 0.147026 0.026749 0.001689
0 0.663700 0.149612 0.011703 0.002427
0 0.665875 0.155359 0.009365 0.002319
0 0.723738 0.145864 0.014721 0.002324
0 0.702330 0.129724 0.012709 0.003169
0 0.780759 0.142856 0.023746 0.003271
0 0.823235 0.157048 0.015728 0.003589
0 0.837446 0.151931 0.018731 0.002847
0 0.890124 0.140378 0.011703 0.002954
0 0.907848 0.140273 0.011703 0.003584
0 0.925402 0.137847 0.016718 0.003164
0 0.872902 0.149346 0.009365 0.009287
0 0.860356 0.156467 0.008359 0.003267
0 0.920573 0.113806 0.008824 0.005698
0 0.963119 0.149187 0.022461 0.002026
0 0.748808 0.153176 0.010433 0.002153
0 0.767461 0.157986 0.043746 0.003169
0 0.699837 0.158113 0.017663 0.002153
0 0.727539 0.116526 0.011238 0.002534
0 0.797771 0.113552 0.012848 0.002153
0 0.918173 0.099182 0.012043 0.009370
0 0.917361 0.071965 0.006424 0.012407
0 0.979373 0.082473 0.006827 0.003794
0 0.884257 0.040759 0.006811 0.002407
0 0.878839 0.027974 0.006409 0.007979
0 0.601115 0.014302 0.009628 0.007471
0 0.136780 0.103435 0.007245 0.007388
0 0.909435 0.052163 0.009211 0.006768
0 0.905828 0.046550 0.006703 0.004751
0 0.932933 0.059536 0.005619 0.005313
0 0.866354 0.112107 0.014443 0.005825
0 0.990410 0.157922 0.019180 0.002661
0 0.436022 0.154600 0.005573 0.005977
0 0.486471 0.168320 0.011796 0.001602
0 0.507167 0.159641 0.010186 0.001167
0 0.517686 0.159897 0.007632 0.004014
0 0.375077 0.157314 0.011331 0.001602
0 0.363166 0.156001 0.011563 0.001748
0 0.307902 0.155745 0.016641 0.002261
0 0.287902 0.156587 0.016889 0.002188
0 0.221215 0.153918 0.012957 0.002632
0 0.213475 0.159238 0.014567 0.002480
0 0.226424 0.159458 0.009938 0.002188
0 0.112554 0.157083 0.013808 0.002280
0 0.142175 0.156401 0.008839 0.001924
0 0.182755 0.158643 0.016316 0.002266
0 0.063638 0.160107 0.014799 0.001895
0 0.055201 0.157773 0.012724 0.001895
0 0.351935 0.148577 0.010867 0.002114
0 0.360604 0.147446 0.008328 0.002920
0 0.307051 0.133335 0.009582 0.010010
0 0.443630 0.181843 0.010077 0.010737
0 0.441231 0.194243 0.009118 0.004990
0 0.467933 0.171265 0.009427 0.004902
0 0.504079 0.197610 0.009458 0.004556
0 0.564706 0.202993 0.006409 0.005166
0 0.523653 0.201985 0.008050 0.005952
0 0.486455 0.198047 0.005232 0.005605
0 0.457724 0.227771 0.008607 0.003062
0 0.456478 0.245142 0.009427 0.006299
0 0.616022 0.257656 0.006656 0.004902
0 0.607136 0.263479 0.007771 0.006040
0 0.496981 0.261509 0.006656 0.004023
0 0.487415 0.263259 0.009164 0.004204
0 0.450929 0.266235 0.007771 0.005078
0 0.453421 0.255864 0.008328 0.004463
0 0.457082 0.211523 0.008034 0.007734
0 0.491378 0.192283 0.010402 0.004497
0 0.560178 0.211890 0.007353 0.002393
0 0.466780 0.284775 0.006749 0.009521
0 0.456997 0.281790 0.007709 0.003950
0 0.453297 0.294192 0.013158 0.004048
0 0.614404 0.297126 0.009892 0.006665
0 0.611331 0.318076 0.009628 0.005977
0 0.467361 0.337112 0.007384 0.005972
0 0.458692 0.344451 0.009303 0.008706
0 0.458854 0.350830 0.009628 0.002432
0 0.480364 0.354932 0.008994 0.003545
0 0.469768 0.358882 0.008359 0.002734
0 0.475062 0.365867 0.008669 0.002329
0 0.479876 0.371790 0.011238 0.007690
0 0.616300 0.351184 0.009938 0.006177
0 0.618769 0.380735 0.009892 0.009282
0 0.622245 0.388833 0.006161 0.006074
0 0.619574 0.405415 0.007755 0.008018
0 0.517252 0.418999 0.005341 0.004473
0 0.455998 0.406511 0.009087 0.002612
0 0.498127 0.393054 0.006161 0.005903
0 0.506416 0.392717 0.007755 0.008101
0 0.505619 0.405769 0.011238 0.005317
0 0.457198 0.427705 0.010155 0.003965
0 0.459474 0.431504 0.006687 0.003291
0 0.616896 0.445972 0.009087 0.004219
0 0.535441 0.443989 0.005619 0.003799
0 0.530093 0.453398 0.006161 0.003877
0 0.606819 0.492268 0.011099 0.005396
0 0.579528 0.562207 0.006920 0.007100
0 0.581974 0.539614 0.008096 0.003525
0 0.578119 0.589978 0.008096 0.005103
0 0.587020 0.670657 0.009365 0.006606
0 0.582283 0.699800 0.010789 0.007529
0 0.591138 0.711038 0.010789 0.008628
0 0.582469 0.726895 0.008096 0.004863
0 0.583243 0.733274 0.006548 0.008872
0 0.590364 0.760732 0.009241 0.006436
0 0.585325 0.771697 0.006749 0.005669
0 0.587090 0.787441 0.009628 0.015693
0 0.596238 0.785164 0.007368 0.008706
0 0.585387 0.829309 0.008978 0.010630
0 0.596943 0.850974 0.005774 0.006987
0 0.591726 0.873777 0.007136 0.008228
0 0.599977 0.939653 0.007384 0.006416
0 0.595263 0.986382 0.010619 0.009912
0 0.596834 0.951125 0.005341 0.004136
0 0.591246 0.895007 0.005619 0.009956
0 0.103754 0.100181 0.007539 0.004922
0 0.093793 0.092854 0.008359 0.004907
0 0.189296 0.023054 0.010604 0.007290
0 0.033251 0.047131 0.016378 0.003794
0 0.061424 0.044775 0.013003 0.003037
0 0.173638 0.091794 0.012043 0.003188
0 0.288266 0.082148 0.032260 0.002734
0 0.422392 0.102729 0.011563 0.003496
0 0.382175 0.117087 0.014938 0.004858
