0 0.19140625 0.6484375 0.0109375 0.028125
0 0.871875 0.03984375 0.009375 0.0234375
0 0.86171875 0.06796875 0.0109375 0.0203125
0 0.86171875 0.26015625 0.0140625 0.0328125
0 0.92734375 0.55390625 0.0171875 0.0515625
0 0.90234375 0.38203125 0.0109375 0.0265625
0 0.890625 0.38671875 0.0125 0.0421875
0 0.90078125 0.42421875 0.0140625 0.0296875
0 0.91015625 0.45703125 0.0171875 0.0296875
0 0.91796875 0.90703125 0.0234375 0.0484375
0 0.93359375 0.8078125 0.0203125 0.04375
0 0.93515625 0.65 0.0265625 0.05
0 0.8765625 0.221875 0.03125 0.0375
0 0.8578125 0.159375 0.03125 0.05
