0 0.42890625 0.17421875 0.0203125 0.0296875
0 0.42890625 0.01796875 0.0109375 0.0359375
0 0.446875 0.00390625 0.0125 0.0078125
0 0.43125 0.06171875 0.0125 0.0234375
0 0.44375 0.1109375 0.0125 0.021875
0 0.428125 0.08984375 0.0125 0.0140625
0 0.40703125 0.1796875 0.0109375 0.01875
0 0.3890625 0.35390625 0.015625 0.0390625
0 0.3703125 0.3890625 0.01875 0.028125
0 0.37578125 0.46640625 0.0109375 0.0203125
0 0.37109375 0.48984375 0.0109375 0.0203125
0 0.3640625 0.72421875 0.028125 0.0609375
0 0.3828125 0.30078125 0.015625 0.0421875
