0 0.3578125 0.42109375 0.021875 0.0265625
0 0.41640625 0.459375 0.0109375 0.0125
0 0.4171875 0.4859375 0.0375 0.028125
0 0.62890625 0.6421875 0.0140625 0.025
0 0.60546875 0.64609375 0.0140625 0.0515625
0 0.93125 0.03671875 0.01875 0.0171875
0 0.07578125 0.10078125 0.0421875 0.0390625
0 0.10625 0.1625 0.034375 0.028125
0 0.184375 0.18984375 0.01875 0.0578125
0 0.15703125 0.18828125 0.0140625 0.0265625
0 0.13671875 0.19609375 0.0140625 0.0265625
0 0.2359375 0.27421875 0.028125 0.0328125
0 0.3078125 0.32265625 0.0375 0.0453125
