0 0.9453125 0.2890625 0.009375 0.021875
0 0.9375 0.271875 0.00625 0.015625
0 0.946875 0.2421875 0.009375 0.01875
0 0.9390625 0.2203125 0.009375 0.015625
0 0.91328125 0.253125 0.0109375 0.021875
0 0.93671875 0.03984375 0.0046875 0.0140625
0 0.93671875 0.96484375 0.0140625 0.0296875
0 0.92890625 0.78671875 0.0171875 0.0328125
0 0.928125 0.03984375 0.00625 0.0140625
0 0.94453125 0.553125 0.0265625 0.034375
0 0.95390625 0.4609375 0.0078125 0.021875
0 0.9546875 0.42578125 0.009375 0.0203125
0 0.95390625 0.3921875 0.0078125 0.015625
0 0.94296875 0.34921875 0.0109375 0.0265625
