0 0.65546875 0.11484375 0.0171875 0.0265625
0 0.63203125 0.11875 0.0234375 0.021875
0 0.60859375 0.15703125 0.0171875 0.0140625
0 0.5640625 0.20625 0.028125 0.0375
0 0.471875 0.33359375 0.034375 0.0359375
0 0.3234375 0.49921875 0.028125 0.0234375
0 0.171875 0.6796875 0.021875 0.01875
0 0.01171875 0.85234375 0.0234375 0.0234375
0 0.175 0.51953125 0.04375 0.0421875
0 0.11953125 0.55546875 0.0265625 0.0296875
0 0.0859375 0.559375 0.028125 0.01875
0 0.0875 0.5890625 0.025 0.021875
0 0.015625 0.6125 0.03125 0.0125
0 0.01171875 0.634375 0.0234375 0.0125
