0 0.13984375 0.50390625 0.0484375 0.0515625
0 0.184375 0.44609375 0.040625 0.0421875
0 0.10703125 0.546875 0.0234375 0.025
0 0.078125 0.58671875 0.021875 0.0234375
0 0.9953125 0.85234375 0.009375 0.0234375
0 0.99765625 0.6125 0.0046875 0.0125
0 0.9921875 0.634375 0.015625 0.0125
0 0.921875 0.72734375 0.025 0.0234375
0 0.9375 0.68828125 0.025 0.0234375
0 0.97421875 0.66796875 0.0171875 0.0171875
0 0.22265625 0.39296875 0.0265625 0.0328125
0 0.27109375 0.353125 0.0328125 0.028125
0 0.41171875 0.2015625 0.0265625 0.021875
0 0.37265625 0.215625 0.0296875 0.028125
0 0.43046875 0.16796875 0.0234375 0.0203125
0 0.44765625 0.14609375 0.0140625 0.0171875
0 0.4703125 0.1328125 0.01875 0.021875
0 0.52421875 0.096875 0.0234375 0.034375
0 0.55390625 0.01015625 0.0328125 0.0203125
