0 0.1046875 0.0734375 0.0125 0.04375
0 0.06953125 0.0609375 0.0109375 0.04375
0 0.1109375 0.01328125 0.0125 0.0265625
0 0.08984375 0.39296875 0.0109375 0.0234375
0 0.0859375 0.24375 0.0125 0.025
0 0.08984375 0.49453125 0.0171875 0.0421875
0 0.09609375 0.74140625 0.0140625 0.0328125
0 0.1015625 0.81796875 0.021875 0.0296875
0 0.1015625 0.91484375 0.015625 0.0359375
0 0.10078125 0.98359375 0.0140625 0.0328125
0 0.965625 0.0 0.01875 0.0
0 0.9328125 0.04296875 0.01875 0.0421875
0 0.79765625 0.1328125 0.0140625 0.0375
0 0.79921875 0.18203125 0.0140625 0.0359375
0 0.8921875 0.15390625 0.01875 0.0328125
0 0.83984375 0.29375 0.0203125 0.025
0 0.80234375 0.2828125 0.0203125 0.046875
0 0.8109375 0.3890625 0.0125 0.028125
0 0.82578125 0.45859375 0.0109375 0.0234375
0 0.80625 0.4453125 0.0125 0.034375
0 0.80546875 0.484375 0.0140625 0.021875
0 0.81328125 0.5140625 0.0109375 0.025
0 0.82578125 0.634375 0.0171875 0.025
0 0.81015625 0.64765625 0.0109375 0.0515625
0 0.8125 0.7015625 0.015625 0.03125
0 0.82578125 0.7625 0.0171875 0.03125
0 0.840625 0.8296875 0.025 0.028125
0 0.83046875 0.9375 0.0203125 0.028125
