0 0.40546875 0.67109375 0.0171875 0.0390625
0 0.528125 0.10546875 0.025 0.0390625
0 0.55390625 0.0640625 0.0296875 0.046875
0 0.55625 0.0046875 0.01875 0.009375
0 0.515625 0.15546875 0.015625 0.0234375
0 0.49609375 0.278125 0.0234375 0.034375
0 0.46953125 0.378125 0.0109375 0.015625
0 0.47421875 0.39453125 0.0140625 0.0234375
0 0.4609375 0.46015625 0.015625 0.0265625
0 0.40859375 0.74140625 0.0171875 0.0234375
0 0.3875 0.7953125 0.015625 0.021875
0 0.39609375 0.7734375 0.0203125 0.04375
0 0.3890625 0.83125 0.021875 0.034375
0 0.3921875 0.8625 0.021875 0.0375
0 0.36171875 0.93125 0.0109375 0.015625
0 0.4484375 0.5125 0.021875 0.046875
0 0.37109375 0.9359375 0.0140625 0.025
0 0.36875 0.953125 0.009375 0.015625
