0 0.4625 0.65859375 0.0125 0.0328125
0 0.44765625 0.6515625 0.0140625 0.0375
0 0.45859375 0.62578125 0.0140625 0.0203125
0 0.4484375 0.58671875 0.015625 0.0296875
0 0.44453125 0.50859375 0.0078125 0.0171875
0 0.4578125 0.525 0.009375 0.015625
0 0.4515625 0.20703125 0.0125 0.0203125
0 0.4328125 0.11796875 0.009375 0.0140625
0 0.43828125 0.09453125 0.0109375 0.0421875
0 0.4359375 0.0171875 0.0125 0.034375
0 0.4796875 0.9875 0.0125 0.025
0 0.44921875 0.80703125 0.0109375 0.0234375
0 0.4703125 0.8203125 0.009375 0.021875
0 0.46640625 0.75546875 0.0078125 0.0140625
