0 0.6046875 0.7125 0.028125 0.025
0 0.9265625 0.2203125 0.021875 0.03125
0 0.5546875 0.790625 0.021875 0.04375
0 0.39609375 0.9984375 0.0203125 0.003125
0 0.45546875 0.93671875 0.0203125 0.0265625
0 0.9859375 0.12578125 0.01875 0.0203125
0 0.640625 0.67578125 0.028125 0.0328125
0 0.02890625 0.375 0.0140625 0.025
0 0.115625 0.25 0.01875 0.01875
0 0.16015625 0.1703125 0.0265625 0.034375
0 0.13984375 0.20703125 0.0296875 0.0328125
0 0.9421875 0.1828125 0.01875 0.021875
0 0.8234375 0.38359375 0.015625 0.0203125
