0 0.184375 0.0453125 0.0125 0.0375
0 0.99609375 0.6609375 0.0078125 0.025
0 0.99609375 0.571875 0.0078125 0.025
0 0.99765625 0.2734375 0.0046875 0.03125
0 0.26484375 0.98125 0.0078125 0.015625
0 0.25390625 0.9703125 0.0109375 0.05
0 0.27265625 0.8625 0.0078125 0.015625
0 0.25390625 0.7734375 0.0109375 0.01875
0 0.25078125 0.753125 0.0078125 0.015625
0 0.25625 0.7296875 0.009375 0.025
0 0.24140625 0.6578125 0.0078125 0.015625
0 0.25625 0.68828125 0.009375 0.0140625
0 0.24609375 0.69140625 0.0109375 0.0515625
0 0.23359375 0.6125 0.0109375 0.01875
0 0.2203125 0.5 0.009375 0.059375
0 0.22890625 0.41328125 0.0078125 0.0140625
0 0.22734375 0.36796875 0.0140625 0.0578125
0 0.221875 0.28125 0.0125 0.040625
0 0.2109375 0.2671875 0.009375 0.025
0 0.190625 0.26640625 0.009375 0.0171875
0 0.20390625 0.20546875 0.0078125 0.0203125
0 0.2125 0.20546875 0.009375 0.0328125
0 0.20546875 0.1484375 0.0109375 0.028125
0 0.2046875 0.10234375 0.0125 0.0328125
0 0.246875 0.628125 0.009375 0.025
