0 0.53203125 0.02421875 0.0078125 0.0234375
0 0.53984375 0.01796875 0.0078125 0.0359375
0 0.546875 0.05 0.0125 0.025
0 0.54453125 0.071875 0.0078125 0.0125
0 0.53359375 0.1046875 0.0078125 0.015625
0 0.54453125 0.11875 0.0078125 0.0125
0 0.53515625 0.184375 0.0109375 0.03125
0 0.5328125 0.2140625 0.01875 0.015625
0 0.52421875 0.2390625 0.0078125 0.015625
0 0.53046875 0.26796875 0.0078125 0.0140625
0 0.534375 0.28828125 0.01875 0.0140625
0 0.52265625 0.3078125 0.0078125 0.025
0 0.525 0.37265625 0.0125 0.0140625
0 0.51796875 0.42421875 0.0109375 0.0234375
0 0.5203125 0.45078125 0.0125 0.0265625
0 0.51875 0.61796875 0.00625 0.0171875
0 0.51328125 0.63046875 0.0078125 0.0109375
0 0.509375 0.75703125 0.009375 0.0203125
0 0.5046875 0.884375 0.009375 0.01875
0 0.496875 0.91953125 0.00625 0.0265625
0 0.4953125 0.95859375 0.009375 0.0171875
