0 0.478125 0.0359375 0.009375 0.040625
0 0.48828125 0.0625 0.0109375 0.021875
0 0.48515625 0.1734375 0.0078125 0.021875
0 0.48984375 0.21484375 0.0109375 0.0359375
0 0.49375 0.3015625 0.009375 0.01875
0 0.49296875 0.3609375 0.0109375 0.03125
0 0.50859375 0.61328125 0.0140625 0.0421875
0 0.50546875 0.66875 0.0171875 0.034375
0 0.50625 0.53203125 0.0125 0.0109375
0 0.51875 0.75234375 0.015625 0.0265625
0 0.50625 0.778125 0.00625 0.028125
0 0.5046875 0.82421875 0.009375 0.0234375
0 0.51171875 0.81875 0.0078125 0.01875
0 0.5203125 0.91796875 0.009375 0.0203125
