0 0.18203125 0.77578125 0.0109375 0.0328125
0 0.19609375 0.8265625 0.0078125 0.015625
0 0.19609375 0.91328125 0.0078125 0.0140625
0 0.19140625 0.95546875 0.0171875 0.0359375
0 0.2015625 0.9890625 0.0125 0.021875
0 0.1890625 0.9921875 0.0125 0.015625
0 0.1734375 0.16796875 0.009375 0.0296875
0 0.18359375 0.178125 0.0109375 0.025
0 0.16953125 0.2625 0.0171875 0.0375
0 0.1984375 0.2734375 0.0125 0.021875
0 0.1828125 0.30546875 0.0125 0.0390625
0 0.1734375 0.3265625 0.009375 0.025
0 0.18671875 0.36328125 0.0078125 0.0234375
0 0.2765625 0.43203125 0.0125 0.0421875
0 0.18828125 0.4078125 0.0140625 0.028125
0 0.1890625 0.56171875 0.009375 0.0234375
0 0.178125 0.546875 0.009375 0.01875
0 0.18515625 0.5921875 0.0078125 0.01875
0 0.175 0.41875 0.0125 0.025
0 0.18515625 0.6546875 0.0140625 0.0375
0 0.1953125 0.67734375 0.009375 0.0109375
0 0.1765625 0.7140625 0.009375 0.021875
