0 0.54375 0.08515625 0.009375 0.0265625
0 0.50859375 0.38046875 0.0078125 0.0203125
0 0.44609375 0.4140625 0.0078125 0.021875
0 0.50234375 0.46484375 0.0078125 0.0296875
0 0.50234375 0.4875 0.0046875 0.0125
0 0.49296875 0.51171875 0.0078125 0.0140625
0 0.49453125 0.53125 0.0046875 0.0125
0 0.48125 0.546875 0.009375 0.021875
0 0.4890625 0.60390625 0.00625 0.0078125
0 0.4828125 0.63828125 0.00625 0.0203125
0 0.49609375 0.6625 0.0046875 0.01875
0 0.49609375 0.7421875 0.0078125 0.021875
0 0.4859375 0.76015625 0.009375 0.0203125
0 0.49609375 0.84609375 0.0046875 0.0078125
0 0.490625 0.86953125 0.00625 0.0140625
0 0.496875 0.92109375 0.009375 0.0234375
