0 0.35234375 0.19765625 0.0078125 0.0171875
0 0.365625 0.00703125 0.009375 0.0140625
0 0.43671875 0.24296875 0.0109375 0.0265625
0 0.50703125 0.35390625 0.0109375 0.0265625
0 0.42265625 0.30234375 0.0078125 0.0390625
0 0.36015625 0.35625 0.0109375 0.021875
0 0.3765625 0.45859375 0.00625 0.0140625
0 0.3828125 0.53125 0.00625 0.040625
0 0.51015625 0.5375 0.0046875 0.025
0 0.51640625 0.66484375 0.0078125 0.0390625
0 0.36953125 0.6578125 0.0078125 0.01875
0 0.35078125 0.67734375 0.0078125 0.0109375
0 0.51484375 0.74765625 0.0046875 0.0328125
0 0.3609375 0.8625 0.00625 0.021875
0 0.50703125 0.93046875 0.0078125 0.0140625
0 0.49921875 0.97890625 0.0078125 0.0234375
0 0.36015625 0.9671875 0.0078125 0.0125
