0 0.53046875 0.99765625 0.0109375 0.0046875
0 0.528125 0.95546875 0.009375 0.0140625
0 0.51171875 0.80703125 0.0140625 0.0234375
0 0.509375 0.7359375 0.009375 0.034375
0 0.5078125 0.615625 0.0125 0.040625
0 0.49765625 0.603125 0.0078125 0.01875
0 0.503125 0.48671875 0.009375 0.0265625
0 0.49296875 0.4359375 0.0078125 0.015625
0 0.50078125 0.4125 0.0078125 0.034375
0 0.49453125 0.37890625 0.0140625 0.0234375
0 0.4875 0.078125 0.009375 0.01875
0 0.50078125 0.28828125 0.0109375 0.0234375
0 0.49453125 0.14609375 0.0109375 0.0171875
0 0.4953125 0.2109375 0.009375 0.034375
0 0.49453125 0.24296875 0.0109375 0.0171875
0 0.48984375 0.01328125 0.0109375 0.0171875
