0 0.33203125 0.03671875 0.0109375 0.0234375
0 0.36953125 0.02421875 0.0109375 0.0171875
0 0.3671875 0.0453125 0.009375 0.03125
0 0.3109375 0.01796875 0.00625 0.0234375
0 0.2875 0.01015625 0.00625 0.0203125
0 0.4109375 0.1078125 0.009375 0.034375
0 0.4234375 0.13359375 0.009375 0.0234375
0 0.4609375 0.071875 0.00625 0.046875
0 0.528125 0.09375 0.009375 0.009375
0 0.6171875 0.1265625 0.00625 0.03125
0 0.6171875 0.1359375 0.00625 0.021875
0 0.659375 0.13671875 0.01875 0.0140625
0 0.71015625 0.171875 0.0078125 0.04375
0 0.7125 0.16015625 0.009375 0.0390625
0 0.77890625 0.12890625 0.0109375 0.0109375
0 0.7921875 0.14765625 0.009375 0.0109375
0 0.821875 0.1875 0.009375 0.01875
0 0.8234375 0.2046875 0.0125 0.009375
0 0.8390625 0.21796875 0.021875 0.0140625
0 0.86875 0.24296875 0.015625 0.0140625
0 0.93828125 0.2578125 0.0078125 0.009375
0 0.93359375 0.265625 0.0171875 0.0125
0 0.96796875 0.30625 0.0140625 0.009375
0 0.865625 0.42109375 0.03125 0.0171875
0 0.921875 0.41640625 0.021875 0.0203125
0 0.821875 0.421875 0.015625 0.015625
0 0.60625 0.421875 0.0125 0.00625
0 0.61484375 0.41171875 0.0203125 0.0078125
0 0.7546875 0.4109375 0.03125 0.01875
0 0.76640625 0.425 0.0171875 0.009375
0 0.2546875 0.4203125 0.01875 0.00625
0 0.14375 0.41640625 0.025 0.0109375
0 0.06328125 0.40859375 0.0234375 0.0078125
0 0.16796875 0.40390625 0.0328125 0.0109375
0 0.1203125 0.41171875 0.0125 0.0109375
0 0.4703125 0.42265625 0.015625 0.0046875
0 0.5609375 0.41796875 0.028125 0.0140625
