0 0.1640625 0.41328125 0.015625 0.0046875
0 0.18671875 0.38359375 0.0171875 0.0109375
0 0.24375 0.38125 0.015625 0.009375
0 0.17109375 0.36640625 0.0203125 0.0109375
0 0.03671875 0.3171875 0.0109375 0.00625
0 0.11796875 0.4109375 0.0140625 0.00625
0 0.175 0.4171875 0.00625 0.0125
0 0.18984375 0.415625 0.0140625 0.00625
0 0.25859375 0.3921875 0.0140625 0.009375
0 0.30390625 0.41796875 0.0171875 0.0078125
0 0.30234375 0.41015625 0.0171875 0.0046875
0 0.384375 0.425 0.009375 0.00625
0 0.37109375 0.43203125 0.0078125 0.0109375
0 0.36015625 0.44375 0.0078125 0.0125
0 0.078125 0.4171875 0.046875 0.0125
0 0.13515625 0.39140625 0.0203125 0.0171875
0 0.396875 0.66484375 0.009375 0.0171875
0 0.403125 0.6859375 0.009375 0.015625
0 0.40859375 0.66484375 0.0078125 0.0171875
0 0.4453125 0.74375 0.009375 0.015625
0 0.62421875 0.08359375 0.0109375 0.0234375
0 0.575 0.175 0.00625 0.0375
0 0.48046875 0.121875 0.0078125 0.0375
0 0.99921875 0.39375 0.0015625 0.0125
0 0.38359375 0.6890625 0.0078125 0.053125
0 0.39609375 0.71640625 0.0109375 0.0171875
0 0.4546875 0.97734375 0.009375 0.0234375
0 0.47109375 0.97578125 0.0078125 0.0265625
0 0.9890625 0.371875 0.009375 0.009375
0 0.94453125 0.34140625 0.0109375 0.0078125
0 0.8859375 0.3234375 0.025 0.01875
