0 0.5828125 0.9953125 0.0125 0.009375
0 0.471875 0.35546875 0.009375 0.0140625
0 0.575 0.35703125 0.009375 0.0171875
0 0.56875 0.33046875 0.0125 0.0328125
0 0.5625 0.3015625 0.009375 0.015625
0 0.57578125 0.22578125 0.0078125 0.0203125
0 0.571875 0.14453125 0.009375 0.0171875
0 0.57421875 0.08828125 0.0109375 0.0328125
0 0.58046875 0.03984375 0.0140625 0.0390625
0 0.571875 0.01015625 0.009375 0.0203125
0 0.44453125 0.8171875 0.0109375 0.0125
0 0.471875 0.44453125 0.009375 0.0140625
0 0.45390625 0.26171875 0.0109375 0.0203125
0 0.45390625 0.18203125 0.0078125 0.0171875
0 0.44765625 0.2234375 0.0078125 0.025
