0 0.8578125 0.04453125 0.009375 0.0234375
0 0.8609375 0.00859375 0.009375 0.0171875
0 0.86953125 0.00546875 0.0078125 0.0109375
0 0.86796875 0.11875 0.0109375 0.028125
0 0.87109375 0.1515625 0.0109375 0.028125
0 0.85625 0.15390625 0.015625 0.0359375
0 0.85546875 0.22265625 0.0109375 0.0203125
0 0.865625 0.22734375 0.009375 0.0328125
0 0.85234375 0.31015625 0.0140625 0.0265625
0 0.8640625 0.359375 0.009375 0.028125
0 0.853125 0.34375 0.015625 0.009375
0 0.8609375 0.41640625 0.01875 0.0234375
0 0.85859375 0.38671875 0.0140625 0.0234375
0 0.8484375 0.39375 0.009375 0.015625
0 0.853125 0.4921875 0.0125 0.01875
0 0.86171875 0.52734375 0.0171875 0.0234375
0 0.8609375 0.596875 0.009375 0.053125
0 0.85234375 0.6609375 0.0109375 0.0125
0 0.85703125 0.71328125 0.0109375 0.0453125
0 0.86640625 0.7671875 0.0171875 0.034375
0 0.8515625 0.78046875 0.0125 0.0171875
0 0.86015625 0.80078125 0.0078125 0.0171875
0 0.86015625 0.87109375 0.0078125 0.0203125
0 0.85625 0.9171875 0.015625 0.065625
0 0.86875 0.93046875 0.0125 0.0328125
