0 0.75546875 0.2859375 0.0109375 0.0625
0 0.009375 0.0 0.00625 0.0
0 0.01640625 0.00859375 0.0078125 0.0171875
0 0.01640625 0.1796875 0.0078125 0.01875
0 0.00859375 0.2109375 0.0078125 0.0375
0 0.0078125 0.24765625 0.015625 0.0234375
0 0.0125 0.33046875 0.0125 0.0546875
0 0.01328125 0.56171875 0.0109375 0.0171875
0 0.00625 0.60859375 0.0125 0.0328125
0 0.01484375 0.6390625 0.0171875 0.025
0 0.01171875 0.76640625 0.0109375 0.0203125
0 0.00546875 0.809375 0.0109375 0.040625
0 0.73671875 0.03984375 0.0078125 0.0265625
0 0.7609375 0.03203125 0.00625 0.0140625
0 0.75234375 0.05078125 0.0078125 0.0265625
0 0.76015625 0.078125 0.0046875 0.021875
0 0.7453125 0.1515625 0.009375 0.015625
0 0.75234375 0.14296875 0.0078125 0.0171875
0 0.759375 0.178125 0.009375 0.021875
0 0.73828125 0.175 0.0078125 0.0125
0 0.74453125 0.26171875 0.0078125 0.0265625
0 0.7453125 0.28984375 0.00625 0.0140625
0 0.7421875 0.3234375 0.009375 0.025
0 0.746875 0.3578125 0.009375 0.034375
0 0.73515625 0.37890625 0.0109375 0.0328125
0 0.7578125 0.45625 0.009375 0.05
0 0.740625 0.48359375 0.009375 0.0234375
0 0.75 0.5015625 0.009375 0.0125
0 0.7375 0.51015625 0.00625 0.0265625
0 0.7453125 0.525 0.00625 0.015625
0 0.7515625 0.5734375 0.0125 0.025
0 0.75078125 0.60234375 0.0109375 0.0203125
0 0.734375 0.646875 0.0125 0.025
0 0.75078125 0.65 0.0078125 0.025
0 0.75234375 0.675 0.0078125 0.015625
0 0.74453125 0.7265625 0.0078125 0.025
0 0.753125 0.73125 0.00625 0.015625
0 0.75625 0.78671875 0.00625 0.0265625
0 0.75 0.8734375 0.009375 0.03125
0 0.734375 0.959375 0.009375 0.028125
0 0.75859375 0.98671875 0.0078125 0.0265625
0 0.746875 0.940625 0.009375 0.046875
0 0.73515625 0.99921875 0.0109375 0.0015625
0 0.73515625 0.82578125 0.0078125 0.0203125
0 0.74140625 0.696875 0.0109375 0.03125
