0 0.2015625 0.003125 0.0125 0.00625
0 0.1890625 0.0015625 0.0125 0.003125
0 0.2015625 0.04375 0.0125 0.053125
0 0.19609375 0.078125 0.0109375 0.01875
0 0.196875 0.15234375 0.01875 0.0234375
0 0.2 0.1890625 0.0125 0.0375
0 0.2046875 0.25546875 0.0125 0.0296875
0 0.19921875 0.28046875 0.0078125 0.0171875
0 0.2046875 0.29453125 0.009375 0.0171875
0 0.196875 0.3359375 0.009375 0.025
0 0.21015625 0.33203125 0.0140625 0.0140625
0 0.20625 0.3703125 0.009375 0.015625
0 0.20390625 0.41171875 0.0109375 0.0265625
0 0.2 0.44375 0.015625 0.034375
0 0.21171875 0.46484375 0.0140625 0.0296875
0 0.203125 0.50234375 0.009375 0.0234375
0 0.20859375 0.546875 0.0109375 0.028125
0 0.20859375 0.59453125 0.0171875 0.0359375
0 0.2078125 0.63828125 0.0125 0.0203125
0 0.2078125 0.7546875 0.0125 0.034375
0 0.22265625 0.83046875 0.0109375 0.0484375
0 0.2265625 0.9265625 0.00625 0.028125
0 0.21953125 0.94609375 0.0109375 0.0140625
0 0.23359375 0.97734375 0.0109375 0.0328125
0 0.99453125 0.63359375 0.0078125 0.0171875
0 0.98359375 0.7578125 0.0078125 0.01875
0 0.98359375 0.828125 0.0140625 0.028125
