0 0.2296875 0.0421875 0.015625 0.03125
0 0.228125 0.0796875 0.009375 0.025
0 0.23984375 0.1296875 0.0078125 0.025
0 0.25234375 0.17421875 0.0078125 0.0296875
0 0.25546875 0.24375 0.0140625 0.025
0 0.2125 0.25 0.009375 0.009375
0 0.27578125 0.3515625 0.0078125 0.025
0 0.21171875 0.30390625 0.0078125 0.0265625
0 0.20234375 0.428125 0.0109375 0.025
0 0.2984375 0.48515625 0.015625 0.0296875
0 0.3015625 0.515625 0.009375 0.01875
0 0.18046875 0.52421875 0.0078125 0.0078125
0 0.9859375 0.003125 0.0125 0.00625
0 0.9859375 0.02578125 0.00625 0.0203125
0 0.97734375 0.05390625 0.0078125 0.0203125
0 0.9953125 0.27578125 0.009375 0.0390625
