0 0.8453125 0.2703125 0.015625 0.040625
0 0.86015625 0.96875 0.0078125 0.0125
0 0.86796875 0.92578125 0.0078125 0.0171875
0 0.853125 0.871875 0.009375 0.0375
0 0.86640625 0.7765625 0.0078125 0.015625
0 0.8546875 0.77734375 0.009375 0.0578125
0 0.8578125 0.72421875 0.009375 0.0515625
0 0.85625 0.66640625 0.009375 0.0140625
0 0.853125 0.6234375 0.009375 0.025
0 0.85625 0.56484375 0.009375 0.0515625
0 0.85625 0.5234375 0.0125 0.025
0 0.8515625 0.41484375 0.0125 0.0390625
0 0.85 0.3125 0.015625 0.04375
0 0.83984375 0.14609375 0.0109375 0.0296875
