0 0.04765625 0.35546875 0.0171875 0.0296875
0 0.0609375 0.43671875 0.03125 0.0609375
0 0.14140625 0.89765625 0.0140625 0.0203125
0 0.10703125 0.7703125 0.0203125 0.0375
0 0.0671875 0.50625 0.015625 0.025
0 0.07890625 0.53984375 0.0140625 0.0171875
0 0.084375 0.5765625 0.01875 0.040625
0 0.88125 0.88671875 0.015625 0.0296875
0 0.771875 0.1703125 0.0125 0.01875
0 0.778125 0.30078125 0.015625 0.0203125
0 0.77890625 0.2703125 0.0171875 0.028125
0 0.84609375 0.71875 0.0203125 0.028125
0 0.83828125 0.60625 0.0203125 0.0375
