0 0.84296875 0.89921875 0.0078125 0.0203125
0 0.8421875 0.81328125 0.0125 0.0203125
0 0.6921875 0.66328125 0.015625 0.0265625
0 0.8359375 0.35078125 0.0125 0.0453125
0 0.83515625 0.3 0.0140625 0.021875
0 0.8328125 0.234375 0.009375 0.028125
0 0.68515625 0.19921875 0.0109375 0.0265625
0 0.82890625 0.1140625 0.0109375 0.0125
0 0.68359375 0.0734375 0.0078125 0.028125
0 0.825 0.0484375 0.009375 0.03125
0 0.0765625 0.03515625 0.01875 0.0390625
0 0.08984375 0.25546875 0.0078125 0.0171875
0 0.09140625 0.3640625 0.0109375 0.021875
0 0.08984375 0.509375 0.0046875 0.015625
0 0.09453125 0.50703125 0.0046875 0.0109375
0 0.0953125 0.55 0.00625 0.021875
0 0.0953125 0.578125 0.009375 0.0125
0 0.09453125 0.6546875 0.0109375 0.01875
0 0.0890625 0.71484375 0.009375 0.0171875
0 0.09921875 0.8109375 0.0078125 0.015625
0 0.09921875 0.84375 0.0078125 0.015625
0 0.10625 0.840625 0.00625 0.009375
0 0.10625 0.86953125 0.00625 0.0328125
0 0.1015625 0.88984375 0.00625 0.0109375
0 0.096875 0.93125 0.00625 0.0125
0 0.09453125 0.98671875 0.0078125 0.0265625
0 0.10546875 0.99296875 0.0109375 0.0140625
