0 0.35390625 0.03671875 0.0078125 0.0265625
0 0.3625 0.06328125 0.009375 0.0203125
0 0.3640625 0.2703125 0.0125 0.028125
0 0.36484375 0.31796875 0.0140625 0.0203125
0 0.35859375 0.35859375 0.0109375 0.0234375
0 0.3671875 0.35859375 0.009375 0.0171875
0 0.36484375 0.39375 0.0140625 0.0375
0 0.35625 0.55234375 0.0125 0.0421875
0 0.3609375 0.6078125 0.0125 0.03125
0 0.36171875 0.63984375 0.0171875 0.0359375
0 0.3546875 0.70390625 0.0125 0.0453125
0 0.365625 0.6921875 0.009375 0.034375
0 0.3625 0.79375 0.0125 0.01875
0 0.36796875 0.84453125 0.0203125 0.0765625
0 0.3734375 0.9390625 0.01875 0.034375
0 0.3671875 0.97578125 0.015625 0.0328125
0 0.3828125 0.98125 0.009375 0.0375
