0 0.54765625 0.990625 0.0109375 0.0125
0 0.52890625 0.0375 0.0078125 0.025
0 0.52421875 0.2859375 0.0140625 0.034375
0 0.528125 0.41171875 0.009375 0.0296875
0 0.52578125 0.48046875 0.0078125 0.0171875
0 0.5234375 0.55625 0.0125 0.01875
0 0.5203125 0.65546875 0.009375 0.0203125
0 0.528125 0.7046875 0.009375 0.025
0 0.5203125 0.7515625 0.009375 0.0375
0 0.5265625 0.78046875 0.0125 0.0203125
0 0.52734375 0.84921875 0.0109375 0.0234375
0 0.5171875 0.859375 0.009375 0.015625
0 0.52890625 0.9109375 0.0109375 0.01875
0 0.5328125 0.95390625 0.00625 0.0203125
0 0.53984375 0.96171875 0.0078125 0.0140625
0 0.53828125 0.99140625 0.0078125 0.0171875
