0 0.64296875 0.43984375 0.0296875 0.0359375
0 0.8640625 0.71640625 0.025 0.0390625
0 0.8234375 0.615625 0.01875 0.021875
0 0.77421875 0.51953125 0.0203125 0.0296875
0 0.6140625 0.3953125 0.015625 0.021875
0 0.62734375 0.3921875 0.0140625 0.021875
0 0.70859375 0.42890625 0.0171875 0.0359375
0 0.73125 0.4265625 0.015625 0.028125
0 0.65859375 0.2625 0.0109375 0.015625
0 0.5734375 0.33984375 0.01875 0.0234375
0 0.546875 0.315625 0.015625 0.021875
0 0.4953125 0.23515625 0.0125 0.0140625
0 0.49921875 0.21328125 0.0203125 0.0265625
0 0.41640625 0.14609375 0.0140625 0.0171875
0 0.38515625 0.0984375 0.0171875 0.028125
0 0.36796875 0.0671875 0.0203125 0.025
