0 0.21640625 0.11015625 0.0171875 0.0265625
0 0.2375 0.1703125 0.009375 0.034375
0 0.2265625 0.17109375 0.009375 0.0171875
0 0.2171875 0.1734375 0.009375 0.0125
0 0.22578125 0.40625 0.0109375 0.05
0 0.2265625 0.4359375 0.00625 0.009375
0 0.234375 0.43984375 0.009375 0.0171875
0 0.24453125 0.46953125 0.0078125 0.0234375
0 0.23828125 0.5 0.0109375 0.040625
0 0.23203125 0.46953125 0.0078125 0.0203125
0 0.2328125 0.55078125 0.015625 0.0578125
0 0.24296875 0.61875 0.0078125 0.01875
0 0.23125 0.61796875 0.009375 0.0140625
0 0.2359375 0.65234375 0.009375 0.0296875
0 0.24140625 0.68984375 0.0078125 0.0171875
0 0.23359375 0.709375 0.0078125 0.046875
0 0.234375 0.74140625 0.015625 0.0171875
0 0.23125 0.7734375 0.00625 0.040625
0 0.24375 0.76875 0.009375 0.028125
0 0.253125 0.76171875 0.009375 0.0171875
0 0.25078125 0.8828125 0.0109375 0.06875
0 0.2390625 0.8609375 0.0125 0.028125
