0 0.4265625 0.2140625 0.0125 0.009375
0 0.415625 0.15859375 0.009375 0.0203125
0 0.41953125 0.10546875 0.0109375 0.0234375
0 0.41953125 0.08203125 0.0078125 0.0203125
0 0.43671875 0.85390625 0.0046875 0.0171875
0 0.57421875 0.57265625 0.0078125 0.0140625
0 0.56796875 0.59140625 0.0078125 0.0203125
0 0.571875 0.99765625 0.009375 0.0046875
0 0.56796875 0.95703125 0.0078125 0.0171875
0 0.58125 0.91875 0.0125 0.0375
0 0.5828125 0.8515625 0.009375 0.08125
0 0.575 0.8171875 0.00625 0.01875
0 0.58203125 0.7984375 0.0078125 0.021875
0 0.58203125 0.775 0.0078125 0.01875
0 0.5796875 0.75859375 0.009375 0.0109375
0 0.5734375 0.74375 0.00625 0.015625
0 0.565625 0.7671875 0.00625 0.0125
0 0.58046875 0.66953125 0.0109375 0.0296875
0 0.57265625 0.6484375 0.0046875 0.028125
0 0.5640625 0.63203125 0.009375 0.0171875
0 0.5765625 0.55703125 0.009375 0.0140625
0 0.57265625 0.51875 0.0171875 0.053125
0 0.571875 0.453125 0.015625 0.034375
0 0.5578125 0.4265625 0.009375 0.04375
0 0.5765625 0.41640625 0.0125 0.0234375
0 0.5734375 0.3609375 0.0125 0.021875
0 0.56875 0.31796875 0.015625 0.0390625
0 0.56953125 0.28125 0.0109375 0.040625
0 0.5578125 0.2109375 0.0125 0.03125
0 0.57109375 0.2046875 0.0140625 0.028125
0 0.5609375 0.15703125 0.009375 0.0203125
0 0.55703125 0.10546875 0.0109375 0.0203125
0 0.56875 0.10546875 0.0125 0.0171875
0 0.56875 0.08671875 0.0125 0.0203125
0 0.5515625 0.04921875 0.00625 0.0140625
0 0.5671875 0.05234375 0.01875 0.0234375
0 0.5734375 0.02421875 0.009375 0.0203125
0 0.54609375 0.00390625 0.0078125 0.0078125
0 0.42109375 0.7234375 0.0109375 0.025
0 0.43359375 0.69765625 0.0078125 0.0203125
0 0.42265625 0.6640625 0.0078125 0.01875
0 0.4265625 0.59765625 0.009375 0.0390625
0 0.43203125 0.4265625 0.0078125 0.046875
0 0.421875 0.43828125 0.009375 0.0609375
0 0.42734375 0.38046875 0.0078125 0.0234375
0 0.4171875 0.3828125 0.00625 0.015625
0 0.42265625 0.25 0.0140625 0.03125
