0 0.16640625 0.1390625 0.0171875 0.01875
0 0.21328125 0.25390625 0.0203125 0.0171875
0 0.325 0.45703125 0.0125 0.0234375
0 0.64921875 0.36875 0.0171875 0.01875
0 0.6390625 0.34765625 0.0125 0.0140625
0 0.7484375 0.3578125 0.015625 0.01875
0 0.55 0.24375 0.0125 0.025
0 0.509375 0.325 0.025 0.03125
0 0.6859375 0.484375 0.0125 0.028125
0 0.52890625 0.06328125 0.0140625 0.0265625
0 0.478125 0.11484375 0.01875 0.0234375
0 0.01484375 0.49453125 0.0296875 0.0296875
0 0.875 0.1703125 0.015625 0.0375
0 0.82734375 0.06875 0.0078125 0.01875
0 0.8328125 0.04609375 0.015625 0.0171875
0 0.92421875 0.10234375 0.0140625 0.0109375
0 0.91015625 0.09609375 0.0109375 0.0109375
0 0.44765625 0.22578125 0.0140625 0.0359375
0 0.9890625 0.3421875 0.009375 0.025
0 0.9796875 0.3125 0.015625 0.0125
