0 0.3328125 0.16796875 0.01875 0.0265625
0 0.27421875 0.43671875 0.0203125 0.0328125
0 0.27109375 0.47890625 0.0140625 0.0203125
0 0.26171875 0.4625 0.0109375 0.015625
0 0.23046875 0.71171875 0.0140625 0.0171875
0 0.2203125 0.7765625 0.015625 0.028125
0 0.2046875 0.75625 0.015625 0.028125
0 0.21875 0.75234375 0.0125 0.0234375
0 0.19765625 0.8765625 0.0171875 0.025
0 0.165625 0.9921875 0.01875 0.015625
0 0.19296875 0.94140625 0.0234375 0.0390625
0 0.1765625 0.971875 0.021875 0.040625
0 0.33515625 0.12734375 0.0140625 0.0265625
0 0.334375 0.07421875 0.0125 0.0359375
0 0.309375 0.29921875 0.0125 0.0171875
0 0.28125 0.3640625 0.021875 0.046875
0 0.28671875 0.334375 0.0140625 0.01875
0 0.2328125 0.60546875 0.015625 0.0421875
0 0.25078125 0.5765625 0.0140625 0.01875
