0 0.53828125 0.91484375 0.0109375 0.0265625
0 0.525 0.9015625 0.0125 0.10625
0 0.5375 0.8546875 0.009375 0.015625
0 0.53125 0.8109375 0.0125 0.03125
0 0.5421875 0.70859375 0.009375 0.0171875
0 0.4609375 0.03046875 0.009375 0.0171875
0 0.534375 0.06875 0.0125 0.090625
0 0.5328125 0.2859375 0.0125 0.05
0 0.465625 0.33125 0.0125 0.01875
0 0.534375 0.33984375 0.009375 0.0171875
0 0.53671875 0.40078125 0.0078125 0.0140625
0 0.45546875 0.43828125 0.0109375 0.0203125
0 0.45234375 0.45234375 0.0109375 0.0109375
0 0.53671875 0.5609375 0.0078125 0.01875
0 0.52734375 0.578125 0.0078125 0.03125
0 0.53828125 0.596875 0.0109375 0.01875
0 0.4578125 0.6171875 0.009375 0.01875
0 0.53203125 0.66328125 0.0109375 0.0234375
0 0.53515625 0.7421875 0.0109375 0.05
0 0.4734375 0.67734375 0.0125 0.0609375
