0 0.828125 0.02734375 0.009375 0.0234375
0 0.23125 0.38671875 0.00625 0.0234375
0 0.196875 0.39140625 0.009375 0.0140625
0 0.2171875 0.40078125 0.00625 0.0140625
0 0.24453125 0.4140625 0.0140625 0.009375
0 0.14296875 0.42265625 0.0078125 0.0078125
0 0.13515625 0.4171875 0.0078125 0.01875
0 0.1640625 0.38046875 0.009375 0.0109375
0 0.14453125 0.3703125 0.0078125 0.025
0 0.09375 0.35703125 0.015625 0.0078125
0 0.11875 0.36015625 0.00625 0.0203125
0 0.025 0.30859375 0.009375 0.0109375
0 0.33046875 0.44609375 0.0109375 0.0078125
0 0.340625 0.4625 0.0125 0.009375
0 0.38984375 0.46875 0.0140625 0.009375
0 0.47265625 0.48359375 0.0078125 0.0078125
0 0.5328125 0.471875 0.01875 0.00625
0 0.5625 0.40859375 0.009375 0.0109375
0 0.5734375 0.48671875 0.015625 0.0078125
0 0.61640625 0.47109375 0.0203125 0.0078125
0 0.64453125 0.4828125 0.0234375 0.00625
0 0.64765625 0.4890625 0.0140625 0.00625
0 0.67265625 0.46953125 0.0265625 0.0046875
0 0.66875 0.47734375 0.0125 0.0078125
0 0.671875 0.49609375 0.009375 0.0078125
0 0.7296875 0.46640625 0.015625 0.0078125
0 0.7078125 0.4140625 0.0125 0.009375
0 0.7875 0.45625 0.025 0.009375
0 0.8296875 0.5015625 0.015625 0.0125
0 0.84453125 0.4859375 0.0203125 0.009375
0 0.89765625 0.4484375 0.0109375 0.009375
0 0.915625 0.44765625 0.0125 0.0109375
0 0.93359375 0.440625 0.0171875 0.009375
0 0.8796875 0.47734375 0.009375 0.0296875
0 0.86796875 0.5 0.0078125 0.009375
0 0.928125 0.36328125 0.009375 0.0171875
0 0.97109375 0.4765625 0.0234375 0.00625
0 0.75546875 0.4890625 0.0109375 0.00625
0 0.7734375 0.5046875 0.04375 0.009375
0 0.70546875 0.50546875 0.0171875 0.0078125
0 0.73359375 0.37265625 0.0109375 0.0078125
0 0.8046875 0.3625 0.0125 0.00625
0 0.9265625 0.31640625 0.0125 0.0296875
0 0.925 0.2296875 0.00625 0.040625
0 0.9875 0.26328125 0.00625 0.0109375
0 0.8921875 0.1296875 0.00625 0.00625
0 0.8859375 0.0890625 0.00625 0.025
0 0.60625 0.04453125 0.009375 0.0234375
0 0.1375 0.33046875 0.00625 0.0234375
0 0.9171875 0.165625 0.009375 0.021875
0 0.91328125 0.1484375 0.0078125 0.015625
0 0.940625 0.18984375 0.00625 0.0171875
0 0.8734375 0.3578125 0.015625 0.01875
0 0.99453125 0.5046875 0.0109375 0.009375
0 0.4390625 0.49375 0.00625 0.01875
0 0.490625 0.53828125 0.0125 0.0046875
0 0.5109375 0.51015625 0.009375 0.0046875
0 0.52109375 0.5109375 0.0078125 0.0125
0 0.37734375 0.50234375 0.0109375 0.0046875
0 0.365625 0.4984375 0.0125 0.00625
0 0.31015625 0.49765625 0.0171875 0.0078125
0 0.28984375 0.5 0.0171875 0.00625
0 0.22265625 0.49140625 0.0140625 0.0078125
0 0.21484375 0.50859375 0.0140625 0.0078125
0 0.228125 0.509375 0.009375 0.00625
0 0.11328125 0.50234375 0.0140625 0.0078125
0 0.1421875 0.5 0.009375 0.00625
0 0.18359375 0.50703125 0.0171875 0.0078125
0 0.06328125 0.5109375 0.0140625 0.00625
0 0.0546875 0.5046875 0.0125 0.00625
0 0.35390625 0.475 0.0109375 0.00625
0 0.36328125 0.4703125 0.0078125 0.009375
0 0.309375 0.42578125 0.009375 0.0328125
0 0.446875 0.58125 0.009375 0.034375
0 0.44453125 0.6203125 0.0078125 0.015625
0 0.471875 0.546875 0.009375 0.015625
0 0.5078125 0.63203125 0.009375 0.0140625
0 0.56875 0.64921875 0.00625 0.0171875
0 0.52734375 0.6453125 0.0078125 0.01875
0 0.48984375 0.6328125 0.0046875 0.01875
0 0.4609375 0.728125 0.009375 0.009375
0 0.459375 0.78359375 0.009375 0.0203125
0 0.62109375 0.8234375 0.0078125 0.015625
0 0.61171875 0.8421875 0.0078125 0.01875
0 0.50078125 0.8359375 0.0078125 0.0125
0 0.490625 0.84140625 0.009375 0.0140625
0 0.45390625 0.8515625 0.0078125 0.015625
0 0.45703125 0.81796875 0.0078125 0.0140625
0 0.46015625 0.6765625 0.0078125 0.025
0 0.4953125 0.61484375 0.009375 0.0140625
0 0.56484375 0.67734375 0.0078125 0.0078125
0 0.4703125 0.91015625 0.00625 0.0296875
0 0.46015625 0.9015625 0.0078125 0.0125
0 0.45703125 0.940625 0.0140625 0.0125
0 0.61953125 0.95 0.0109375 0.021875
0 0.10390625 0.3203125 0.0078125 0.015625
0 0.09375 0.296875 0.009375 0.015625
0 0.18984375 0.07265625 0.0109375 0.0234375
0 0.0328125 0.15 0.015625 0.0125
0 0.0609375 0.1421875 0.0125 0.009375
0 0.175 0.29296875 0.0125 0.0109375
0 0.28984375 0.2625 0.0328125 0.009375
0 0.42578125 0.32734375 0.0109375 0.0109375
0 0.38515625 0.3734375 0.0140625 0.015625
