0 0.9946672915481031 0.5034925222396851 0.010665416531264783 0.041098928451538085
0 0.9775392532348632 0.5721220254898072 0.03488616943359375 0.040924882888793944
0 0.8688770771026612 0.7890453815460206 0.03571233749389648 0.03823270797729492
0 0.8212359428405762 0.8832759857177734 0.01843891143798828 0.018527793884277343
0 0.4288391351699829 0.06601824462413788 0.03295435905456543 0.013153880834579468
0 0.36785576343536375 0.14653744101524352 0.04071311950683594 0.035039079189300534
0 0.35249837636947634 0.21203962564468384 0.03032829761505127 0.026952338218688966
0 0.3320224046707153 0.27232645750045775 0.029502153396606445 0.029644465446472167
0 0.3125940203666687 0.3196490168571472 0.025607037544250488 0.06330125331878662
0 0.2875240683555603 0.32766424417495726 0.02615363597869873 0.02745387554168701
0 0.24553239345550537 0.43653781414031984 0.02814517021179199 0.023584604263305664
0 0.23834059238433838 0.4644062042236328 0.026979780197143553 0.024761772155761717
0 0.20734790563583375 0.4777289867401123 0.02780592441558838 0.022069644927978516
0 0.22005562782287597 0.5027208089828491 0.038382339477539065 0.0373934268951416
0 0.18965973258018493 0.5469367504119873 0.02848440408706665 0.025099563598632812
0 0.11742145121097565 0.6124803304672242 0.038869231939315796 0.03318629264831543
0 0.14604563117027283 0.6450366497039794 0.04274860620498657 0.0441288948059082
