0 0.003724883124232292 0.9822295188903809 0.007449766248464584 0.0024280548095703125
0 0.022095833718776704 0.9382590293884278 0.016955265402793886 0.01966381072998047
0 0.02118019089102745 0.9109770298004151 0.014937891066074372 0.01761655807495117
0 0.042123687267303464 0.9092626094818115 0.014984411001205445 0.029948329925537108
0 0.012824149243533612 0.8207395076751709 0.0137135062366724 0.012688541412353515
0 0.0539297804236412 0.8101330757141113 0.01292051374912262 0.015569114685058593
0 0.06437826454639435 0.8162511348724365 0.01051827073097229 0.01804513931274414
0 0.13819119334220886 0.536371374130249 0.020197021961212158 0.02663908004760742
0 0.16401424407958984 0.4599646806716919 0.012535643577575684 0.02009243965148926
0 0.1821526527404785 0.3938424587249756 0.016978526115417482 0.02582969665527344
0 0.19195934534072875 0.3509314775466919 0.01863429546356201 0.03856616020202637
0 0.2323755979537964 0.18482251167297364 0.02427830696105957 0.043065452575683595
0 0.2378324508666992 0.11812914609909057 0.021036529541015626 0.03609023094177246
0 0.2668327569961548 0.002798175811767578 0.014553022384643555 0.005596351623535156
0 0.28070381879806516 0.005642887577414513 0.017363381385803223 0.011285775154829026
