0 0.5619735240936279 0.648357892036438 0.015124988555908204 0.03686652183532715
0 0.5155193090438843 0.22272526025772094 0.01795620918273926 0.035477519035339355
0 0.5294652938842773 0.23987663984298707 0.0119384765625 0.022191309928894044
0 0.5382652282714844 0.32776718139648436 0.010442161560058593 0.019234848022460938
0 0.5360097885131836 0.3649711489677429 0.010409832000732422 0.017774462699890137
0 0.5392765522003173 0.4439566135406494 0.012035369873046875 0.026572418212890626
0 0.5411391496658325 0.392130982875824 0.01942019462585449 0.03697359561920166
0 0.5508967399597168 0.5662553071975708 0.014995765686035157 0.031024980545043945
0 0.5667964935302734 0.59222252368927 0.013596343994140624 0.03244967460632324
0 0.5715273380279541 0.6697833061218261 0.011841583251953124 0.01781015396118164
0 0.5654127359390259 0.6871650457382202 0.008978128433227539 0.017738771438598634
0 0.5985518217086792 0.8728313446044922 0.020787382125854494 0.034088516235351564
0 0.5997788429260253 0.9145056724548339 0.010539054870605469 0.02361602783203125
0 0.6065983772277832 0.9300181865692139 0.010635948181152344 0.02799711227416992
0 0.5923460483551025 0.8295715808868408 0.011841583251953124 0.01781015396118164
