0 0.4462892532348633 0.3731075644493103 0.011349296569824219 0.02100083827972412
0 0.43548786640167236 0.33035472631454466 0.01139845848083496 0.015787434577941895
0 0.47973806858062745 0.5179340839385986 0.011071920394897461 0.014403057098388673
0 0.4921231269836426 0.5734700441360474 0.013080501556396484 0.01749577522277832
0 0.526551628112793 0.7224496364593506 0.012704753875732422 0.021324825286865235
0 0.5254400968551636 0.7541570663452148 0.01704850196838379 0.028894519805908202
0 0.5367156028747558 0.7807101011276245 0.015039920806884766 0.025801897048950195
0 0.5414262771606445 0.8037138462066651 0.012704753875732422 0.021324825286865235
0 0.5654448986053466 0.9237398624420166 0.01074533462524414 0.01301870346069336
0 0.5765571355819702 0.9496007442474366 0.007103872299194336 0.0030043601989746095
