0 0.6376043319702148 0.7099176406860351 0.012739181518554688 0.019808101654052734
0 0.6779146909713745 0.9090917110443115 0.013437318801879882 0.017040729522705078
0 0.5395705461502075 0.6870495557785035 0.018539571762084962 0.03029475212097168
0 0.4372493982315063 0.5929595947265625 0.018539571762084962 0.03029470443725586
0 0.5370448589324951 0.6222362041473388 0.018905067443847658 0.04223794937133789
0 0.5850071907043457 0.5494857549667358 0.017218303680419923 0.02548832893371582
0 0.5395810604095459 0.44913368225097655 0.010279464721679687 0.016166877746582032
0 0.5127858638763427 0.3763821840286255 0.017766571044921874 0.04340314865112305
0 0.382342267036438 0.4055827736854553 0.011783456802368164 0.026944899559020997
0 0.3401324152946472 0.27675660848617556 0.018905091285705566 0.04223792552947998
0 0.4905327081680298 0.24289556741714477 0.013179636001586914 0.021410202980041503
0 0.5039745092391967 0.21762584447860717 0.010977506637573242 0.013399529457092284
0 0.3183691143989563 0.19140663146972656 0.013985562324523925 0.03495554924011231
0 0.4415218591690063 0.030613055825233458 0.01248154640197754 0.02417755126953125
0 0.27473464012146 0.005037174001336098 0.011858367919921875 0.010074348002672196
