0 0.14375 0.1578125 0.021874999999999978 0.03749999999999998
0 0.15546875 0.64453125 0.02031250000000002 0.0296875
0 0.1546875 0.803125 0.015625 0.02187500000000009
0 0.1609375 0.884375 0.012500000000000022 0.021875
0 0.959375 0.29921875 0.009375 0.017187500000000043
0 0.96640625 0.32265625 0.0109375 0.017187500000000043
0 0.9640625 0.34296875 0.0125 0.0171875
0 0.96875 0.44375 0.015625 0.03125
0 0.9671875 0.38046875 0.0125 0.0234375
0 0.97109375 0.6171875 0.0171875 0.028125
0 0.9796875 0.78515625 0.009375 0.0296875
0 0.97578125 0.92109375 0.0140625 0.0328125
0 0.98125 0.95703125 0.0125 0.0203125
0 0.9859375 0.9867187499068677 0.015625 0.026562499813735485
