0 0.809375 0.68515625 0.01875000000000009 0.02968750000000009
0 0.8015625 0.5828125 0.009375 0.02187500000000009
0 0.8 0.41171875 0.01875 0.051562499999999956
0 0.96796875 0.59609375 0.0203125 0.02968750000000009
0 0.9625 0.55859375 0.021875 0.0296875
0 0.96640625 0.475 0.0140625 0.01875
0 0.95546875 0.50859375 0.0140625 0.0328125
0 0.9515625 0.4453125 0.021875 0.040625
0 0.95234375 0.19921875 0.0203125 0.0296875
0 0.95859375 0.16015625 0.0171875 0.0390625
0 0.9609375 0.0296875 0.009375 0.028125
0 0.95 0.02734375 0.009375 0.0265625
0 0.93046875 0.03203125 0.0140625 0.020312499999999994
0 0.93359375 0.05859375 0.0171875 0.0296875
0 0.1078125 0.375 0.0125 0.025
0 0.246875 0.8703125 0.018750000000000044 0.025
0 0.25625 0.965625 0.01875 0.034375
0 0.20546875 0.93359375 0.0203125 0.0234375
0 0.25 0.79453125 0.021875 0.0453125
0 0.240625 0.64921875 0.015625 0.035937499999999914
0 0.240625 0.45234375 0.0125 0.0171875
0 0.08046875 0.5375 0.0078125 0.01875
0 0.11171875 0.30546875 0.0109375 0.0171875
0 0.9546875 0.228125 0.021875 0.025
0 0.93515625 0.00703125 0.0140625 0.0140625
0 0.065625 0.52421875 0.015625 0.042187500000000086
0 0.94609375 0.09765625 0.0109375 0.0203125
0 0.95625 0.3015625 0.025 0.046875
0 0.959375 0.36953125 0.015625 0.06406250000000005
0 0.81953125 0.9515625 0.0171875 0.034375
0 0.80546875 0.8296875 0.014062500000000089 0.0375
0 0.971875 0.95234375 0.028125 0.0359375
0 0.97109375 0.87734375 0.0171875 0.0296875
0 0.95859375 0.77109375 0.0171875 0.0265625
0 0.97421875 0.746875 0.0109375 0.01875000000000009
0 0.228125 0.24453125 0.0125 0.0265625
0 0.21484375 0.24296875 0.0078125 0.0203125
0 0.23828125 0.55078125 0.0109375 0.0328125
0 0.0828125 0.434375 0.009375 0.0375
0 0.090625 0.44609375 0.009375 0.0359375
0 0.10703125 0.2828125 0.0109375 0.021874999999999957
0 0.12578125 0.30859375 0.010937499999999978 0.0203125
0 0.1703125 0.1671875 0.0125 0.03125
0 0.14921875 0.16875 0.02031250000000002 0.03125
0 0.13828125 0.2234375 0.0234375 0.028125
0 0.1140625 0.15390625 0.025 0.0390625
0 0.18203125 0.07265625 0.0109375 0.03281249999999999
0 0.21953125 0.0390625 0.0140625 0.021875
0 0.17734375 0.01640625 0.0078125 0.0203125
