0 0.44175472259521487 0.6946171522140503 0.01571178436279297 0.020901060104370116
0 0.557452392578125 0.9461979866027832 0.01747102737426758 0.025245857238769532
0 0.42007195949554443 0.9375879764556885 0.013251161575317383 0.024894237518310547
0 0.432631516456604 0.8634275436401367 0.014657831192016602 0.025011444091796876
0 0.5415071249008179 0.7043485879898072 0.01594691276550293 0.02371945381164551
0 0.5555733203887939 0.705520749092102 0.013133621215820313 0.02348504066467285
0 0.4436279535293579 0.9608359813690186 0.009732675552368165 0.01620454788208008
0 0.5188323974609375 0.41582088470458983 0.012663459777832032 0.01784820556640625
0 0.5323124885559082 0.16081448197364806 0.014892864227294921 0.027829849720001222
0 0.5379447937011719 0.13574181199073793 0.01699695587158203 0.0028157830238342285
0 0.549819540977478 0.749030327796936 0.01758856773376465 0.026655054092407225
0 0.5518333673477173 0.6569630622863769 0.012432241439819336 0.03182306289672852
0 0.5344367027282715 0.6108148574829102 0.017235946655273438 0.022427463531494142
0 0.5308555364608765 0.6367679595947265 0.01430516242980957 0.02078380584716797
0 0.45578553676605227 0.5943277597427368 0.010202836990356446 0.02184138298034668
0 0.4697458505630493 0.5458260536193847 0.013251161575317383 0.024894237518310547
0 0.5106102228164673 0.4889237880706787 0.023215055465698242 0.02712392807006836
0 0.474743390083313 0.4774209499359131 0.011256837844848632 0.01773099899291992
