0 0.4892972469329834 0.3987230181694031 0.016103458404541016 0.019423794746398926
0 0.48192777633666994 0.5044562816619873 0.020096874237060545 0.031453418731689456
0 0.45887587070465086 0.886129093170166 0.01814570426940918 0.026285171508789062
0 0.45269021987915037 0.9698513984680176 0.023231887817382814 0.05863265991210938
0 0.4877826929092407 0.2704460144042969 0.014841985702514649 0.05818872451782227
0 0.4026778221130371 0.7108113288879394 0.026405715942382814 0.055423927307128903
0 0.39799686670303347 0.43803915977478025 0.013476061820983886 0.032791423797607425
0 0.41303441524505613 0.3148829579353333 0.019641542434692384 0.022987675666809083
0 0.5054678201675415 0.06677622199058533 0.012747526168823242 0.019246208667755126
0 0.4588631629943848 0.8394341945648194 0.009118366241455077 0.01398916244506836
