0 0.43515625 0.0203125 0.0078125 0.040625
0 0.45625 0.05546874999999999 0.0125 0.026562499999999996
0 0.43203125 0.06796875 0.0078125 0.0265625
0 0.446875 0.09140625 0.00625 0.02031250000000001
0 0.45546875 0.15859375 0.0109375 0.03281250000000002
0 0.43515625 0.190625 0.0078125 0.025000000000000022
0 0.44921875 0.20546875 0.0078125 0.0265625
0 0.4578125 0.2203125 0.009375 0.034375
0 0.45234375 0.36484375 0.0046875 0.0234375
0 0.4453125 0.53671875 0.009375 0.0203125
0 0.4515625 0.7125 0.00625 0.04375
0 0.46875 0.715625 0.009375 0.01875000000000009
0 0.4578125 0.80546875 0.009375 0.0171875
0 0.4515625 0.86875 0.00625 0.03125
0 0.45234375 0.90859375 0.0078125 0.0203125
0 0.459375 0.92578125 0.00625 0.0234375
0 0.465625 0.953125 0.015625 0.025
0 0.4515625 0.9882812499068677 0.009375 0.023437499813735486
