0 0.5265625 0.73984375 0.009374999999999911 0.0265625
0 0.52421875 0.13125 0.0078125 0.034375
0 0.51640625 0.16796875 0.0078125 0.0140625
0 0.525 0.22734375 0.006250000000000089 0.0140625
0 0.53671875 0.06328125 0.0109375 0.0328125
0 0.5421875 0.03671875 0.009374999999999911 0.0203125
0 0.475 0.0921875 0.0125 0.01874999999999999
0 0.5171875 0.24609375 0.02187500000000009 0.0265625
0 0.525 0.3453125 0.009374999999999911 0.07499999999999996
0 0.515625 0.334375 0.009375 0.018750000000000044
0 0.5140625 0.3828125 0.006250000000000089 0.01875
0 0.51640625 0.496875 0.01093750000000009 0.021875
0 0.52265625 0.52265625 0.01093750000000009 0.02031249999999991
0 0.52109375 0.54765625 0.014062500000000089 0.02656250000000009
0 0.5203125 0.60859375 0.006250000000000089 0.02656250000000009
0 0.53046875 0.63515625 0.01093750000000009 0.0234375
0 0.52109375 0.6765625 0.0078125 0.02187500000000009
0 0.52109375 0.7015625 0.0109375 0.015625
0 0.521875 0.77734375 0.006250000000000089 0.0265625
0 0.5359375 0.81640625 0.006250000000000089 0.0390625
0 0.525 0.815625 0.009374999999999911 0.07187499999999991
0 0.53359375 0.9109375 0.0109375 0.053125
0 0.5234375 0.9078125 0.00625 0.01875
0 0.52578125 0.9874999999068678 0.0078125 0.024999999813735484
