0 0.09609375 0.4734375 0.010937499999999989 0.025
0 0.08984375 0.5203125 0.0109375 0.015625
0 0.09375 0.60234375 0.015625 0.042187500000000086
0 0.09453125 0.69921875 0.0296875 0.0484375
0 0.10703125 0.815625 0.01406250000000001 0.015625
0 0.1046875 0.89921875 0.01874999999999999 0.0703125
0 0.10625 0.971875 0.015625 0.05
0 0.06640625 0.02578125 0.0140625 0.0234375
0 0.07578125 0.05234375 0.010937499999999989 0.0171875
0 0.0703125 0.10078125 0.01875 0.02656249999999999
0 0.0671875 0.1296875 0.0125 0.015625
0 0.05703125 0.16875 0.017187500000000005 0.03749999999999998
0 0.0765625 0.17265625 0.012500000000000011 0.02656249999999998
0 0.078125 0.225 0.021875 0.05625
0 0.08046875 0.38359375 0.03281249999999999 0.0484375
0 0.084375 0.47109375 0.012500000000000011 0.0390625
