0 0.24296875 0.134375 0.0109375 0.021874999999999978
0 0.228125 0.1453125 0.0125 0.025000000000000022
0 0.24296875 0.20078125 0.0109375 0.0203125
0 0.2375 0.22265625 0.0125 0.0234375
0 0.25078125 0.2828125 0.010937500000000044 0.015625
0 0.23515625 0.34375 0.0109375 0.075
0 0.25390625 0.38671875 0.0109375 0.0234375
0 0.24296875 0.39765625 0.0109375 0.0171875
0 0.2390625 0.42265625 0.0125 0.0234375
0 0.25390625 0.44765625 0.0140625 0.0140625
0 0.24453125 0.46875 0.0140625 0.025
0 0.25 0.49140625 0.0125 0.0140625
0 0.26328125 0.525 0.010937500000000044 0.02187500000000009
0 0.25 0.58203125 0.009375 0.0203125
0 0.25625 0.6609375 0.015625 0.04062499999999991
0 0.24375 0.67421875 0.0125 0.02968750000000009
0 0.26875 0.72421875 0.015625 0.02968750000000009
0 0.25703125 0.78359375 0.010937500000000044 0.02968750000000009
0 0.27109375 0.8203125 0.0078125 0.009375
0 0.27421875 0.890625 0.010937500000000044 0.01875
0 0.27265625 0.925 0.0171875 0.053125
0 0.27578125 0.9992187499068678 0.010937500000000044 0.001562499813735485
0 0.9859375 0.01953125 0.009375 0.0203125
