0 0.1296875 0.1296875 0.043750000000000025 0.043750000000000025
0 0.21953125 0.23515625 0.0359375 0.042187500000000044
0 0.27734375 0.28984375 0.0265625 0.0328125
0 0.3515625 0.37421875 0.0375 0.0390625
0 0.4453125 0.4140625 0.053125 0.021875
0 0.4703125 0.50859375 0.053125 0.057812500000000086
0 0.57265625 0.61953125 0.04531250000000009 0.0421875
0 0.634375 0.68515625 0.04062499999999991 0.0390625
0 0.67734375 0.73046875 0.0265625 0.0296875
0 0.82421875 0.88203125 0.0234375 0.0296875
0 0.9796875 0.9953124999068678 0.021875 0.009374999813735485
0 0.40625 0.440625 0.025 0.1
0 0.159375 0.16796875 0.03125 0.0296875
0 0.1859375 0.2 0.025000000000000022 0.028125
0 0.76171875 0.56484375 0.0359375 0.04531250000000009
