0 0.346875 0.05000000000000001 0.018750000000000044 0.028125000000000004
0 0.3828125 0.103125 0.00625 0.015625
0 0.37890625 0.1140625 0.0109375 0.02812500000000001
0 0.421875 0.1640625 0.009375 0.03125
0 0.43046875 0.190625 0.0109375 0.025000000000000022
0 0.4359375 0.22578125 0.009375 0.0234375
0 0.3953125 0.24765625 0.01875 0.0234375
0 0.465625 0.34765625 0.009375 0.0109375
0 0.49453125 0.3953125 0.0109375 0.012499999999999956
0 0.45625 0.38671875 0.00625 0.0171875
0 0.50234375 0.3015625 0.0140625 0.040625
0 0.59296875 0.1765625 0.014062500000000089 0.01874999999999998
0 0.59921875 0.159375 0.0078125 0.021874999999999978
0 0.66796875 0.1015625 0.0109375 0.01875
0 0.6546875 0.08984375 0.015625 0.0203125
0 0.7296875 0.0328125 0.02812499999999991 0.015625
0 0.76015625 0.15 0.014062500000000089 0.01875
0 0.77578125 0.1875 0.0203125 0.015625
0 0.75390625 0.2046875 0.0109375 0.009375000000000022
0 0.746875 0.19140625 0.006250000000000089 0.0171875
0 0.71171875 0.24765625 0.01093750000000009 0.0234375
0 0.66875 0.21953125 0.009374999999999911 0.0171875
0 0.628125 0.22109375 0.009374999999999911 0.0140625
0 0.640625 0.290625 0.03125 0.015625
0 0.56484375 0.284375 0.0078125 0.025
0 0.59453125 0.2828125 0.01718749999999991 0.015625
0 0.4734375 0.4 0.0125 0.01875
0 0.78828125 0.29375 0.0234375 0.012499999999999956
0 0.74140625 0.3109375 0.01718749999999991 0.012499999999999956
0 0.66015625 0.16875 0.0078125 0.025000000000000022
0 0.64921875 0.18125 0.0078125 0.01875
0 0.66484375 0.12890625 0.0078125 0.0140625
0 0.88125 0.12109375 0.015625 0.0296875
0 0.89140625 0.17265625 0.0078125 0.0234375
0 0.91640625 0.23359375 0.0109375 0.0234375
0 0.89609375 0.27421875 0.0109375 0.0234375
0 0.91171875 0.27265625 0.0140625 0.0328125
0 0.90703125 0.29921875 0.0078125 0.020312499999999956
0 0.96171875 0.24296875 0.0109375 0.0109375
0 0.85703125 0.4140625 0.0078125 0.01875
0 0.82734375 0.465625 0.0078125 0.01875
0 0.82109375 0.4921875 0.0078125 0.01875
0 0.82109375 0.5140625 0.0171875 0.02499999999999991
0 0.784375 0.4296875 0.01875000000000009 0.03125
0 0.64453125 0.5046875 0.0109375 0.01249999999999991
0 0.63203125 0.50859375 0.01718749999999991 0.014062500000000089
0 0.64140625 0.5203125 0.01718749999999991 0.01249999999999991
0 0.71953125 0.453125 0.01093750000000009 0.0375
0 0.821875 0.37578125 0.0125 0.0484375
0 0.8890625 0.30546875 0.0125 0.020312499999999956
0 0.97890625 0.05234375 0.0109375 0.0171875
0 0.9390625 0.21484375 0.009375 0.0171875
0 0.9375 0.19296875 0.0125 0.0265625
0 0.8328125 0.3484375 0.015625 0.015625
0 0.1125 0.246875 0.009375 0.03125
0 0.14609375 0.31875 0.014062499999999978 0.015625
0 0.05 0.1578125 0.021875 0.021874999999999978
0 0.10234375 0.4265625 0.0109375 0.03125
0 0.0359375 0.42109375 0.012499999999999994 0.0203125
0 0.03984375 0.38359375 0.010937500000000006 0.0140625
0 0.11796875 0.48359375 0.0140625 0.0171875
0 0.13984375 0.48203125 0.02656249999999998 0.0171875
0 0.20625 0.49453125 0.03125 0.0109375
0 0.21953125 0.46796875 0.0109375 0.0171875
0 0.2734375 0.49296875 0.0125 0.0109375
0 0.3140625 0.50234375 0.012499999999999956 0.0109375
0 0.3046875 0.51796875 0.01875 0.01718749999999991
0 0.3328125 0.465625 0.025 0.0125
0 0.35546875 0.4421875 0.0078125 0.0125
0 0.3640625 0.446875 0.009375 0.021875
0 0.38359375 0.41484375 0.0078125 0.0203125
0 0.3734375 0.4 0.012499999999999956 0.021874999999999957
0 0.3875 0.38984375 0.00625 0.010937500000000044
0 0.39765625 0.3921875 0.010937500000000044 0.015625
0 0.421875 0.45390625 0.009375 0.0171875
0 0.3796875 0.32109375 0.012499999999999956 0.0171875
0 0.2484375 0.3421875 0.0125 0.018750000000000044
0 0.234375 0.3390625 0.0125 0.015625
0 0.23984375 0.28359375 0.0171875 0.017187500000000043
0 0.23515625 0.30546875 0.0171875 0.020312499999999956
0 0.28671875 0.14453125 0.010937500000000044 0.0140625
0 0.23046875 0.140625 0.0171875 0.021875
0 0.19296875 0.01484375 0.017187500000000022 0.0203125
0 0.32578125 0.03046875 0.010937500000000044 0.020312500000000004
