0 0.6109375 0.10234375 0.015625 0.02031250000000001
0 0.5859375 0.15625 0.0125 0.028125
0 0.58671875 0.2171875 0.01093750000000009 0.040625
0 0.5921875 0.43828125 0.0125 0.0265625
0 0.584375 0.0984375 0.009374999999999911 0.015625
0 0.58515625 0.47265625 0.0078125 0.0203125
0 0.5875 0.53046875 0.009374999999999911 0.02031249999999991
0 0.59296875 0.58671875 0.014062500000000089 0.0390625
0 0.5953125 0.73515625 0.01875 0.035937499999999914
0 0.728125 0.20703125 0.009374999999999911 0.0171875
0 0.73046875 0.13046875 0.0078125 0.014062499999999978
0 0.72890625 0.278125 0.0078125 0.021875
0 0.7375 0.50390625 0.006250000000000089 0.0171875
0 0.72421875 0.5875 0.01718749999999991 0.01875
