0 0.9163812160491943 0.6717375993728638 0.027901935577392577 0.034953641891479495
0 0.9159478187561035 0.7337117910385131 0.0115509033203125 0.02323918342590332
0 0.9124279975891113 0.7716934442520141 0.008250617980957031 0.016599416732788086
0 0.910736083984375 0.8972872257232666 0.013177871704101562 0.023253726959228515
0 0.8437571048736572 0.9355261325836182 0.009866046905517577 0.014961338043212891
0 0.11149171590805054 0.014162202551960944 0.03584043979644776 0.0069316022098064424
0 0.11286318302154541 0.16705378890037537 0.011562418937683106 0.024891817569732667
0 0.1063365250825882 0.2859931826591492 0.019859284162521362 0.04810183048248291
0 0.10355507135391236 0.33472433090209963 0.01803579330444336 0.019992256164550783
0 0.10590183734893799 0.46448616981506347 0.01163177490234375 0.034807682037353516
0 0.10321156084537506 0.6165149688720704 0.014816445112228394 0.02492103576660156
0 0.10533296465873718 0.7785033941268921 0.018278491497039796 0.054697847366333006
