0 0.64453125 0.8171875 0.0078125 0.021875
0 0.6421875 0.73828125 0.0125 0.0203125
0 0.640625 0.5828125 0.00625 0.01875000000000009
0 0.653125 0.53046875 0.009374999999999911 0.01718749999999991
0 0.6421875 0.5296875 0.0125 0.02187500000000009
0 0.65703125 0.43515625 0.0078125 0.0265625
0 0.65703125 0.38828125 0.01093750000000009 0.017187500000000043
0 0.66640625 0.340625 0.0078125 0.043749999999999956
0 0.66953125 0.25078125 0.0078125 0.0390625
0 0.68046875 0.17890625 0.01093750000000009 0.017187500000000022
0 0.63046875 0.9867187499068677 0.0109375 0.026562499813735485
0 0.6265625 0.934375 0.009374999999999911 0.01875
0 0.6375 0.81640625 0.006250000000000089 0.0203125
