0 0.60859375 0.5421875 0.0078125 0.02499999999999991
0 0.59375 0.41953125 0.0125 0.0328125
0 0.69296875 0.3046875 0.014062500000000089 0.01875
0 0.596875 0.33984375 0.01249999999999991 0.0171875
0 0.59609375 0.31484375 0.0078125 0.020312499999999956
0 0.5875 0.2875 0.0125 0.025000000000000043
0 0.5875 0.1375 0.015625 0.046875
0 0.584375 0.0265625 0.0125 0.0375
0 0.59296875 0.36484375 0.014062500000000089 0.03281250000000004
0 0.6421875 0.9851562499068678 0.015625 0.029687499813735484
0 0.63046875 0.88046875 0.014062500000000089 0.0265625
0 0.6265625 0.77890625 0.009374999999999911 0.02968750000000009
0 0.6203125 0.73515625 0.01249999999999991 0.02968750000000009
0 0.61328125 0.60234375 0.0109375 0.02968750000000009
