0 0.8060035228729248 0.9911034107208252 0.0073029518127441405 0.016782093048095702
0 0.8030983686447144 0.9640038013458252 0.007225847244262696 0.015135097503662109
0 0.6468751668930054 0.8781725406646729 0.01429743766784668 0.026975727081298827
0 0.6565643072128295 0.8579018115997314 0.012664461135864257 0.02689809799194336
0 0.6511395215988159 0.8119381427764892 0.009090089797973632 0.02015409469604492
0 0.6483262062072754 0.9441348075866699 0.010723114013671875 0.02023181915283203
0 0.6404697179794312 0.9511119842529296 0.010877275466918945 0.0235260009765625
0 0.6543175458908081 0.739977765083313 0.012433195114135742 0.021956682205200195
0 0.7614249229431153 0.7555130243301391 0.008781719207763671 0.013565683364868164
0 0.6544578790664672 0.7779391050338745 0.015544939041137695 0.018817949295043945
0 0.7817215204238892 0.7520704984664917 0.01049180030822754 0.015290498733520508
0 0.7966179847717285 0.7381549835205078 0.009012985229492187 0.018507003784179688
0 0.8039209365844726 0.7543151140213012 0.009012985229492187 0.018506956100463868
0 0.753950047492981 0.683234429359436 0.010723066329956055 0.020231866836547853
0 0.6763450145721436 0.6861039161682129 0.012587356567382812 0.025250911712646484
0 0.7432091951370239 0.611111330986023 0.016238832473754884 0.03364195823669434
0 0.7405561685562134 0.5369524002075196 0.011031484603881836 0.026820278167724608
0 0.7209989547729492 0.5387089490890503 0.0108001708984375 0.021878957748413086
0 0.7207884550094604 0.4817669153213501 0.012972879409790038 0.03348650932312012
0 0.7162958145141601 0.4382350444793701 0.011262798309326172 0.03176164627075195
0 0.7084778785705567 0.4460357904434204 0.0069945335388183595 0.010193681716918946
0 0.7250597476959229 0.39819897413253785 0.009475612640380859 0.028389668464660643
0 0.7157630205154419 0.4093717098236084 0.012510251998901368 0.02360382080078125
0 0.7074422121047974 0.021833709627389907 0.0159304141998291 0.027053539454936982
