0 0.3890625 0.140625 0.015625 0.025
0 0.3828125 0.16875 0.015625 0.021874999999999978
0 0.39765625 0.2015625 0.010937500000000044 0.021874999999999978
0 0.42578125 0.35390625 0.0171875 0.029687499999999957
0 0.41953125 0.39296875 0.0171875 0.0296875
0 0.43515625 0.54453125 0.0109375 0.0359375
0 0.4484375 0.540625 0.0125 0.02187500000000009
0 0.4375 0.678125 0.0125 0.02499999999999991
0 0.4546875 0.73203125 0.015625 0.03281249999999991
0 0.4484375 0.921875 0.009375 0.01875
0 0.45546875 0.97890625 0.0109375 0.0296875
0 0.44921875 0.8703125 0.0109375 0.01875
0 0.44765625 0.6328125 0.0140625 0.01875
