0 0.2125 0.25625 0.0125 0.03749999999999996
0 0.22421875 0.25078125 0.0109375 0.042187500000000044
0 0.20234375 0.33671875 0.0078125 0.0234375
0 0.2140625 0.35 0.009375 0.021874999999999957
0 0.21640625 0.41484375 0.0140625 0.06718749999999996
0 0.23671875 0.5453125 0.0171875 0.05
0 0.240625 0.6140625 0.0125 0.02812499999999991
0 0.25078125 0.63671875 0.010937500000000044 0.0140625
0 0.25234375 0.60390625 0.014062499999999955 0.0203125
0 0.24765625 0.67734375 0.0140625 0.04531250000000009
0 0.9953124999068678 0.48125 0.009374999813735485 0.028125
0 0.20546875 0.11015625 0.0203125 0.0546875
0 0.19765625 0.01640625 0.0234375 0.0296875
0 0.18828125 0.18046875 0.010937499999999978 0.02656249999999998
0 0.20625 0.178125 0.01875 0.03125
0 0.1921875 0.2671875 0.009375000000000022 0.021874999999999957
