0 0.20559627413749695 0.2996292471885681 0.02534090280532837 0.010236239433288575
0 0.5807272911071777 0.051341105997562406 0.016485595703125 0.022762343287467957
0 0.5497884035110474 0.09053854644298553 0.021169424057006836 0.019823414087295533
0 0.49328038692474363 0.1526302695274353 0.017491769790649415 0.014580440521240235
0 0.42136635780334475 0.19753070473670958 0.019010353088378906 0.013046777248382569
0 0.3233508825302124 0.16169993281364442 0.020400810241699218 0.009851062297821045
0 0.31835609674453735 0.17212167978286744 0.013960814476013184 0.03247790336608887
0 0.27565155029296873 0.15538686513900757 0.012423563003540038 0.012533187866210938
0 0.18086540699005127 0.11846827268600464 0.015223193168640136 0.02762012481689453
0 0.09842945337295532 0.08058670461177826 0.019669508934020995 0.04283545613288879
0 0.22008440494537354 0.1329667866230011 0.017107439041137696 0.009594261646270752
0 0.37063916921615603 0.2056661307811737 0.018919539451599122 0.054341471195220946
0 0.3733467698097229 0.18706248998641967 0.012186026573181153 0.030687451362609863
0 0.39166185855865476 0.19901080727577208 0.014345121383666993 0.03746408224105835
0 0.440971827507019 0.23696720600128174 0.02093186378479004 0.03797769546508789
0 0.3755711793899536 0.26965543031692507 0.025340890884399413 0.010236239433288575
0 0.3583542823791504 0.2827022194862366 0.02204751968383789 0.009979462623596192
0 0.3381456255912781 0.27842576503753663 0.018882250785827635 0.011384725570678711
0 0.27039371728897094 0.3021010637283325 0.025725197792053223 0.015222406387329102
0 0.13999413847923278 0.3189568042755127 0.013942158222198487 0.010999536514282227
0 0.201012521982193 0.2723978519439697 0.04358261823654175 0.013310670852661133
0 0.4894770860671997 0.2967229843139648 0.017747926712036132 0.01790456771850586
0 0.4575494289398193 0.29085220098495485 0.03395862579345703 0.01586439609527588
0 0.6422351121902465 0.2797959566116333 0.030921506881713866 0.01893172264099121
0 0.6011411905288696 0.2947044730186462 0.015845060348510742 0.014452052116394044
0 0.6531786680221557 0.4110344648361206 0.023200464248657227 0.024937963485717772
0 0.5348357677459716 0.38013277053833006 0.014088916778564452 0.03413996696472168
0 0.6746683597564698 0.43193151950836184 0.013192176818847656 0.022505521774291992
0 0.6440976142883301 0.6048641443252564 0.01740093231201172 0.05587515830993652
0 0.6911682605743408 0.7642186403274536 0.012186050415039062 0.030687475204467775
0 0.6818832397460938 0.7942034482955933 0.01838846206665039 0.0262148380279541
0 0.6549435377120971 0.9175274848937989 0.03502078056335449 0.07211761474609375
0 0.5320784330368042 0.7097412824630738 0.023456621170043945 0.0282620906829834
0 0.6726236820220948 0.7063068866729736 0.015498065948486328 0.052422618865966795
0 0.6841505527496338 0.7054081201553345 0.01498565673828125 0.045774412155151364
0 0.6696679830551148 0.6572119235992432 0.011161184310913086 0.017391014099121093
0 0.8157595872879029 0.2528894662857056 0.03447108268737793 0.02251262664794922
0 0.8662492275238037 0.2631650924682617 0.04751653671264648 0.021877765655517578
0 0.9300125122070313 0.24147285223007203 0.05271282196044922 0.025587058067321776
0 0.9217336654663086 0.26301897764205934 0.029274749755859374 0.018803334236145018
0 0.9839478968642652 0.2610146522521973 0.032104205898940565 0.029931259155273438
