0 0.44296875 0.78046875 0.0109375 0.01718749999999991
0 0.425 0.70546875 0.0125 0.02968750000000009
0 0.43359375 0.6265625 0.0109375 0.05312500000000009
0 0.434375 0.48984375 0.009375 0.0203125
0 0.43359375 0.4234375 0.0078125 0.01875
0 0.425 0.41015625 0.00625 0.0109375
0 0.425 0.13046875 0.009375 0.0203125
0 0.43046875 0.0171875 0.0140625 0.01875
0 0.4359375 0.97265625 0.00625 0.0140625
0 0.4421875 0.87109375 0.0125 0.0265625
0 0.45234375 0.89921875 0.0078125 0.0359375
0 0.44765625 0.9820312499068677 0.0078125 0.035937499813735486
0 0.4328125 0.83359375 0.009375 0.0171875
0 0.43671875 0.55 0.0140625 0.03125
0 0.42890625 0.5359375 0.0109375 0.02187500000000009
0 0.44921875 0.946875 0.0078125 0.03125
0 0.4609375 0.9484375 0.0125 0.03125
0 0.4390625 0.81171875 0.009375 0.0296875
0 0.43046875 0.30859375 0.0140625 0.0296875
