0 0.5883037805557251 0.10470570921897888 0.011443281173706054 0.04363507032394409
0 0.5788253784179688 0.13341259360313415 0.012295055389404296 0.023753631114959716
0 0.586667537689209 0.25131232738494874 0.009040641784667968 0.023616838455200195
0 0.5834982395172119 0.2955734372138977 0.012876605987548828 0.0387160062789917
0 0.5830163717269897 0.3880124449729919 0.010538625717163085 0.020360255241394044
0 0.5862853765487671 0.45115272998809813 0.012682771682739258 0.03372855186462402
0 0.5804487705230713 0.7203283309936523 0.01638946533203125 0.045502758026123045
0 0.5859970331192017 0.7792097806930542 0.01932082176208496 0.037327146530151366
0 0.5795295715332032 0.6337764263153076 0.013469982147216796 0.012184619903564453
0 0.5756227254867554 0.8687342643737793 0.01737055778503418 0.028946304321289064
0 0.589706563949585 0.8956180095672608 0.007671928405761719 0.030198383331298827
0 0.5932399272918701 0.9445929527282715 0.010732460021972656 0.02534770965576172
0 0.5856913328170776 0.9390820980072021 0.008911466598510743 0.020291805267333984
