0 0.2503714203834534 0.21631768941879273 0.013530802726745606 0.02295229434967041
0 0.27493594884872435 0.3044620990753174 0.015352892875671386 0.024777030944824217
0 0.2735840678215027 0.34166905879974363 0.016327214241027833 0.02927851676940918
0 0.29296073913574217 0.387739360332489 0.010734367370605468 0.01662609577178955
0 0.29643409252166747 0.40740786790847777 0.011835193634033203 0.028305792808532716
0 0.3072969913482666 0.4938068151473999 0.013206005096435547 0.021451807022094725
0 0.31984500885009765 0.5264330387115479 0.011383914947509765 0.019627094268798828
0 0.3279916763305664 0.5749351263046265 0.019376659393310548 0.04996113777160645
0 0.31829487085342406 0.5699662208557129 0.013007760047912598 0.027129554748535158
0 0.35741931200027466 0.7036531448364258 0.016128945350646972 0.03495626449584961
0 0.36122790575027464 0.7719444036483765 0.010536122322082519 0.02230381965637207
0 0.38173279762268064 0.8413327217102051 0.01268301010131836 0.025629043579101562
0 0.3958603382110596 0.9066040515899658 0.011312198638916016 0.03248300552368164
