0 0.2109375 0.04140625 0.009375 0.017187500000000005
0 0.2234375 0.020312500000000004 0.0125 0.034375
0 0.21015625 0.00625 0.0078125 0.0125
0 0.2109375 0.13671875 0.00625 0.0140625
0 0.225 0.153125 0.009375 0.021874999999999978
0 0.21953125 0.1765625 0.0078125 0.01874999999999998
0 0.21875 0.20625 0.0125 0.02812500000000002
0 0.2265625 0.2625 0.009375 0.025
0 0.2296875 0.390625 0.009375 0.028125
0 0.21640625 0.42265625 0.0109375 0.0296875
0 0.22890625 0.4828125 0.0140625 0.034375
0 0.22265625 0.50703125 0.0078125 0.014062500000000089
0 0.2265625 0.5234375 0.015625 0.015625
0 0.21328125 0.5578125 0.0078125 0.01875000000000009
0 0.215625 0.678125 0.00625 0.02187500000000009
0 0.221875 0.609375 0.009375 0.03125
0 0.21640625 0.72109375 0.0140625 0.02968750000000009
0 0.22109375 0.765625 0.0078125 0.021875
0 0.21640625 0.78671875 0.0078125 0.0265625
0 0.23125 0.7765625 0.00625 0.015625
0 0.225 0.91015625 0.0125 0.0328125
0 0.2265625 0.94765625 0.009375 0.0328125
0 0.9578125 0.05859375 0.009375 0.0203125
0 0.9609375 0.1171875 0.009375 0.01875
0 0.95078125 0.1734375 0.0078125 0.025000000000000022
0 0.94921875 0.253125 0.0140625 0.025
0 0.95078125 0.37109375 0.0140625 0.0421875
0 0.9609375 0.41875 0.009375 0.01875
0 0.95390625 0.45234375 0.0109375 0.0296875
0 0.9578125 0.59609375 0.009375 0.0234375
0 0.95 0.634375 0.0125 0.03750000000000009
0 0.959375 0.684375 0.00625 0.02187500000000009
0 0.95078125 0.80859375 0.0140625 0.0171875
0 0.959375 0.8609375 0.009375 0.015625
0 0.9484375 0.8734375 0.00625 0.015625
0 0.94921875 0.9945312499068677 0.0078125 0.010937499813735485
