0 0.4114431142807007 0.7652807474136353 0.018184137344360352 0.022478914260864256
0 0.42627625465393065 0.8258076906204224 0.024877548217773438 0.053444433212280276
0 0.48706352710723877 0.9585028648376465 0.02444300651550293 0.03730697631835937
0 0.46314957141876223 0.9908576487563551 0.015449762344360352 0.018284702114760874
0 0.38451550006866453 0.5824931621551513 0.0062983989715576175 0.016295146942138673
0 0.3900830507278442 0.5713326215744019 0.006337928771972656 0.017762231826782226
0 0.39234763383865356 0.49199440479278567 0.021234583854675294 0.02695889472961426
0 0.3651978373527527 0.1102855920791626 0.010775303840637207 0.019347572326660158
0 0.4033635973930359 0.22009994983673095 0.013667702674865723 0.017959451675415038
0 0.361579442024231 0.2755439281463623 0.015212678909301757 0.020932960510253906
0 0.40222280025482177 0.3684085011482239 0.015528726577758788 0.032669234275817874
0 0.3652929782867432 0.4134451627731323 0.012201738357543946 0.01791996955871582
0 0.368758225440979 0.4331712245941162 0.01208324432373047 0.013518905639648438
0 0.3733712673187256 0.4682814359664917 0.013707208633422851 0.019426488876342775
0 0.4016484498977661 0.6194686412811279 0.015212678909301757 0.020932960510253906
