0 0.514507246017456 0.13260883688926697 0.00990123748779297 0.017582881450653075
0 0.529705548286438 0.24753470420837403 0.006385087966918945 0.015602445602416993
0 0.5342972993850708 0.299746036529541 0.009456872940063477 0.012530183792114258
0 0.5432974100112915 0.4406759738922119 0.011086225509643555 0.031056785583496095
0 0.5355871915817261 0.38194985389709474 0.013066434860229492 0.0345733642578125
0 0.559174633026123 0.42824740409851075 0.010938072204589843 0.029372501373291015
0 0.5556849002838135 0.6008265018463135 0.013565444946289062 0.02124757766723633
0 0.5616917610168457 0.6401839017868042 0.011733341217041015 0.01941523551940918
0 0.5837274551391601 0.7460221290588379 0.016637229919433595 0.018175315856933594
0 0.5692812204360962 0.6878884315490723 0.012177705764770508 0.024467945098876953
0 0.5763046026229859 0.9028231620788574 0.012177705764770508 0.024467849731445314
