0 0.9929687499068678 0.52421875 0.014062499813735484 0.0484375
0 0.9945312499068677 0.25234375 0.010937499813735485 0.0390625
0 0.2734375 0.6546875 0.015625 0.034375
0 0.9976562499068677 0.75390625 0.004687499813735485 0.0546875
0 0.98203125 0.01953125 0.0140625 0.0390625
0 0.99296875 0.00234375 0.0078125 0.0046875
0 0.99140625 0.34140625 0.0078125 0.017187500000000043
0 0.9960937499068677 0.37265625 0.007812499813735485 0.026562500000000044
0 0.9859375 0.403125 0.0125 0.021875
0 0.28125 0.01484375 0.01875 0.0265625
0 0.25234375 0.33125 0.0234375 0.046875
0 0.25859375 0.49140625 0.0203125 0.0421875
