0 0.334375 0.03671875 0.025000000000000043 0.0671875
0 0.3390625 0.21328125 0.009375 0.0234375
0 0.33984375 0.24296875 0.0109375 0.0234375
0 0.33828125 0.40390625 0.020312499999999956 0.0953125
0 0.3421875 0.553125 0.012499999999999956 0.046875
0 0.33984375 0.6078125 0.0046875 0.015625
0 0.33984375 0.7328125 0.0078125 0.01875
0 0.3375 0.7765625 0.009375000000000045 0.02812499999999991
0 0.34765625 0.796875 0.0109375 0.034375
0 0.3421875 0.8453125 0.012499999999999956 0.05625
0 0.34296875 0.90546875 0.0140625 0.0390625
0 0.34296875 0.9906249999068677 0.0171875 0.018749999813735485
0 0.3390625 0.16953125 0.015625 0.03281250000000002
