0 0.6875 0.665625 0.01875 0.04062499999999991
0 0.68125 0.29609375 0.015625 0.051562499999999956
0 0.6765625 0.2578125 0.009374999999999911 0.01875
0 0.66796875 0.21015625 0.0109375 0.02031250000000002
0 0.67109375 0.175 0.014062500000000089 0.021874999999999978
0 0.63984375 0.15078125 0.014062500000000089 0.029687499999999978
0 0.62890625 0.1375 0.0078125 0.01874999999999998
0 0.67109375 0.128125 0.01093750000000009 0.021875
0 0.6609375 0.1125 0.009374999999999911 0.01875
0 0.6546875 0.07578125 0.0125 0.0234375
0 0.5859375 0.0375 0.01875 0.0375
