0 0.1515625 0.59375 0.009375000000000022 0.021875
0 0.1640625 0.60625 0.00625 0.02187500000000009
0 0.165625 0.75625 0.006249999999999978 0.015625
0 0.15078125 0.72578125 0.0109375 0.0546875
0 0.16328125 0.91328125 0.010937499999999978 0.0296875
0 0.15859375 0.94765625 0.0078125 0.0203125
0 0.86328125 0.09375 0.0046875 0.053125
0 0.878125 0.10234375 0.0125 0.02031250000000001
0 0.88125 0.12578125 0.0125 0.0171875
0 0.8796875 0.17578125 0.009375 0.0203125
0 0.86484375 0.29140625 0.0046875 0.03281250000000004
0 0.87578125 0.33125 0.0078125 0.018750000000000044
0 0.8828125 0.2390625 0.00625 0.0125
0 0.86796875 0.4046875 0.0078125 0.015625
0 0.8734375 0.4328125 0.009375 0.034375
0 0.90625 0.62734375 0.015625 0.01718749999999991
0 0.13359375 0.12734375 0.0078125 0.0453125
0 0.27734375 0.13125 0.0109375 0.025000000000000022
0 0.2734375 0.14921875 0.00625 0.010937499999999978
0 0.16953125 0.19140625 0.0078125 0.0171875
0 0.13984375 0.209375 0.0078125 0.028125
0 0.159375 0.18828125 0.009375000000000022 0.02031250000000002
0 0.16484375 0.284375 0.0078125 0.015625
0 0.15390625 0.27578125 0.0109375 0.017187500000000043
0 0.23359375 0.33515625 0.0078125 0.0328125
0 0.1390625 0.38125 0.006249999999999978 0.009375000000000045
0 0.1484375 0.37109375 0.00625 0.0234375
0 0.2953125 0.0734375 0.009375000000000045 0.046875
0 0.14609375 0.0328125 0.0109375 0.025000000000000005
0 0.159375 0.54140625 0.006249999999999978 0.0234375
