0 0.1390625 0.76796875 0.015625 0.014062500000000089
0 0.1421875 0.7875 0.01875 0.02187500000000009
0 0.1421875 0.821875 0.01875 0.025
0 0.14765625 0.87109375 0.02031250000000002 0.0296875
0 0.13984375 0.90390625 0.010937499999999978 0.0140625
0 0.95625 0.37265625 0.0125 0.0390625
0 0.9515625 0.41171875 0.015625 0.0234375
0 0.9546875 0.509375 0.015625 0.034375
0 0.95859375 0.609375 0.0109375 0.021875
0 0.953125 0.7265625 0.009375 0.034375
0 0.96640625 0.8609375 0.0078125 0.01875
0 0.95703125 0.95078125 0.0140625 0.0390625
0 0.13359375 0.70390625 0.010937499999999978 0.02031249999999991
0 0.1171875 0.01328125 0.015625 0.0265625
0 0.11953125 0.17578125 0.0109375 0.0328125
0 0.13046875 0.25625 0.014062499999999978 0.025000000000000043
0 0.1359375 0.45234375 0.015625 0.0359375
0 0.134375 0.51171875 0.0125 0.0296875
0 0.13515625 0.68359375 0.0109375 0.0203125
