0 0.012919976215925999 0.6755325794219971 0.025670131243532523 0.05177764892578125
0 0.07672032713890076 0.7514375925064087 0.026940691471099853 0.04005608558654785
0 0.12329816818237305 0.8079789876937866 0.02538447380065918 0.03416047096252441
0 0.9379919052124024 0.538965892791748 0.0004047393798828125 0.024957656860351562
0 0.9192756652832031 0.4314702272415161 0.02679786682128906 0.031247472763061522
0 0.8870222091674804 0.3927778959274292 0.025336837768554686 0.03122429847717285
0 0.8296192169189454 0.46308753490447996 0.03257045745849609 0.02693600654602051
0 0.7362537622451782 0.4080060362815857 0.034007596969604495 0.02549107074737549
0 0.6803505182266235 0.38582568168640136 0.02663121223449707 0.020970821380615234
0 0.6017140626907349 0.3236356496810913 0.019445276260375975 0.02819533348083496
0 0.6225652456283569 0.34452530145645144 0.020763444900512695 0.019409966468811036
0 0.7173932790756226 0.17421939969062805 0.047680330276489255 0.05799793004989624
0 0.6248847723007203 0.06628648191690445 0.03125224113464355 0.03572135865688324
0 0.4020469069480896 0.06495151817798614 0.02382824420928955 0.028264909982681274
