0 0.02421875 0.23125 0.0078125 0.015625
0 0.0125 0.23046875 0.009375 0.0140625
0 0.01015625 0.30390625 0.0109375 0.0234375
0 0.0109375 0.3625 0.006250000000000001 0.012499999999999956
0 0.01796875 0.465625 0.010937500000000001 0.034375
0 0.01171875 0.5046875 0.0109375 0.0375
0 0.01171875 0.58046875 0.0078125 0.02968750000000009
0 0.01875 0.56875 0.0125 0.03750000000000009
0 0.02578125 0.6 0.010937500000000003 0.02499999999999991
0 0.0203125 0.63203125 0.01875 0.035937499999999914
0 0.01484375 0.6921875 0.010937499999999998 0.015625
0 0.01875 0.72109375 0.00625 0.0109375
0 0.025 0.925 0.015625 0.04375
0 0.74375 0.0296875 0.009374999999999911 0.03125
0 0.74375 0.2 0.0125 0.025
0 0.740625 0.2921875 0.015625 0.040625
0 0.73515625 0.33125 0.014062500000000089 0.025
0 0.74296875 0.3671875 0.014062500000000089 0.034375
0 0.73671875 0.39375 0.0046875 0.018750000000000044
0 0.7328125 0.42421875 0.009374999999999911 0.0265625
0 0.7484375 0.4203125 0.009374999999999911 0.021875
0 0.740625 0.4609375 0.009374999999999911 0.034375
0 0.74765625 0.49921875 0.0109375 0.0265625
0 0.7328125 0.5546875 0.009374999999999911 0.05
0 0.74375 0.59375 0.009374999999999911 0.034375
0 0.74453125 0.64609375 0.0109375 0.0390625
0 0.73515625 0.69140625 0.0078125 0.0265625
0 0.7484375 0.684375 0.006250000000000089 0.01875000000000009
0 0.74453125 0.71171875 0.0078125 0.01718749999999991
0 0.73515625 0.71640625 0.0078125 0.0203125
0 0.73515625 0.7828125 0.01093750000000009 0.0375
0 0.7578125 0.78828125 0.009375 0.0234375
0 0.74296875 0.846875 0.0078125 0.01875
0 0.75390625 0.85859375 0.0078125 0.0265625
0 0.74609375 0.8921875 0.0078125 0.040625
0 0.73671875 0.94296875 0.0109375 0.0171875
0 0.7515625 0.96875 0.009374999999999911 0.015625
