0 0.180060476064682 0.7329049825668335 0.01849745512008667 0.034864282608032225
0 0.22163002490997313 0.8774600028991699 0.018424177169799806 0.03315753936767578
0 0.20820687413215638 0.83242826461792 0.022270238399505614 0.04354381561279297
0 0.6869790554046631 0.018474309146404265 0.025749874114990235 0.03694861829280853
0 0.7572695970535278 0.3840285301208496 0.031225824356079103 0.05414905548095703
0 0.7712145328521729 0.4367769718170166 0.025456714630126952 0.03856964111328125
0 0.8202754020690918 0.526082181930542 0.014504814147949218 0.02106447219848633
0 0.8152186870574951 0.6438464164733887 0.03373517990112305 0.07299604415893554
0 0.8479806423187256 0.7153546571731567 0.025163555145263673 0.03174271583557129
0 0.8715319633483887 0.7232031345367431 0.011098480224609375 0.020918560028076173
0 0.8910730361938477 0.7052318096160889 0.025603294372558594 0.0419830322265625
0 0.8535826683044434 0.8233163356781006 0.026189613342285156 0.05563688278198242
0 0.9073954582214355 0.941037940979004 0.012874984741210937 0.022698211669921874
0 0.8808496475219727 0.943320369720459 0.03648185729980469 0.057781410217285153
0 0.9689750671386719 0.9573552131652832 0.025236892700195312 0.03344936370849609
