0 0.0664259821176529 0.49195027351379395 0.007748442888259888 0.015918540954589843
0 0.03322514146566391 0.9246522903442382 0.009739652276039124 0.028746986389160158
0 0.04476106315851212 0.7958364725112915 0.009739652276039124 0.028746938705444335
0 0.0808725357055664 0.0839864581823349 0.011016643047332764 0.02597365975379944
0 0.0670314073562622 0.12457990646362305 0.006146812438964843 0.011600160598754882
0 0.07002909183502197 0.13608503937721253 0.005519115924835205 0.028556931018829345
0 0.06755091845989228 0.159424352645874 0.0076185882091522215 0.013081860542297364
0 0.06129598915576935 0.2344698429107666 0.008267873525619506 0.027265310287475586
0 0.0729945331811905 0.286872935295105 0.007813376188278199 0.01733689308166504
0 0.07153362929821014 0.3187856554985046 0.0076185882091522215 0.013081860542297364
0 0.07037578225135803 0.3748735785484314 0.007683515548706055 0.01450021266937256
0 0.06078795790672302 0.5997126817703247 0.009934437274932862 0.033002042770385744
