0 0.3670889616012573 0.006159380450844765 0.02008376121520996 0.01231876090168953
0 0.3775760054588318 0.05078655779361725 0.014154696464538574 0.015804928541183472
0 0.36423555612564085 0.15714890360832215 0.015713095664978027 0.015993034839630126
0 0.324747633934021 0.25068604946136475 0.013346195220947266 0.0219724178314209
0 0.3371094822883606 0.29327216148376467 0.01278374195098877 0.01720571517944336
0 0.31766425371170043 0.38439388275146485 0.015092110633850098 0.023749446868896483
0 0.28162708282470705 0.508966612815857 0.022767066955566406 0.04973616600036621
0 0.27506524324417114 0.5645781517028808 0.01702549457550049 0.027115345001220703
0 0.27988104820251464 0.6175341844558716 0.013346195220947266 0.0219724178314209
0 0.1779506504535675 0.8517952919006347 0.01871281862258911 0.0414154052734375
0 0.15668343305587767 0.884682035446167 0.019954848289489745 0.025902652740478517
