0 0.6707047939300537 0.4797417163848877 0.013467502593994141 0.02199897766113281
0 0.7737521648406982 0.9497663021087647 0.019807815551757812 0.02693777084350586
0 0.7901044607162475 0.9930306433700025 0.020102930068969727 0.013938712887465954
0 0.787291693687439 0.974992322921753 0.010149812698364258 0.017256832122802733
0 0.7992347002029419 0.9780514717102051 0.010051488876342773 0.015741729736328126
0 0.745545482635498 0.8231618404388428 0.017572021484375 0.03886270523071289
0 0.7225972890853882 0.7090720891952514 0.016785192489624023 0.026741170883178712
0 0.7082432508468628 0.6145610570907593 0.021024084091186522 0.022490453720092774
0 0.6797283887863159 0.5160858392715454 0.021319150924682617 0.027036046981811522
0 0.6438930749893188 0.3433376789093018 0.015077161788940429 0.023612499237060547
