0 0.13220843076705932 0.09454889297485351 0.02066185474395752 0.03336071968078613
0 0.1447809934616089 0.21061558723449708 0.009460115432739257 0.02781825065612793
0 0.15808353424072266 0.3258275628089905 0.019398260116577148 0.03807494640350342
0 0.15399689674377443 0.5276543855667114 0.024072766304016113 0.038385534286499025
0 0.13520589470863342 0.2459192991256714 0.02689450979232788 0.03377485275268555
0 0.8918803691864013 0.002845600992441177 0.015411090850830079 0.005691201984882354
0 0.8830248832702636 0.09222899377346039 0.015116500854492187 0.04418802857398987
0 0.8705233573913574 0.11805249154567718 0.017741966247558593 0.03636549115180969
0 0.8936697959899902 0.15118207335472106 0.009067344665527343 0.021394574642181398
0 0.8750893115997315 0.19272767901420593 0.010429096221923829 0.018286287784576416
0 0.9216495513916015 0.40408886671066285 0.01588916778564453 0.03144419193267822
0 0.13142547011375427 0.18409146070480348 0.02017089128494263 0.02533113956451416
0 0.16847259402275086 0.4573575258255005 0.015705692768096923 0.05382351875305176
0 0.16575807332992554 0.5792773008346558 0.012871026992797852 0.03284306526184082
