0 0.26860225200653076 0.12348302006721497 0.016045665740966795 0.04001764059066772
0 0.26311526298522947 0.20786222219467163 0.012521934509277344 0.023828530311584474
0 0.27665621042251587 0.29517877101898193 0.012184834480285645 0.015058279037475586
0 0.27068003416061404 0.31004403829574584 0.016318774223327635 0.009376883506774902
0 0.27175523042678834 0.37587612867355347 0.01386244297027588 0.020960259437561034
0 0.27812854051589964 0.3902726411819458 0.010619616508483887 0.012079715728759766
0 0.2762176036834717 0.4730522632598877 0.012241029739379882 0.016520023345947266
0 0.2757314443588257 0.5550458908081055 0.017498540878295898 0.04007282257080078
0 0.27986841201782225 0.7005411624908447 0.011293745040893555 0.029620265960693358
0 0.2904279470443726 0.6913573026657105 0.009166717529296875 0.012024545669555664
0 0.28396172523498536 0.7691863775253296 0.013637733459472657 0.015113401412963866
0 0.28838821649551394 0.8275720596313476 0.015540051460266113 0.026862335205078126
