0 0.9830439567565918 0.8360089778900146 0.014774131774902343 0.03082265853881836
0 0.3086344122886658 0.01110813207924366 0.014488673210144043 0.016303383558988572
0 0.3192605972290039 0.047672098875045775 0.015116643905639649 0.04824583530426026
0 0.30950472354888914 0.0750428557395935 0.010407543182373047 0.024915313720703124
0 0.31420871019363406 0.1964450478553772 0.010207724571228028 0.014751791954040527
0 0.3189032793045044 0.2822583675384521 0.014688491821289062 0.026466894149780273
0 0.3073685526847839 0.2558413028717041 0.010436081886291504 0.02636723518371582
0 0.2979360818862915 0.3028297066688538 0.010521697998046874 0.030723023414611816
0 0.2949772834777832 0.3812006950378418 0.007401323318481446 0.016137313842773438
0 0.2834947943687439 0.3881946086883545 0.013356661796569825 0.03078947067260742
0 0.26820690631866456 0.4444877147674561 0.013413715362548827 0.03369331359863281
0 0.26316955089569094 0.48431613445281985 0.01633429527282715 0.03811554908752442
0 0.21449005603790283 0.6160881519317627 0.011767911911010741 0.022044658660888672
0 0.19337528944015503 0.6802340030670166 0.00896151065826416 0.02343015670776367
0 0.2471206784248352 0.5071815967559814 0.01026480197906494 0.017655658721923827
0 0.19519694447517394 0.7318439245223999 0.011767899990081787 0.02204470634460449
0 0.19873092770576478 0.8045566558837891 0.013299548625946045 0.027885627746582032
0 0.1495761513710022 0.7801632404327392 0.016020321846008302 0.022144317626953125
0 0.15030858516693116 0.815042781829834 0.013299560546875 0.027885627746582032
0 0.14671240448951722 0.8897673130035401 0.012081897258758545 0.03801584243774414
0 0.19829308986663818 0.8989652633666992 0.010293340682983399 0.019107627868652343
0 0.18855148553848267 0.9256100654602051 0.011511015892028808 0.008977317810058593
0 0.9823847770690918 0.03996965289115906 0.013299560546875 0.02788560390472412
0 0.9790454864501953 0.10162683129310608 0.017808914184570312 0.041052615642547606
0 0.9793871879577637 0.408859395980835 0.013356590270996093 0.03078947067260742
0 0.9816272735595704 0.5113200664520263 0.016163063049316407 0.02940397262573242
0 0.8336639881134034 0.24711141586303711 0.01613454818725586 0.027952051162719725
0 0.8501835823059082 0.3085076570510864 0.011939239501953126 0.030756235122680664
0 0.8047194719314575 0.457059907913208 0.011996221542358399 0.03366012573242187
0 0.806041669845581 0.5340785980224609 0.011710834503173829 0.01914081573486328
0 0.8136947631835938 0.6497395277023316 0.017751693725585938 0.03814873695373535
0 0.8101316928863526 0.7949158668518066 0.01962594985961914 0.061412811279296875
0 0.9789722442626954 0.8627866744995117 0.0103790283203125 0.02346343994140625
0 0.9641076564788819 0.9336156368255615 0.017580509185791016 0.029437160491943358
