0 0.9201375007629394 0.5309908628463745 0.006072235107421875 0.01904616355895996
0 0.9144110202789306 0.5753883600234986 0.010739803314208984 0.040986490249633786
0 0.9139896869659424 0.6526850938796998 0.008989429473876953 0.02054905891418457
0 0.9186572551727294 0.6797402858734131 0.010415744781494141 0.0191131591796875
0 0.9024827480316162 0.696264123916626 0.007498455047607422 0.01761026382446289
0 0.957316255569458 0.7583691596984863 0.011841869354248047 0.01767730712890625
0 0.9003650188446045 0.7903079986572266 0.00922708511352539 0.036589431762695315
0 0.9049461841583252 0.872057580947876 0.009140682220458985 0.030756664276123048
0 0.8880585670471192 0.9855640888214111 0.010502052307128907 0.024946117401123048
0 0.9259611606597901 0.4311699390411377 0.009248828887939453 0.03804769515991211
0 0.9259071350097656 0.38595401048660277 0.007714462280273437 0.03219249248504639
0 0.9436483383178711 0.11712492704391479 0.00892467498779297 0.01617441177368164
0 0.9345292091369629 0.3904626727104187 0.007541656494140625 0.020526719093322755
0 0.9541828632354736 0.33461161851882937 0.013311290740966797 0.01915786266326904
0 0.9350478649139404 0.35546542406082154 0.010437297821044921 0.020571398735046386
0 0.9415414333343506 0.2593012094497681 0.014953517913818359 0.03230414390563965
0 0.9479809761047363 0.21564399003982543 0.009075927734375 0.026381945610046385
0 0.9447288036346435 0.19079844951629638 0.007671260833740234 0.029276037216186525
0 0.9377813816070557 0.17100083231925964 0.007520008087158203 0.01906851530075073
0 0.9287163734436035 0.5384159803390502 0.009097480773925781 0.027840185165405273
