0 0.4808701515197754 0.0826779067516327 0.00738821029663086 0.00499035120010376
0 0.46710705757141113 0.12654154300689696 0.009429740905761718 0.02810404300689697
0 0.45921218395233154 0.11196430027484894 0.013250207901000977 0.024164146184921263
0 0.459459924697876 0.15714099407196044 0.010448074340820313 0.023901534080505372
0 0.4381159543991089 0.21485980749130248 0.008281373977661132 0.015102601051330567
0 0.4364600896835327 0.6254556179046631 0.016562795639038085 0.030205154418945314
0 0.4224492311477661 0.6241425514221192 0.01350541114807129 0.027053356170654297
0 0.43453121185302734 0.7432565212249755 0.009682464599609374 0.015233898162841797
0 0.45260651111602784 0.8185069561004639 0.009940195083618163 0.033882427215576175
0 0.44327948093414304 0.9993443011306227 0.007898569107055664 0.0013113973662257194
