0 0.47421875 0.07578125 0.0078125 0.0234375
0 0.46796875 0.1640625 0.0078125 0.028125
0 0.46875 0.2046875 0.009375 0.025000000000000022
0 0.4609375 0.221875 0.009375 0.01875
0 0.4703125 0.24765625 0.0125 0.0328125
0 0.46640625 0.0171875 0.0140625 0.034375
0 0.471875 0.3328125 0.009375 0.018750000000000044
0 0.46953125 0.39375 0.0078125 0.015625
0 0.4828125 0.45546875 0.0125 0.0421875
0 0.47578125 0.48671875 0.0078125 0.0203125
0 0.475 0.51015625 0.00625 0.0203125
0 0.47578125 0.603125 0.0078125 0.015625
0 0.471875 0.66015625 0.0125 0.0671875
0 0.4609375 0.728125 0.009375 0.02499999999999991
0 0.47578125 0.73671875 0.0140625 0.03281249999999991
0 0.47890625 0.83984375 0.0171875 0.0390625
0 0.47109375 0.878125 0.0078125 0.03125
0 0.478125 0.92109375 0.00625 0.0140625
0 0.46328125 0.9390625 0.0140625 0.021875
0 0.47265625 0.98203125 0.0078125 0.0171875
