0 0.3261536002159119 0.24266912937164306 0.024497580528259278 0.031012773513793945
0 0.32597215175628663 0.5281613111495972 0.02741546630859375 0.03769526481628418
0 0.3320101618766785 0.5716668844223023 0.018458008766174316 0.023656129837036133
0 0.31908286809921266 0.5570326328277588 0.014318537712097169 0.018222999572753907
0 0.34197589159011843 0.8167967319488525 0.01777951717376709 0.02048349380493164
0 0.3459091424942017 0.8848211765289307 0.021715116500854493 0.0319249153137207
0 0.3258902788162231 0.8675693511962891 0.021715116500854493 0.031925010681152347
0 0.33908991813659667 0.8605698108673095 0.017575645446777345 0.026491832733154298
0 0.3449885964393616 0.9883451937697828 0.022597479820251464 0.023309612087905406
0 0.3196744084358215 0.200918447971344 0.01981499195098877 0.030001568794250488
0 0.30735949277877805 0.14715111255645752 0.02028963565826416 0.03918259143829346
0 0.3312376141548157 0.38097851276397704 0.01621863842010498 0.02014641761779785
0 0.317220938205719 0.45287926197052003 0.03202955722808838 0.05230946540832519
0 0.3162382125854492 0.42155890464782714 0.018118762969970705 0.022069835662841798
0 0.32124823331832886 0.708419394493103 0.024768376350402833 0.04620213508605957
0 0.33292202949523925 0.6751956224441529 0.018118762969970705 0.022069787979125975
