0 0.7402952671051025 0.3813248038291931 0.016223335266113283 0.021395373344421386
0 0.7248707771301269 0.3301208853721619 0.01960153579711914 0.03119499683380127
0 0.8127806186676025 0.6948148727416992 0.013367748260498047 0.02238006591796875
0 0.7810165166854859 0.6393295049667358 0.01802372932434082 0.03089566230773926
0 0.683369517326355 0.1715029776096344 0.019301462173461913 0.029611623287200926
0 0.6590255737304688 0.047357109189033506 0.018023681640625 0.03089565634727478
0 0.6499511241912842 0.0005265085026621818 0.019078922271728516 0.0010530170053243636
0 0.08931969702243805 0.9354104995727539 0.03432456851005554 0.04467353820800781
0 0.062270209193229675 0.8142384052276611 0.04581443667411804 0.0651707649230957
0 0.010844516009092331 0.568877100944519 0.021689032018184663 0.052976369857788086
