0 0.7713754653930665 0.04207011461257935 0.014457416534423829 0.03341696262359619
0 0.7659168720245362 0.0902542918920517 0.023769855499267578 0.06042378544807434
0 0.7692867279052734 0.16025338768959047 0.02009105682373047 0.03273383378982544
0 0.7741687536239624 0.21373756527900695 0.02620406150817871 0.04643081426620484
0 0.7965693235397339 0.2930728554725647 0.017859697341918945 0.026710820198059083
0 0.7901980161666871 0.3176488518714905 0.018542051315307617 0.021074938774108886
0 0.8159823417663574 0.4336118459701538 0.015434837341308594 0.019230413436889648
0 0.8337677955627442 0.6344322681427002 0.02358551025390625 0.03749303817749024
0 0.8204586029052734 0.5286764860153198 0.029698562622070313 0.05119004249572754
0 0.8540657520294189 0.865322208404541 0.016993045806884766 0.009416007995605468
