0 0.9627852439880371 0.7909585475921631 0.02103729248046875 0.029073047637939452
0 0.9286598682403564 0.5129962682723999 0.02414255142211914 0.03753266334533691
0 0.7256183385848999 0.513369369506836 0.03672318458557129 0.06350040435791016
0 0.8690606117248535 0.1452040731906891 0.035999107360839847 0.05073064565658569
0 0.9995080946944654 0.9942908286117017 0.0009838102385401725 0.011418342404067517
0 0.0028638608753681185 0.5056264400482178 0.005727721750736237 0.039460182189941406
0 0.03460796475410462 0.5604535341262817 0.02162644863128662 0.03233914375305176
0 0.7637392997741699 0.7433984518051148 0.019245243072509764 0.03664927482604981
0 0.03882100433111191 0.18199369311332703 0.01718333661556244 0.025218093395233156
0 0.00045225666835904124 0.44877846240997316 0.0009045133367180825 0.04184279441833496
0 0.003753262385725975 0.6217719316482544 0.00750652477145195 0.030117177963256837
0 0.04216386377811432 0.401434588432312 0.015845459699630738 0.026556634902954103
