0 0.931934928894043 0.8815992832183838 0.01520233154296875 0.002643108367919922
0 0.9291727542877197 0.8226909637451172 0.016422748565673828 0.019442176818847655
0 0.9225610256195068 0.7003485441207886 0.021837711334228516 0.03199448585510254
0 0.912676477432251 0.5329540967941284 0.018086910247802734 0.042349958419799806
0 0.8979544639587402 0.3198556065559387 0.015801048278808592 0.03154809474945068
0 0.8964012622833252 0.2984749794006348 0.008433246612548828 0.012775468826293945
0 0.8973336696624756 0.27998133897781374 0.010386180877685548 0.018995785713195802
0 0.890421724319458 0.19527821540832518 0.015468311309814454 0.02696652412414551
0 0.895304822921753 0.15806775093078612 0.012228107452392578 0.023688960075378417
0 0.895494031906128 0.11890127658843994 0.008433246612548828 0.012775468826293945
0 0.8948398113250733 0.08900951743125915 0.025188732147216796 0.03679920434951782
0 0.2526022672653198 0.7721514463424682 0.012006235122680665 0.02063460350036621
0 0.23209748268127442 0.6569779396057129 0.01826467514038086 0.024135303497314454
0 0.25015326738357546 0.5504685163497924 0.014691710472106934 0.016276216506958006
0 0.26771963834762574 0.5207648277282715 0.01480262279510498 0.017803382873535157
0 0.3198085904121399 0.42325425148010254 0.0223923921585083 0.03963041305541992
0 0.3210297465324402 0.3878499507904053 0.01329348087310791 0.017691802978515626
0 0.33030961751937865 0.18142132163047792 0.016977429389953613 0.027078115940093996
