0 0.7348251342773438 0.08712657392024994 0.017582416534423828 0.028041201829910278
0 0.6985976934432984 0.06403566300868987 0.015963315963745117 0.02131287455558777
0 0.6955998420715332 0.08734588623046875 0.017961883544921876 0.0360501766204834
0 0.7618818044662475 0.07236088812351227 0.012649202346801757 0.02683691382408142
0 0.7885716915130615 0.06997190713882447 0.011839675903320312 0.023472750186920167
0 0.6333657026290893 0.14338911771774293 0.01877140998840332 0.03941433429718018
0 0.6135317325592041 0.16793200969696045 0.015937995910644532 0.0276397705078125
0 0.5900546550750733 0.09185557365417481 0.01872081756591797 0.052068114280700684
0 0.5136785984039307 0.09814329445362091 0.012295055389404296 0.01250104308128357
0 0.41144752502441406 0.11058558821678162 0.01467304229736328 0.035247313976287845
0 0.40901889801025393 0.12067806720733643 0.012244415283203126 0.025154829025268555
0 0.36441768407821656 0.11068055629730225 0.023375773429870607 0.01995584964752197
0 0.30186727046966555 0.13548095226287843 0.0195556640625 0.049105381965637206
0 0.30243645906448363 0.1222632110118866 0.01998574733734131 0.04446057081222534
0 0.24064489603042602 0.07156091630458832 0.014344239234924316 0.014584559202194213
0 0.22181020975112914 0.08833374381065369 0.01269981861114502 0.014183127880096435
0 0.18024487495422364 0.12359965443611146 0.014723682403564453 0.022593533992767333
0 0.1741479754447937 0.14170111417770387 0.01558384895324707 0.013303899765014648
0 0.1542633891105652 0.1519845187664032 0.02666456699371338 0.02075871229171753
0 0.11654340624809265 0.17127066850662231 0.02008696794509888 0.01915299892425537
0 0.03952222913503647 0.169386887550354 0.010650643706321716 0.012099623680114746
0 0.04243156164884567 0.1790015697479248 0.021326592564582823 0.01787235736846924
0 0.0021723827347159387 0.21390424966812133 0.0043447654694318775 0.01370532512664795
0 0.07368805408477783 0.3638306736946106 0.037340521812438965 0.026531434059143065
0 0.015703946398571134 0.34433302879333494 0.028283661510795356 0.02748703956604004
0 0.1195288896560669 0.37591168880462644 0.020491743087768556 0.020835065841674806
0 0.34645618200302125 0.4313087463378906 0.014774298667907715 0.009939765930175782
0 0.34004300832748413 0.4181673526763916 0.023401093482971192 0.013628959655761719
0 0.19307152628898622 0.38139852285385134 0.03774529695510864 0.02821352481842041
0 0.17709556221961975 0.39352654218673705 0.020517051219940186 0.01450817584991455
0 0.7168511390686035 0.5199479579925537 0.02135190963745117 0.011545467376708984
0 0.8346154689788818 0.5442441225051879 0.029143810272216797 0.018197393417358397
0 0.9213260173797607 0.5565072774887085 0.026689815521240234 0.01443181037902832
0 0.8123654842376709 0.5245653629302979 0.03736581802368164 0.020204544067382812
0 0.8604958057403564 0.5452193021774292 0.015988636016845702 0.014985990524291993
0 0.4893166542053223 0.46707401275634763 0.017658329010009764 0.009060478210449219
0 0.39515573978424073 0.43874497413635255 0.03324217796325683 0.022364425659179687
