0 0.8592791557312012 0.6800788879394531 0.012166023254394531 0.03356189727783203
0 0.8467589855194092 0.7319236755371094 0.008427715301513672 0.016069316864013673
0 0.8496709823608398 0.8196522712707519 0.008375167846679688 0.014488601684570312
0 0.8558294296264648 0.8621737003326416 0.018593406677246092 0.03693304061889648
0 0.8466835498809815 0.8964996814727784 0.013379383087158202 0.022549533843994142
0 0.859433364868164 0.8992413997650146 0.013169479370117188 0.016226673126220705
0 0.8475622177124024 0.06489963084459305 0.010480499267578125 0.03034801185131073
0 0.8376293182373047 0.07551517188549042 0.011903762817382812 0.025658386945724487
0 0.8546880722045899 0.16040056943893433 0.018645858764648436 0.038513803482055665
0 0.8258141994476318 0.17243603467941285 0.013379383087158202 0.02254946231842041
0 0.8426958084106445 0.20431565642356872 0.013956451416015625 0.03993712663650513
0 0.8528877258300781 0.2253402590751648 0.010323143005371094 0.025605940818786622
0 0.8406856536865235 0.262932562828064 0.008690071105957032 0.023972749710083008
0 0.752109694480896 0.335499906539917 0.014061498641967773 0.04309849739074707
0 0.8406003952026367 0.3080348610877991 0.015169906616210937 0.028924727439880372
0 0.8449782371520996 0.46375963687896726 0.01027069091796875 0.02402520179748535
0 0.8555440425872802 0.4483757734298706 0.010113239288330078 0.019283151626586913
0 0.8499528884887695 0.49445204734802245 0.00853271484375 0.01923065185546875
0 0.8544027805328369 0.3186537861824036 0.01348428726196289 0.02571084499359131
0 0.8520516395568848 0.5576798677444458 0.015484619140625 0.03840889930725098
0 0.8425385475158691 0.5809409856796265 0.009850883483886718 0.011379671096801759
0 0.8627387523651123 0.6174577713012696 0.010218143463134766 0.022444534301757812
