0 0.6188339710235595 0.9578153610229492 0.023909950256347658 0.021417808532714844
0 0.6101953744888305 0.9070764064788819 0.02490057945251465 0.06254262924194336
0 0.5957239151000977 0.8161934375762939 0.014956283569335937 0.028762340545654297
0 0.5310078144073487 0.1636811912059784 0.03030366897583008 0.07171190977096557
0 0.5299129486083984 0.11490386128425598 0.010258197784423828 0.014027607440948487
0 0.5211560487747192 0.09192366302013397 0.01080622673034668 0.018338543176651
0 0.5492241621017456 0.2840221643447876 0.012241888046264648 0.01852102279663086
0 0.5598979949951172 0.3622460961341858 0.014956283569335937 0.028762316703796385
0 0.5683643817901611 0.49769814014434816 0.015139007568359375 0.030199289321899414
0 0.5763237714767456 0.5660456895828248 0.034453821182250974 0.08213572502136231
