0 0.9848285675048828 0.18775635957717896 0.022240066528320314 0.04373328685760498
0 0.9954598902724683 0.1586073398590088 0.009080219082534313 0.025792431831359864
0 0.972093915939331 0.26049376726150514 0.010973262786865234 0.0172985315322876
0 0.9768291473388672 0.2696091055870056 0.014083480834960938 0.03304345607757568
0 0.942338514328003 0.3863083243370056 0.013807392120361328 0.01634547710418701
0 0.9536838531494141 0.39918365478515627 0.01441192626953125 0.027056217193603516
0 0.9374580383300781 0.4565077304840088 0.024469566345214844 0.03206949234008789
0 0.9131020069122314 0.5343106746673584 0.01567354202270508 0.025792407989501952
0 0.9138113021850586 0.5720776319503784 0.014429473876953125 0.01949448585510254
0 0.8790445327758789 0.7067177057266235 0.01726360321044922 0.018541383743286132
0 0.8836766719818115 0.7411698341369629 0.01567354202270508 0.025792407989501952
0 0.8653506278991699 0.7719038009643555 0.013478851318359375 0.022332763671875
0 0.871191930770874 0.7836915969848632 0.013167858123779297 0.02075824737548828
0 0.8731453895568848 0.8151605606079102 0.020702362060546875 0.02829914093017578
0 0.8572813987731933 0.8210237979888916 0.015379905700683594 0.016656208038330077
0 0.8330562591552735 0.9602006435394287 0.025332832336425783 0.06703996658325195
0 0.8415761947631836 0.9749716281890869 0.01472301483154297 0.028630733489990234
