0 0.557627534866333 0.05760954469442368 0.010224342346191406 0.019954517483711243
0 0.5555356264114379 0.07533592581748963 0.008312082290649414 0.013911795616149903
0 0.5600613594055176 0.09283787906169891 0.008652782440185547 0.018357735872268677
0 0.5515128612518311 0.11825599074363709 0.007535552978515625 0.022688901424407958
0 0.549118447303772 0.15906787514686585 0.009107065200805665 0.024285662174224853
0 0.5387237548828125 0.17986785173416137 0.015279674530029297 0.029190778732299805
0 0.5512022256851197 0.20843243598937988 0.012023019790649413 0.024515247344970702
0 0.5404285669326783 0.2150387942790985 0.013158845901489257 0.03933507204055786
0 0.5422944784164428 0.25767704248428347 0.015184640884399414 0.04685976505279541
0 0.5499725818634034 0.26275434494018557 0.008539199829101562 0.016875743865966797
0 0.5436585664749145 0.2972939133644104 0.0159426212310791 0.0189316987991333
0 0.5473417282104492 0.3162204623222351 0.008539199829101562 0.01687576770782471
0 0.5323749303817749 0.3679698586463928 0.010565042495727539 0.0244004487991333
0 0.5358784437179566 0.3988096356391907 0.013821744918823242 0.029075980186462402
0 0.5302841424942016 0.4430968999862671 0.015279722213745118 0.029190778732299805
0 0.5396960258483887 0.5116749763488769 0.009334278106689454 0.027249622344970702
0 0.5293198823928833 0.513094425201416 0.012818098068237305 0.03488912582397461
0 0.5277112245559692 0.5532227039337159 0.01664261817932129 0.046974563598632814
0 0.5298610687255859 0.5921559810638428 0.010224342346191406 0.019954490661621093
0 0.5213218927383423 0.6078838348388672 0.013367414474487305 0.023148059844970703
0 0.5167590618133545 0.6291429758071899 0.009883594512939454 0.015508604049682618
0 0.5372749328613281 0.6389583587646485 0.0089935302734375 0.022803688049316408
0 0.521247673034668 0.6854060173034668 0.021697998046875 0.056210803985595706
0 0.534142255783081 0.6894031047821045 0.0095428466796875 0.0110626220703125
0 0.5185125350952149 0.7306638717651367 0.008879947662353515 0.021321678161621095
0 0.5258498907089233 0.740187120437622 0.01033787727355957 0.021436500549316406
0 0.5174149751663208 0.7641232490539551 0.012363767623901368 0.028961181640625
0 0.5235134124755859 0.8376586437225342 0.025844764709472657 0.053591251373291016
0 0.5136587858200073 0.8801195621490479 0.010678625106811524 0.025882434844970704
0 0.5230219841003418 0.8823476791381836 0.01168231964111328 0.020069313049316407
0 0.5162061452865601 0.9138659477233887 0.020316553115844727 0.01927604675292969
