0 0.40782148838043214 0.3650697350502014 0.02070784568786621 0.04115660190582275
0 0.5797585487365723 0.9299034595489502 0.02862520217895508 0.04181089401245117
0 0.609372901916504 0.9698446273803711 0.034033584594726565 0.050146865844726565
0 0.562879991531372 0.8801121711730957 0.01780853271484375 0.02513885498046875
0 0.5327569961547851 0.7570357084274292 0.026646995544433595 0.03691391944885254
0 0.4974164247512817 0.6575840711593628 0.012400197982788085 0.01680283546447754
0 0.5007851600646973 0.6405102729797363 0.016225051879882813 0.025008010864257812
0 0.48179900646209717 0.574897575378418 0.018071699142456054 0.028316211700439454
0 0.4050670266151428 0.29331700801849364 0.019391989707946776 0.025269699096679688
0 0.37915040254592897 0.24027372598648072 0.017676949501037598 0.02355015277862549
0 0.38970171213150023 0.26179569959640503 0.02426955699920654 0.0461843729019165
0 0.3777073621749878 0.20360302329063415 0.025063514709472656 0.03678308725357056
0 0.378242564201355 0.17156753540039063 0.02532668113708496 0.03996045589447021
0 0.34157503843307496 0.10421680510044098 0.012400174140930175 0.01680285334587097
0 0.4647230625152588 0.5227232694625854 0.026116180419921874 0.049492597579956055
0 0.35068110227584837 0.09866563081741334 0.016356635093688964 0.026596689224243165
0 0.3468584418296814 0.08138632476329803 0.010816693305969238 0.01667199730873108
