0 0.76328125 0.84921875 0.0203125 0.0578125
0 0.78125 0.53828125 0.009375 0.02031249999999991
0 0.71171875 0.9898437499068677 0.01718749999999991 0.020312499813735486
0 0.75390625 0.08828125 0.0078125 0.02031250000000001
0 0.7234375 0.2078125 0.01249999999999991 0.01874999999999998
0 0.7421875 0.3671875 0.015625 0.0375
0 0.7734375 0.2640625 0.0125 0.021874999999999957
0 0.76953125 0.63046875 0.0171875 0.0203125
0 0.76953125 0.78671875 0.0140625 0.0265625
0 0.77421875 0.58203125 0.0078125 0.0234375
0 0.78203125 0.59296875 0.0078125 0.0234375
0 0.78046875 0.4671875 0.014062500000000089 0.01875
0 0.78125 0.43125 0.0125 0.01875
0 0.784375 0.4078125 0.01249999999999991 0.015625
0 0.76640625 0.49453125 0.02031249999999991 0.0234375
