0 0.929705810546875 0.08093481361865998 0.02714405059814453 0.016764897108078002
0 0.8961894989013672 0.08157640099525451 0.019558143615722657 0.02112562656402588
0 0.8575570106506347 0.09026938080787658 0.016510391235351564 0.022557127475738525
0 0.7660174608230591 0.0839772254228592 0.020981645584106444 0.01806398034095764
0 0.7461491346359252 0.07542129755020141 0.01617579460144043 0.014737486839294434
0 0.4803788661956787 0.09925495088100433 0.019424247741699218 0.017997771501541138
0 0.45042123794555666 0.09191136062145233 0.02260589599609375 0.019694119691848755
0 0.3955371260643005 0.103645458817482 0.01157066822052002 0.016102784872055055
0 0.3666258931159973 0.1025244802236557 0.02578752040863037 0.021390467882156372
0 0.22985644340515138 0.09658854007720948 0.03702354431152344 0.02967360019683838
0 0.20009960532188414 0.0939367413520813 0.014752256870269775 0.01779913902282715
0 0.08207615911960602 0.10678848326206207 0.027344852685928345 0.02145668864250183
0 0.33660136461257933 0.09361696541309357 0.02545287609100342 0.013570827245712281
0 0.6982395887374878 0.08607547581195832 0.031949949264526364 0.02009139657020569
0 0.09679860472679139 0.25030585527420046 0.02618905305862427 0.03077404499053955
0 0.1353342890739441 0.3669589877128601 0.015086889266967773 0.025618767738342284
0 0.11708118319511414 0.37791907787323 0.01501995325088501 0.024054861068725585
0 0.11941084861755372 0.3229828953742981 0.008389043807983398 0.014406418800354004
0 0.11388418674468995 0.3396690011024475 0.008455967903137207 0.015970349311828613
0 0.1296014666557312 0.5246636152267456 0.008656740188598633 0.02066216468811035
0 0.1257994532585144 0.5451933383941651 0.008522891998291015 0.017534255981445312
0 0.13094630241394042 0.6107790470123291 0.013596463203430175 0.02711648941040039
0 0.13918341398239137 0.6574321031570435 0.017781949043273924 0.052271795272827146
0 0.14778591990470885 0.7855419158935547 0.01684499979019165 0.03037681579589844
0 0.15389682054519654 0.8189677715301513 0.013797235488891602 0.03180837631225586
0 0.13664931654930115 0.5799844980239868 0.021583950519561766 0.03213934898376465
0 0.16293702721595765 0.8843879699707031 0.02016044855117798 0.035201072692871094
0 0.1673811674118042 0.9335524559020996 0.018803882598876952 0.039826583862304685
0 0.12618831396102906 0.44490320682525636 0.0290848970413208 0.06211886405944824
0 0.16969006657600402 0.9875080108642578 0.00858980417251587 0.019098281860351562
0 0.16170257329940796 0.9828892706893384 0.00925905704498291 0.03422145824879408
0 0.14504547119140626 0.17461616396903992 0.02360975742340088 0.04315305948257446
