0 0.47570393085479734 0.14849055409431458 0.009970426559448242 0.026559507846832274
0 0.4512582540512085 0.4417316198348999 0.00824894905090332 0.02032923698425293
0 0.39169362783432005 0.4768160104751587 0.008300137519836426 0.0218752384185791
0 0.44795706272125246 0.5254028081893921 0.008556222915649414 0.029605531692504884
0 0.44869959354400635 0.5478205442428589 0.004959630966186524 0.012506723403930664
0 0.4403935194015503 0.5720609664916992 0.008044099807739258 0.014144992828369141
0 0.4425502777099609 0.5913405179977417 0.004959583282470703 0.012506723403930664
0 0.4301709413528442 0.6071929454803466 0.009816789627075195 0.021921348571777344
0 0.4396233320236206 0.6633932828903198 0.006322622299194336 0.00791468620300293
0 0.43468337059020995 0.6975908041000366 0.006732273101806641 0.020283079147338866
0 0.44836859703063964 0.7211627006530762 0.005164432525634766 0.018690967559814455
0 0.4509803056716919 0.8000113010406494 0.008300161361694336 0.021875286102294923
0 0.44171106815338135 0.8180905818939209 0.00976557731628418 0.02037534713745117
0 0.45438580513000487 0.9028237342834473 0.004805946350097656 0.007868576049804687
0 0.44984571933746337 0.9261758327484131 0.006527471542358399 0.014098834991455079
0 0.45760221481323243 0.9770111083984375 0.009868049621582031 0.023467445373535158
