0 0.7938659429550171 0.9100136280059814 0.014338350296020508 0.05715951919555664
0 0.9310304641723632 0.11336210370063782 0.018062782287597657 0.024751102924346922
0 0.8650604248046875 0.058999003469944 0.02843303680419922 0.0286131352186203
0 0.8405953884124756 0.09237527549266815 0.012512493133544921 0.014235216379165649
0 0.8449770927429199 0.10975904762744904 0.017235183715820314 0.04528343081474304
0 0.9804591178894043 0.19541312456130983 0.017989730834960936 0.023034119606018068
0 0.9820655822753906 0.27804189920425415 0.017989730834960936 0.023034119606018068
0 0.9832581520080567 0.3503331422805786 0.009177398681640626 0.01580948829650879
0 0.9780607223510742 0.3922562837600708 0.016212654113769532 0.021245813369750975
0 0.9777197360992431 0.440402889251709 0.01309671401977539 0.02797098159790039
0 0.9797036170959472 0.47402656078338623 0.005915451049804688 0.019100713729858398
0 0.9771229743957519 0.5547599792480469 0.004065322875976563 0.015595436096191406
0 0.9753457546234131 0.6166066884994507 0.002945613861083984 0.029259920120239258
0 0.9678844451904297 0.6515549421310425 0.015385055541992187 0.04177813529968262
0 0.9677746772766114 0.7143314838409424 0.009323501586914062 0.019243431091308594
0 0.8033731937408447 0.5259846925735474 0.009542560577392578 0.02439436912536621
0 0.8287640571594238 0.25012277364730834 0.017673301696777343 0.055585265159606934
0 0.8109686374664307 0.40762054920196533 0.007400417327880859 0.014021158218383789
0 0.8301154136657715 0.15815768241882325 0.015458106994628906 0.04349510669708252
0 0.7989545822143554 0.629861569404602 0.016431808471679688 0.026396703720092774
0 0.796970534324646 0.6564389944076539 0.010954523086547851 0.01759781837463379
0 0.8031049251556397 0.6928164720535278 0.009834766387939453 0.03126225471496582
0 0.9657904624938964 0.8011099815368652 0.005988502502441406 0.02081775665283203
0 0.9619926452636719 0.8903925895690918 0.005842399597167969 0.017383766174316407
0 0.7788581848144531 0.9618461608886719 0.011830902099609375 0.038201522827148435
0 0.9554926872253418 0.9802693842910231 0.008715057373046875 0.03946123104542494
0 0.9415073871612549 0.9962595461867749 0.013461971282958984 0.007480907253921032
