0 0.21640625 0.3140625 0.0078125 0.021874999999999957
0 0.2078125 0.3265625 0.009375 0.015625
0 0.20234375 0.35234375 0.0078125 0.0296875
0 0.21484375 0.3765625 0.0109375 0.015625
0 0.20859375 0.39609375 0.0109375 0.029687499999999957
0 0.2125 0.421875 0.0125 0.021875
0 0.22578125 0.4609375 0.0109375 0.021875
0 0.21875 0.5125 0.009375 0.03125
0 0.2109375 0.515625 0.009375 0.021875
0 0.20625 0.6046875 0.015625 0.034375000000000086
0 0.2296875 0.65234375 0.0125 0.0296875
0 0.22265625 0.74921875 0.0078125 0.014062500000000089
0 0.22109375 0.8234375 0.0109375 0.053125
0 0.234375 0.8171875 0.0125 0.01875
0 0.23203125 0.875 0.0171875 0.0375
0 0.2359375 0.9484375 0.015625 0.028125
0 0.2359375 0.9984374999068677 0.0125 0.003124999813735485
0 0.9992187499068678 0.34921875 0.001562499813735485 0.026562500000000044
0 0.9875 0.17109375 0.009375 0.014062499999999978
0 0.19921875 0.2734375 0.0046875 0.0125
0 0.19765625 0.2390625 0.014062499999999978 0.034375000000000044
0 0.1984375 0.29765625 0.012500000000000022 0.0296875
0 0.21328125 0.21328125 0.0078125 0.0109375
0 0.1953125 0.17265625 0.009375 0.017187500000000022
0 0.20390625 0.146875 0.010937499999999978 0.021874999999999978
0 0.209375 0.12109375 0.009375 0.0171875
0 0.1921875 0.0734375 0.012500000000000022 0.021875
0 0.20625 0.05625 0.012500000000000022 0.01875
