0 0.95078125 0.25625 0.0109375 0.01875
0 0.953125 0.27890625 0.0125 0.0234375
0 0.9546875 0.3125 0.009375 0.01875
0 0.9578125 0.3609375 0.009375 0.03125
0 0.95390625 0.4296875 0.0109375 0.028125
0 0.9546875 0.45859375 0.0125 0.0265625
0 0.95703125 0.5703125 0.0109375 0.028125
0 0.946875 0.58359375 0.009375 0.0734375
0 0.946875 0.6640625 0.009375 0.0375
0 0.95078125 0.72578125 0.0171875 0.051562499999999914
0 0.9546875 0.8734375 0.0125 0.046875
0 0.93828125 0.98203125 0.0109375 0.0140625
0 0.1875 0.17265625 0.009375 0.014062499999999978
0 0.17421875 0.18359375 0.0109375 0.0140625
0 0.17890625 0.2921875 0.010937499999999978 0.025
0 0.1890625 0.3828125 0.0125 0.01875
0 0.17265625 0.48203125 0.017187500000000022 0.0390625
0 0.18671875 0.6546875 0.014062499999999978 0.02499999999999991
0 0.18203125 0.6140625 0.017187500000000022 0.03750000000000009
0 0.16875 0.6125 0.009375000000000022 0.02499999999999991
0 0.175 0.68046875 0.009375000000000022 0.014062500000000089
0 0.17890625 0.7125 0.010937499999999978 0.015625
0 0.1734375 0.76484375 0.009375000000000022 0.014062500000000089
0 0.1796875 0.8390625 0.0125 0.015625
0 0.17109375 0.8671875 0.010937499999999978 0.021875
0 0.16875 0.94453125 0.006249999999999978 0.0296875
0 0.178125 0.9625 0.009375000000000022 0.025
0 0.159375 0.9867187499068677 0.009375000000000022 0.026562499813735485
0 0.946875 0.00390625 0.01875 0.0078125
0 0.96171875 0.00078125 0.0140625 0.0015625
0 0.9515625 0.05078125 0.009375 0.0328125
0 0.9640625 0.06484375 0.0125 0.0203125
0 0.9515625 0.0875 0.009375 0.015625
0 0.94765625 0.14921875 0.0140625 0.02656249999999998
0 0.95859375 0.19453125 0.0109375 0.02031250000000002
