0 0.61640625 0.9992187499068678 0.01093750000000009 0.001562499813735485
0 0.6125 0.0109375 0.009374999999999911 0.021875
0 0.61484375 0.1359375 0.0078125 0.01874999999999998
0 0.60390625 0.178125 0.014062500000000089 0.04062500000000002
0 0.603125 0.22890625 0.009374999999999911 0.0359375
0 0.6109375 0.21875 0.009374999999999911 0.01875
0 0.61484375 0.3171875 0.0078125 0.03125
0 0.61328125 0.49453125 0.0078125 0.0140625
0 0.60859375 0.54296875 0.0078125 0.0265625
0 0.61953125 0.59140625 0.0109375 0.0359375
0 0.61171875 0.64375 0.0078125 0.02812499999999991
0 0.60078125 0.65703125 0.01093750000000009 0.01718749999999991
0 0.603125 0.69375 0.009374999999999911 0.028125
0 0.615625 0.71484375 0.0125 0.0296875
0 0.6046875 0.784375 0.009374999999999911 0.02187500000000009
0 0.60234375 0.85 0.0078125 0.03125
0 0.6171875 0.8953125 0.009375 0.0125
0 0.6203125 0.94296875 0.009374999999999911 0.0203125
0 0.60546875 0.9882812499068677 0.0078125 0.023437499813735486
