0 0.2508661150932312 0.15721456408500672 0.010277485847473145 0.022608745098114013
0 0.24156708717346193 0.16548774242401124 0.010071516036987305 0.016237378120422363
0 0.25695573091506957 0.1729627311229706 0.008581757545471191 0.01937156915664673
0 0.2480190396308899 0.21710057258605958 0.013411498069763184 0.021118879318237305
0 0.2609155535697937 0.221467125415802 0.01659700870513916 0.02122189998626709
0 0.25601223707199094 0.2670690655708313 0.013668990135192871 0.02908308506011963
0 0.2709962844848633 0.3606604337692261 0.012694215774536133 0.04814567565917969
0 0.26097813844680784 0.37134861946105957 0.014235472679138184 0.046604347229003903
0 0.2630895495414734 0.43665509223937987 0.01680300235748291 0.027593231201171874
0 0.2701594948768616 0.5073820114135742 0.014183974266052246 0.04501152038574219
0 0.2805179238319397 0.581191611289978 0.013720488548278809 0.030675935745239257
0 0.2839167952537537 0.686319088935852 0.015162444114685059 0.07527546882629395
0 0.27461962699890136 0.7193070411682129 0.012385225296020508 0.03858861923217773
0 0.27955605983734133 0.7733606338500977 0.01896224021911621 0.045166015625
0 0.2778382539749146 0.8188595771789551 0.01171574592590332 0.01788177490234375
0 0.2944076657295227 0.8135403633117676 0.013514494895935059 0.024304580688476563
0 0.2941814661026001 0.8805168628692627 0.013054704666137696 0.05929555892944336
0 0.2937787175178528 0.9876068114303053 0.013771986961364746 0.024786376766860484
