0 0.711199426651001 0.04025157317519188 0.01847419738769531 0.037720151245594025
0 0.7208067178726196 0.14049060940742492 0.008610296249389648 0.029420077800750732
0 0.7111404418945313 0.13707076907157897 0.008384513854980468 0.016406095027923583
0 0.5823989391326905 0.1299864888191223 0.01006145477294922 0.019687318801879884
0 0.557960033416748 0.3240224003791809 0.013387012481689452 0.0246229887008667
0 0.5568509101867676 0.43465509414672854 0.015063953399658204 0.027904224395751954
0 0.703767728805542 0.5152756929397583 0.013387012481689452 0.02462296485900879
0 0.7007500886917114 0.5957719564437867 0.010117864608764649 0.022940778732299806
0 0.6980570554733276 0.6575606346130372 0.013753938674926757 0.0457707405090332
0 0.535616397857666 0.6775627374649048 0.010174369812011719 0.026194334030151367
0 0.5430860996246338 0.6207374572753906 0.013358783721923829 0.022996234893798827
0 0.6927639722824097 0.7290682315826416 0.011681890487670899 0.019715023040771485
0 0.5397637844085693 0.7655041217803955 0.015035724639892578 0.026277446746826173
0 0.687928295135498 0.8209239959716796 0.008469200134277344 0.021286392211914064
0 0.5297703981399536 0.8743576049804688 0.011794805526733398 0.026222038269042968
0 0.53022780418396 0.8947057723999023 0.009920310974121094 0.011553573608398437
0 0.535250186920166 0.9322180271148681 0.015120410919189453 0.031157779693603515
0 0.5229050159454346 0.9883450984023512 0.008553886413574218 0.023309802822768688
0 0.6856760501861572 0.9946115492843092 0.010004997253417969 0.010776901058852673
0 0.578085470199585 0.19174744486808776 0.013584613800048828 0.03601022958755493
