0 0.31452509164810183 0.17457230687141417 0.022036528587341307 0.043423378467559816
0 0.29643505811691284 0.1603615939617157 0.016094279289245606 0.02124408483505249
0 0.326175320148468 0.2364238142967224 0.024455857276916505 0.0334280252456665
0 0.33405539989471433 0.3193624019622803 0.018577718734741212 0.026242446899414063
0 0.3416179418563843 0.3609091639518738 0.025463294982910157 0.053107476234436034
0 0.3147267460823059 0.3427950620651245 0.017948842048645018 0.02311863899230957
0 0.32835979461669923 0.43838450908660886 0.016094255447387695 0.021244096755981445
0 0.3365382790565491 0.5188239097595215 0.023891091346740723 0.04529790878295899
0 0.3853470325469971 0.6617346286773682 0.017319965362548827 0.019994831085205077
0 0.3949627041816711 0.8329235076904297 0.021690058708190917 0.03436470031738281
0 0.36523171663284304 0.8763509750366211 0.016094279289245606 0.021244049072265625
0 0.3728873491287231 0.9024343490600586 0.01826329231262207 0.024680519104003908
0 0.37933332920074464 0.9344533920288086 0.011159467697143554 0.018744277954101562
0 0.3685364007949829 0.9325809001922607 0.01301403045654297 0.020618724822998046
0 0.34383081197738646 0.7262505769729615 0.021343541145324708 0.025305891036987306
0 0.3269577622413635 0.3955871224403381 0.010530591011047363 0.01562039852142334
0 0.386842155456543 0.6890686273574829 0.017037582397460938 0.025929784774780272
0 0.3928701996803284 0.9965898512862623 0.019803404808044434 0.006820297054946423
0 0.41798388957977295 0.9942449568770826 0.01766648292541504 0.011510085873305797
0 0.3664967894554138 0.5720815181732177 0.02785055637359619 0.03561525344848633
0 0.35610064268112185 0.6717361688613892 0.01364290714263916 0.023742532730102538
0 0.3458555340766907 0.6925119638442994 0.017037606239318846 0.025929784774780272
0 0.36637415885925295 0.8143411159515381 0.0219724178314209 0.028429698944091798
0 0.32080342769622805 0.47649755477905276 0.021029090881347655 0.023743915557861327
0 0.3307883858680725 0.5460029363632202 0.012699580192565918 0.01905684471130371
0 0.3173063635826111 0.3715346336364746 0.01423971652984619 0.0193695068359375
