0 0.128125 0.00703125 0.009375 0.0140625
0 0.13125 0.0796875 0.015625 0.03750000000000001
0 0.1390625 0.1296875 0.009375000000000022 0.015625
0 0.140625 0.17890625 0.009375 0.014062499999999978
0 0.14765625 0.18125 0.0078125 0.015625
0 0.15546875 0.2875 0.0078125 0.021874999999999957
0 0.16640625 0.415625 0.0234375 0.059374999999999956
0 0.175 0.53984375 0.006249999999999978 0.01718749999999991
0 0.18515625 0.59296875 0.0078125 0.01718749999999991
0 0.190625 0.71015625 0.009375000000000022 0.02031249999999991
0 0.19921875 0.76171875 0.0109375 0.0234375
