0 0.08359375 0.03359375 0.0234375 0.0234375
0 0.140625 0.01875 0.01875 0.021875
0 0.2140625 0.021875 0.0375 0.015625
0 0.2921875 0.0140625 0.015625 0.015625
0 0.0171875 0.07578125 0.009375000000000003 0.017187499999999988
0 0.01015625 0.09140625 0.0078125 0.010937499999999989
0 0.65625 0.9953124999068678 0.025 0.009374999813735485
0 0.6625 0.90859375 0.015625 0.0234375
0 0.64453125 0.87265625 0.0234375 0.0265625
0 0.65546875 0.75 0.014062500000000089 0.025
0 0.653125 0.72421875 0.009374999999999911 0.01718749999999991
0 0.65234375 0.596875 0.0078125 0.02187500000000009
0 0.6625 0.22421875 0.02187500000000009 0.0234375
0 0.70390625 0.178125 0.0078125 0.01875
0 0.6703125 0.175 0.015625 0.021874999999999978
0 0.71328125 0.13046875 0.01718749999999991 0.0171875
