0 0.36039879322052004 0.9537065505981446 0.012343931198120116 0.02409954071044922
0 0.3210255980491638 0.8586913108825683 0.01104423999786377 0.018105316162109374
0 0.3401897668838501 0.8749307632446289 0.011694097518920898 0.021102333068847658
0 0.33745975494384767 0.8551251888275146 0.01104426383972168 0.018105220794677735
0 0.30179293155670167 0.8024553060531616 0.007275772094726562 0.007291078567504883
0 0.2849669337272644 0.7825702905654908 0.010913634300231933 0.010936594009399414
0 0.3064677000045776 0.7771201610565186 0.007406377792358398 0.014459705352783203
0 0.3069216251373291 0.768391752243042 0.009875154495239258 0.01927957534790039
0 0.3206926941871643 0.766972541809082 0.011174845695495605 0.025273895263671874
0 0.3022086262702942 0.7286184549331665 0.01071932315826416 0.016606664657592772
0 0.3089316964149475 0.727159571647644 0.00857546329498291 0.013285303115844726
0 0.32312324047088625 0.7060356855392456 0.009550237655639648 0.01778101921081543
0 0.266726553440094 0.5613658666610718 0.00890038013458252 0.014783906936645507
0 0.2715000629425049 0.5509155511856079 0.011694097518920898 0.021102380752563477
0 0.2678605914115906 0.5305227756500244 0.01286318302154541 0.019927978515625
0 0.24203228950500488 0.4474745750427246 0.015787506103515626 0.03341512680053711
0 0.24758466482162475 0.42979443073272705 0.00857546329498291 0.013285303115844726
0 0.19758132696151734 0.22803505659103393 0.012538266181945801 0.01842944622039795
0 0.2367968440055847 0.3764331221580505 0.014682126045227051 0.021750760078430176
0 0.9709920406341552 0.4077583193778992 0.005393123626708985 0.018307042121887208
