0 0.15200557708740234 0.4289525270462036 0.0162276029586792 0.006622171401977539
0 0.1710361123085022 0.39642096757888795 0.018563342094421387 0.013075423240661622
0 0.22786779403686525 0.3870407462120056 0.016805696487426757 0.011317610740661621
0 0.15326692461967467 0.38113105297088623 0.021693241596221925 0.013460779190063476
0 0.0126111451536417 0.3483985781669617 0.011725448817014695 0.0076092958450317385
0 0.10555047392845154 0.43228859901428224 0.01485534906387329 0.007994651794433594
0 0.1634419798851013 0.43151671886444093 0.0078013896942138675 0.013291883468627929
0 0.1781163215637207 0.42812118530273435 0.014855360984802246 0.007994651794433594
0 0.2440837025642395 0.3961664080619812 0.015240740776062012 0.011124920845031739
0 0.2926468014717102 0.4164039134979248 0.01817796230316162 0.009945106506347657
0 0.2901183605194092 0.40877082347869875 0.017792558670043944 0.006814813613891602
0 0.37410893440246584 0.4135244846343994 0.010160493850708007 0.007416629791259765
0 0.36167398691177366 0.42220540046691896 0.00917365550994873 0.011919403076171875
0 0.3521645665168762 0.4352926969528198 0.009366345405578614 0.013484525680541991
0 0.0664150133728981 0.44346232414245607 0.04849011600017548 0.01830129623413086
0 0.12035621404647827 0.4106048822402954 0.02246403694152832 0.019721364974975585
0 0.4162076711654663 0.6522334814071655 0.011509370803833009 0.01837267875671387
0 0.42506887912750246 0.672592306137085 0.011316728591918946 0.01680755615234375
0 0.42794480323791506 0.6507884502410889 0.009944438934326172 0.018179988861083983
0 0.47445240020751955 0.725300669670105 0.011316680908203125 0.01680750846862793
0 0.5722244501113891 0.04196444749832153 0.013845109939575195 0.02482593059539795
0 0.5342013120651246 0.13959479928016663 0.010884523391723633 0.03833426237106323
0 0.4329700231552124 0.09803635179996491 0.012449502944946289 0.03852693438529968
0 0.9860632419586182 0.3064054012298584 0.0031065940856933594 0.012713861465454102
0 0.4058923959732056 0.6781310081481934 0.014376497268676758 0.05417842864990234
0 0.4217842102050781 0.7039797306060791 0.013074302673339843 0.01856536865234375
0 0.5126503944396973 0.9581344127655029 0.01228017807006836 0.024633312225341798
0 0.5288897037506104 0.9545462131500244 0.011100578308105468 0.027570819854736327
0 0.9731932640075683 0.28574566841125487 0.010545921325683594 0.01054692268371582
0 0.9248345851898193 0.2607164025306702 0.011918163299560547 0.009174466133117676
0 0.8639328956604004 0.2499423623085022 0.027351570129394532 0.02186453342437744
