0 0.00859375 0.09296875 0.0078125 0.0140625
0 0.28984375 0.01328125 0.020312499999999956 0.0171875
0 0.0828125 0.03125 0.025 0.021875
0 0.13984375 0.01875 0.017187500000000022 0.025
0 0.2140625 0.0203125 0.034375 0.015625
0 0.65546875 0.9921874999068677 0.0234375 0.015624999813735486
0 0.64609375 0.86953125 0.01718749999999991 0.0234375
0 0.6625 0.90390625 0.009374999999999911 0.0171875
0 0.65546875 0.75078125 0.014062500000000089 0.0234375
0 0.65234375 0.72578125 0.0109375 0.01718749999999991
0 0.6515625 0.596875 0.009374999999999911 0.01875000000000009
0 0.703125 0.1765625 0.0125 0.021874999999999978
0 0.6640625 0.2265625 0.01875 0.025
0 0.66875 0.1765625 0.01875000000000009 0.025000000000000022
0 0.71171875 0.12890625 0.014062500000000089 0.0171875
0 0.01875 0.07265625 0.0125 0.02031250000000001
