0 0.946875 0.07109375 0.009375 0.0140625
0 0.95390625 0.0890625 0.0109375 0.01874999999999999
0 0.953125 0.20625 0.009375 0.012500000000000022
0 0.953125 0.2296875 0.009375 0.015625
0 0.96015625 0.25390625 0.0109375 0.0171875
0 0.95703125 0.36796875 0.0078125 0.0234375
0 0.96484375 0.584375 0.0078125 0.015625
0 0.9640625 0.65859375 0.009375 0.03281249999999991
0 0.971875 0.6828125 0.009375 0.02187500000000009
0 0.96796875 0.78671875 0.0078125 0.014062500000000089
0 0.97578125 0.78515625 0.0078125 0.0109375
0 0.9765625 0.9171875 0.009375 0.034375
0 0.9671875 0.93671875 0.009375 0.0234375
0 0.9703125 0.98515625 0.009375 0.0265625
