0 0.45010910034179685 0.6348705530166626 0.014466667175292968 0.03472676277160645
0 0.43537354469299316 0.6267622470855713 0.016306114196777344 0.03967552185058594
0 0.4478762149810791 0.600614857673645 0.01539297103881836 0.021844244003295897
0 0.4396136522293091 0.5595324277877808 0.017481470108032228 0.03165602684020996
0 0.4397880554199219 0.47826695442199707 0.008865261077880859 0.018259525299072266
0 0.4524351119995117 0.4960157871246338 0.010372638702392578 0.016724205017089842
0 0.46296579837799073 0.16579418182373046 0.013802576065063476 0.02175858020782471
0 0.4486121654510498 0.07236781120300292 0.010289669036865234 0.015103161334991455
0 0.45542383193969727 0.048352190852165224 0.013374233245849609 0.04436729550361633
0 0.4501303434371948 0.9770389080047608 0.014051580429077148 0.02662172317504883
0 0.4287045240402222 0.788140082359314 0.012378168106079102 0.024914979934692383
0 0.44946975708007814 0.8030750989913941 0.010704708099365235 0.02320828437805176
0 0.44893858432769773 0.7355883598327637 0.008699274063110352 0.015017509460449219
