0 0.8484375 0.44921875 0.0125 0.0296875
0 0.85 0.29296875 0.0125 0.0265625
0 0.11171875 0.50234375 0.0109375 0.0109375
0 0.103125 0.52421875 0.009375 0.02968750000000009
0 0.1 0.36640625 0.0125 0.026562500000000044
0 0.09453125 0.0046875 0.0078125 0.009375
0 0.10546875 0.00859375 0.0109375 0.0171875
0 0.10234375 0.08984375 0.0078125 0.0203125
0 0.10859375 0.103125 0.0078125 0.034375
0 0.096875 0.11171875 0.009375 0.0171875
0 0.0984375 0.20859375 0.009375 0.0140625
0 0.1078125 0.20625 0.009375 0.015625
0 0.0984375 0.309375 0.015625 0.018750000000000044
0 0.09765625 0.328125 0.0078125 0.015625
0 0.11015625 0.36484375 0.0078125 0.0234375
