0 0.7701882600784302 0.9081115245819091 0.018850946426391603 0.029424381256103516
0 0.8450201034545899 0.17083941102027894 0.009886360168457032 0.024466502666473388
0 0.8428979873657226 0.09497992098331451 0.008032608032226562 0.04682449698448181
0 0.7947067499160767 0.7616639137268066 0.0273496150970459 0.055315589904785155
0 0.8212258815765381 0.3480886578559875 0.03044919967651367 0.028531575202941896
0 0.8121295928955078 0.27936205863952634 0.02852458953857422 0.0493889331817627
0 0.805626368522644 0.6678249597549438 0.020056390762329103 0.05493569374084473
0 0.11481042504310608 0.6233270645141602 0.022051894664764406 0.03557901382446289
0 0.804081654548645 0.5422915935516357 0.01607546806335449 0.03227376937866211
0 0.8084879398345948 0.5736535787582397 0.013016414642333985 0.029120492935180663
0 0.7351300716400146 0.9888797282241285 0.028453731536865236 0.022240543179214
0 0.8009212493896485 0.506351637840271 0.010666275024414062 0.04097380638122559
0 0.8146365642547607 0.502628493309021 0.008498668670654297 0.02589116096496582
0 0.7978824615478516 0.38014395236968995 0.018992805480957033 0.032425737380981444
0 0.8303930759429932 0.20168849229812622 0.01266183853149414 0.02161715030670166
