0 0.95 0.8515625 0.0125 0.015625
0 0.959375 0.92890625 0.0125 0.0171875
0 0.0875 0.3640625 0.0125 0.03125
0 0.1640625 0.7828125 0.021875 0.040625
0 0.0921875 0.2125 0.021875 0.040625
0 0.13515625 0.621875 0.0140625 0.03125
0 0.11171875 0.4625 0.0265625 0.040625
0 0.10234375 0.09453125 0.0171875 0.0359375
0 0.08359375 0.09375 0.0140625 0.040625
0 0.090625 0.03984375 0.040625 0.0359375
0 0.9046875 0.12734375 0.01875 0.0265625
0 0.9125 0.18125 0.015625 0.028125
0 0.91484375 0.26953125 0.0109375 0.0296875
0 0.95859375 0.8953125 0.0265625 0.040625
0 0.94296875 0.825 0.0265625 0.03125
0 0.93125 0.30546875 0.0125 0.0390625
0 0.940625 0.43046875 0.0125 0.0234375
0 0.9546875 0.625 0.015625 0.021875
0 0.9625 0.68984375 0.015625 0.0421875
0 0.9109375 0.221875 0.025 0.04375
0 0.9578125 0.73515625 0.01875 0.0328125
