0 0.1453125 0.140625 0.01875 0.03125
0 0.15078125 0.25390625 0.0078125 0.0265625
0 0.15703125 0.36640625 0.0171875 0.0359375
0 0.140625 0.56171875 0.021875 0.0359375
0 0.1390625 0.2875 0.025 0.03125
0 0.14765625 0.0109375 0.0296875 0.021875
0 0.9109375 0.0796875 0.0125 0.046875
0 0.8953125 0.18671875 0.0125 0.0421875
0 0.88125 0.2109375 0.015625 0.034375
0 0.90234375 0.24453125 0.0078125 0.0203125
0 0.88125 0.28359375 0.009375 0.0171875
0 0.91484375 0.49140625 0.0140625 0.0296875
0 0.1390625 0.22734375 0.01875 0.0234375
0 0.159375 0.49453125 0.0125 0.0515625
0 0.14921875 0.6125 0.0109375 0.03125
