0 0.878125 0.87734375 0.01875 0.0296875
0 0.9953125 0.115625 0.009375 0.025
0 0.996875 0.03671875 0.00625 0.0484375
0 0.91171875 0.7265625 0.0265625 0.05625
0 0.9609375 0.2984375 0.03125 0.028125
0 0.9546875 0.2265625 0.028125 0.05
0 0.928125 0.6296875 0.01875 0.05625
0 0.1921875 0.54609375 0.021875 0.0359375
0 0.9328125 0.49921875 0.015625 0.0328125
0 0.9359375 0.53203125 0.0125 0.0296875
0 0.8359375 0.97265625 0.028125 0.0484375
0 0.93125 0.46171875 0.009375 0.0421875
0 0.94609375 0.45859375 0.0078125 0.0265625
0 0.934375 0.33046875 0.01875 0.0328125
0 0.978125 0.146875 0.0125 0.021875
