0 0.4 0.453125 0.021875 0.0375
0 0.0671875 0.021875 0.01875 0.021875
0 0.10546875 0.040625 0.0140625 0.015625
0 0.14140625 0.075 0.0171875 0.0375
0 0.1640625 0.1078125 0.01875 0.015625
0 0.22265625 0.1265625 0.0203125 0.028125
0 0.21015625 0.1578125 0.0328125 0.03125
0 0.24609375 0.1875 0.0171875 0.0375
0 0.24765625 0.21484375 0.0171875 0.0546875
0 0.28046875 0.24765625 0.0171875 0.0265625
0 0.31796875 0.27265625 0.0171875 0.0265625
0 0.35234375 0.33046875 0.0171875 0.0328125
0 0.33828125 0.34609375 0.0171875 0.0296875
0 0.44296875 0.4921875 0.0171875 0.040625
0 0.5078125 0.5859375 0.0125 0.025
0 0.5171875 0.609375 0.0125 0.015625
0 0.675 0.79453125 0.028125 0.0890625
