0 0.359375 0.0703125 0.021875 0.01875
0 0.23046875 0.19609375 0.0171875 0.0234375
0 0.32265625 0.22265625 0.0171875 0.0265625
0 0.39375 0.165625 0.0125 0.0125
0 0.41796875 0.23828125 0.0171875 0.0140625
0 0.34140625 0.26171875 0.0171875 0.0203125
0 0.37890625 0.31171875 0.0234375 0.0171875
0 0.38203125 0.33671875 0.0140625 0.0171875
0 0.45703125 0.3484375 0.0140625 0.015625
0 0.46015625 0.3828125 0.0140625 0.015625
0 0.45 0.4578125 0.01875 0.01875
0 0.54765625 0.54453125 0.0171875 0.0140625
0 0.471875 0.665625 0.025 0.025
0 0.60078125 0.7328125 0.0171875 0.025
0 0.63203125 0.76875 0.0296875 0.015625
0 0.6359375 0.7921875 0.01875 0.015625
0 0.6640625 0.81015625 0.021875 0.0203125
