0 0.94296875 0.98515625 0.0140625 0.0296875
0 0.928125 0.78203125 0.01875 0.0265625
0 0.94453125 0.55546875 0.0203125 0.0328125
0 0.953125 0.46328125 0.009375 0.0171875
0 0.9546875 0.4234375 0.009375 0.01875
0 0.9515625 0.3921875 0.009375 0.015625
0 0.9421875 0.3484375 0.0125 0.025
0 0.94296875 0.28828125 0.0078125 0.0203125
0 0.93828125 0.26953125 0.0078125 0.0140625
0 0.94453125 0.24453125 0.0078125 0.0234375
0 0.9375 0.21875 0.00625 0.015625
0 0.91328125 0.25234375 0.0109375 0.0265625
0 0.9375 0.0421875 0.00625 0.01875
0 0.93046875 0.0390625 0.0078125 0.015625
