0 0.97578125 0.271875 0.0140625 0.028125
0 0.9796875 0.31484375 0.0125 0.0171875
0 0.98359375 0.3515625 0.0171875 0.021875
0 0.97421875 0.3875 0.0109375 0.021875
0 0.9546875 0.47890625 0.028125 0.0328125
0 0.91171875 0.703125 0.0171875 0.01875
0 0.896875 0.88359375 0.015625 0.0328125
0 0.8890625 0.95625 0.015625 0.040625
0 0.98828125 0.14609375 0.0078125 0.0171875
0 0.99296875 0.1671875 0.0078125 0.01875
0 0.95703125 0.175 0.0109375 0.021875
0 0.9796875 0.19453125 0.009375 0.0171875
0 0.984375 0.21171875 0.009375 0.0234375
