0 0.23125 0.9515625 0.0125 0.021875
0 0.24140625 0.7421875 0.0109375 0.021875
0 0.2265625 0.540625 0.01875 0.034375
0 0.24453125 0.403125 0.0171875 0.034375
0 0.25234375 0.33203125 0.0109375 0.0171875
0 0.2703125 0.2546875 0.015625 0.01875
0 0.28046875 0.20546875 0.0140625 0.0171875
0 0.296875 0.17890625 0.0125 0.0234375
0 0.3484375 0.08984375 0.0125 0.0234375
0 0.93203125 0.3609375 0.0203125 0.0375
0 0.94609375 0.3078125 0.0140625 0.025
0 0.9296875 0.86015625 0.015625 0.0296875
0 0.9265625 0.7453125 0.01875 0.059375
0 0.92421875 0.64921875 0.0109375 0.0234375
0 0.93046875 0.90234375 0.0109375 0.0265625
0 0.925 0.55546875 0.021875 0.0390625
0 0.9203125 0.4625 0.015625 0.046875
0 0.98671875 0.17578125 0.0265625 0.0296875
0 0.884375 0.09765625 0.009375 0.0171875
0 0.92734375 0.98046875 0.0171875 0.0328125
0 0.93125 0.1359375 0.009375 0.015625
0 0.67890625 0.0984375 0.0359375 0.025
0 0.55546875 0.08984375 0.0203125 0.0234375
0 0.51796875 0.08203125 0.0203125 0.0203125
