0 0.85 0.0875 0.0125 0.021875
0 0.83515625 0.06328125 0.0109375 0.0203125
0 0.8375 0.51328125 0.025 0.0609375
0 0.10078125 0.0046875 0.0140625 0.009375
0 0.10078125 0.25234375 0.0171875 0.0296875
0 0.09921875 0.30234375 0.0109375 0.0234375
0 0.1046875 0.33984375 0.0125 0.0296875
0 0.10625 0.38515625 0.009375 0.0328125
0 0.1078125 0.5078125 0.01875 0.03125
0 0.11796875 0.89921875 0.0140625 0.0390625
0 0.865625 0.02578125 0.0125 0.0359375
0 0.8421875 0.13359375 0.015625 0.0296875
0 0.8328125 0.21796875 0.015625 0.0359375
0 0.85078125 0.171875 0.0140625 0.034375
0 0.840625 0.38359375 0.01875 0.0296875
0 0.8328125 0.44921875 0.015625 0.0359375
0 0.84296875 0.58671875 0.0171875 0.0578125
0 0.8515625 0.6890625 0.009375 0.025
0 0.84765625 0.63984375 0.0140625 0.0296875
