0 0.77734375 0.35703125 0.0234375 0.0078125
0 0.15546875 0.025 0.0203125 0.015625
0 0.26875 0.0609375 0.0125 0.015625
0 0.28359375 0.0703125 0.0140625 0.015625
0 0.40546875 0.15234375 0.0140625 0.0203125
0 0.4375 0.18671875 0.01875 0.0171875
0 0.4953125 0.240625 0.015625 0.0125
0 0.56640625 0.27734375 0.0171875 0.0109375
0 0.65625 0.23671875 0.01875 0.0078125
0 0.66171875 0.24609375 0.0109375 0.0296875
0 0.70078125 0.22734375 0.0109375 0.0109375
0 0.7875 0.1859375 0.0125 0.025
0 0.8625 0.14453125 0.015625 0.0390625
0 0.7515625 0.20234375 0.015625 0.0078125
0 0.61484375 0.28125 0.0140625 0.05
0 0.6109375 0.2640625 0.009375 0.028125
0 0.59453125 0.2765625 0.0109375 0.034375
0 0.55078125 0.315625 0.0171875 0.034375
0 0.61484375 0.34140625 0.0234375 0.0078125
0 0.63203125 0.35234375 0.0203125 0.0078125
0 0.65078125 0.346875 0.0171875 0.009375
0 0.71640625 0.3640625 0.0234375 0.0125
0 0.840625 0.3703125 0.0125 0.009375
0 0.7796875 0.33125 0.040625 0.009375
0 0.509375 0.375 0.015625 0.015625
0 0.5390625 0.3671875 0.03125 0.0125
0 0.3640625 0.3703125 0.028125 0.015625
0 0.40390625 0.38125 0.0140625 0.0125
0 0.36328125 0.49375 0.0203125 0.021875
0 0.47265625 0.45625 0.0109375 0.03125
0 0.34453125 0.51484375 0.0109375 0.0203125
0 0.3859375 0.67421875 0.0125 0.0515625
0 0.353125 0.8265625 0.009375 0.028125
0 0.3640625 0.85390625 0.015625 0.0234375
0 0.3984375 0.9671875 0.028125 0.065625
0 0.49921875 0.7640625 0.0203125 0.025
0 0.36640625 0.77109375 0.0109375 0.0484375
0 0.35546875 0.77109375 0.0109375 0.0421875
0 0.365625 0.725 0.009375 0.015625
0 0.1984375 0.3578125 0.03125 0.01875
0 0.1515625 0.37109375 0.04375 0.0171875
0 0.08984375 0.35546875 0.0484375 0.0203125
0 0.09921875 0.375 0.0265625 0.015625
0 0.034375 0.378125 0.040625 0.025
