0 0.11640625 0.01171875 0.0140625 0.0234375
0 0.121875 0.0796875 0.009375 0.021875
0 0.11796875 0.1203125 0.0109375 0.01875
0 0.11796875 0.175 0.0140625 0.028125
0 0.12890625 0.25703125 0.0140625 0.0203125
0 0.125 0.2296875 0.0125 0.01875
0 0.1359375 0.45234375 0.0125 0.0234375
0 0.13125 0.51796875 0.015625 0.0171875
0 0.95390625 0.50625 0.0140625 0.03125
0 0.953125 0.7234375 0.0125 0.025
0 0.9640625 0.85078125 0.0125 0.0234375
0 0.95703125 0.86953125 0.0109375 0.0171875
0 0.95625 0.94765625 0.0125 0.0515625
