0 0.56796875 0.71328125 0.0140625 0.0265625
0 0.5765625 0.6171875 0.009375 0.028125
0 0.57578125 0.54375 0.0109375 0.034375
0 0.57421875 0.51640625 0.0078125 0.0203125
0 0.5640625 0.31484375 0.009375 0.0234375
0 0.57109375 0.23125 0.0109375 0.025
0 0.584375 0.14921875 0.009375 0.0109375
0 0.571875 0.16796875 0.009375 0.0109375
0 0.57421875 0.1484375 0.0109375 0.021875
0 0.56875 0.1234375 0.0125 0.021875
0 0.57578125 0.0625 0.0109375 0.015625
0 0.57734375 0.0296875 0.0109375 0.021875
0 0.5671875 0.0390625 0.009375 0.040625
0 0.590625 0.771875 0.0125 0.01875
0 0.584375 0.98984375 0.009375 0.0203125
0 0.5890625 0.9375 0.009375 0.025
0 0.57421875 0.92734375 0.0109375 0.0265625
0 0.58203125 0.81171875 0.0109375 0.0296875
0 0.5796875 0.78828125 0.009375 0.0109375
