0 0.1375 0.4 0.009375 0.015625
0 0.14140625 0.3703125 0.0109375 0.01875
0 0.14375 0.3078125 0.015625 0.025
0 0.12890625 0.33828125 0.0109375 0.0265625
0 0.2890625 0.303125 0.009375 0.0125
0 0.275 0.2609375 0.00625 0.01875
0 0.28671875 0.246875 0.0109375 0.028125
0 0.296875 0.1875 0.009375 0.0125
0 0.3609375 0.1453125 0.009375 0.009375
0 0.3890625 0.14609375 0.015625 0.0109375
0 0.29765625 0.05859375 0.0109375 0.0265625
0 0.40078125 0.0125 0.0109375 0.021875
0 0.44453125 0.08671875 0.0078125 0.0171875
0 0.44765625 0.09609375 0.0078125 0.0296875
0 0.334375 0.16328125 0.00625 0.0171875
0 0.3640625 0.16484375 0.009375 0.0109375
0 0.44140625 0.1765625 0.0109375 0.009375
0 0.4484375 0.1859375 0.01875 0.009375
0 0.35625 0.175 0.015625 0.009375
0 0.58046875 0.18125 0.0203125 0.00625
0 0.6453125 0.19140625 0.01875 0.0109375
0 0.6625 0.18125 0.025 0.009375
0 0.6890625 0.18984375 0.01875 0.0109375
0 0.7546875 0.17578125 0.025 0.0078125
0 0.75703125 0.18515625 0.0265625 0.0109375
0 0.80625 0.1796875 0.015625 0.009375
0 0.81875 0.16875 0.015625 0.009375
0 0.6796875 0.09921875 0.0125 0.0203125
0 0.2921875 0.490625 0.00625 0.021875
0 0.28515625 0.4375 0.0078125 0.021875
0 0.29609375 0.421875 0.0078125 0.015625
0 0.16640625 0.40546875 0.0203125 0.0078125
0 0.1265625 0.37265625 0.009375 0.0296875
0 0.21875 0.28828125 0.0125 0.0265625
0 0.128125 0.48671875 0.009375 0.0328125
0 0.13828125 0.5359375 0.0078125 0.0125
0 0.28984375 0.52734375 0.0078125 0.0265625
0 0.13046875 0.66328125 0.0078125 0.0171875
0 0.01015625 0.17890625 0.0203125 0.0109375
0 0.02421875 0.18984375 0.0078125 0.0171875
0 0.08046875 0.1453125 0.0109375 0.025
0 0.86484375 0.2359375 0.0078125 0.025
0 0.87421875 0.240625 0.0078125 0.009375
0 0.88828125 0.17421875 0.0078125 0.0234375
0 0.8921875 0.11171875 0.00625 0.0265625
0 0.99453125 0.2078125 0.0109375 0.0125
0 0.92734375 0.26015625 0.0203125 0.0140625
0 0.8984375 0.334375 0.009375 0.01875
0 0.875 0.3484375 0.009375 0.01875
0 0.8734375 0.43984375 0.009375 0.0234375
0 0.859375 0.48828125 0.0125 0.0203125
0 0.87265625 0.49921875 0.0140625 0.0171875
0 0.86015625 0.51953125 0.0140625 0.0203125
0 0.8625 0.55703125 0.0125 0.0234375
0 0.86640625 0.584375 0.0078125 0.025
0 0.86953125 0.6078125 0.0140625 0.015625
0 0.85859375 0.7265625 0.0078125 0.04375
0 0.85625 0.81328125 0.009375 0.0234375
0 0.86484375 0.81953125 0.0078125 0.0171875
0 0.87265625 0.79765625 0.0078125 0.0109375
0 0.86015625 0.84375 0.0078125 0.015625
0 0.8671875 0.8671875 0.0125 0.028125
0 0.8609375 0.896875 0.00625 0.01875
0 0.87578125 0.971875 0.0078125 0.021875
0 0.8640625 0.9765625 0.009375 0.028125
0 0.13359375 0.83515625 0.0078125 0.0296875
0 0.29921875 0.87265625 0.0078125 0.0265625
0 0.3 0.9296875 0.00625 0.025
0 0.13515625 0.959375 0.0078125 0.021875
