0 0.03671875 0.19921875 0.0109375 0.0234375
0 0.05078125 0.21484375 0.0109375 0.0296875
0 0.04921875 0.32734375 0.0140625 0.0484375
0 0.0515625 0.590625 0.009375 0.021875
0 0.065625 0.6375 0.0125 0.025
0 0.05859375 0.82578125 0.0078125 0.0265625
0 0.06171875 0.79453125 0.0078125 0.0171875
0 0.0703125 0.8609375 0.00625 0.0125
0 0.06875 0.90859375 0.009375 0.0296875
0 0.0671875 0.95859375 0.0125 0.0265625
0 0.7015625 0.05546875 0.009375 0.0171875
0 0.76953125 0.15546875 0.0078125 0.0453125
0 0.77734375 0.20546875 0.0078125 0.0171875
0 0.7625 0.21171875 0.00625 0.0234375
0 0.6453125 0.1421875 0.00625 0.0125
0 0.63125 0.10078125 0.00625 0.0171875
0 0.64609375 0.19296875 0.0078125 0.0328125
0 0.628125 0.2234375 0.00625 0.009375
0 0.64765625 0.2734375 0.0140625 0.021875
0 0.68125 0.32734375 0.00625 0.0328125
0 0.62421875 0.36015625 0.0078125 0.0234375
0 0.70078125 0.371875 0.0140625 0.03125
0 0.7640625 0.41328125 0.009375 0.0234375
0 0.77578125 0.4625 0.0078125 0.015625
0 0.7640625 0.55703125 0.00625 0.0171875
0 0.77265625 0.56875 0.0078125 0.05
0 0.725 0.5703125 0.009375 0.025
0 0.73125 0.6015625 0.009375 0.03125
0 0.73203125 0.63671875 0.0109375 0.0359375
0 0.79765625 0.67421875 0.0140625 0.0234375
0 0.79453125 0.63828125 0.0140625 0.0203125
0 0.76796875 0.6453125 0.0140625 0.01875
0 0.74140625 0.6984375 0.0109375 0.046875
0 0.78046875 0.72734375 0.0109375 0.0234375
0 0.78671875 0.74921875 0.0140625 0.0203125
0 0.75546875 0.7828125 0.0078125 0.025
0 0.7640625 0.78046875 0.00625 0.0265625
0 0.7703125 0.79296875 0.00625 0.0171875
0 0.7796875 0.78203125 0.00625 0.0171875
0 0.77734375 0.79609375 0.0046875 0.0109375
0 0.78203125 0.8046875 0.0046875 0.015625
0 0.79296875 0.80703125 0.0078125 0.0328125
0 0.7828125 0.83828125 0.009375 0.0171875
0 0.77890625 0.88125 0.0078125 0.03125
0 0.76953125 0.8421875 0.0046875 0.009375
0 0.79296875 0.97421875 0.0078125 0.0359375
0 0.78046875 0.99375 0.0109375 0.0125
