0 0.06953125 0.09765625 0.0078125 0.0265625
0 0.06640625 0.21953125 0.0109375 0.0171875
0 0.05390625 0.240625 0.0078125 0.046875
0 0.04453125 0.35859375 0.0078125 0.0234375
0 0.06875 0.35625 0.009375 0.0125
0 0.0671875 0.371875 0.009375 0.015625
0 0.0421875 0.40078125 0.009375 0.0296875
0 0.0546875 0.39375 0.009375 0.028125
0 0.0453125 0.4890625 0.00625 0.028125
0 0.0515625 0.5390625 0.009375 0.0375
0 0.05625 0.6671875 0.0125 0.021875
0 0.0515625 0.696875 0.00625 0.021875
0 0.78046875 0.00546875 0.0109375 0.0109375
0 0.7703125 0.0203125 0.009375 0.021875
0 0.77578125 0.0984375 0.0046875 0.025
0 0.80078125 0.11796875 0.0078125 0.0171875
0 0.790625 0.18046875 0.00625 0.0171875
0 0.78203125 0.2109375 0.0078125 0.025
0 0.76875 0.19453125 0.00625 0.0328125
0 0.77421875 0.184375 0.0046875 0.015625
0 0.64921875 0.10234375 0.0078125 0.0265625
0 0.65625 0.09921875 0.009375 0.0484375
0 0.765625 0.27421875 0.00625 0.0203125
0 0.77890625 0.3421875 0.0078125 0.015625
0 0.76640625 0.34921875 0.0109375 0.0234375
0 0.8109375 0.31171875 0.0125 0.0265625
0 0.76640625 0.39140625 0.0078125 0.0328125
0 0.775 0.5078125 0.009375 0.009375
0 0.7671875 0.5875 0.009375 0.028125
0 0.7796875 0.59765625 0.00625 0.0203125
0 0.76796875 0.6546875 0.0109375 0.01875
