0 0.58671875 0.06953125 0.0140625 0.0359375
0 0.5984375 0.2578125 0.00625 0.01875
0 0.5953125 0.28125 0.00625 0.015625
0 0.58359375 0.3125 0.0078125 0.028125
0 0.5890625 0.46328125 0.00625 0.0171875
0 0.59921875 0.50546875 0.0109375 0.0171875
0 0.596875 0.53671875 0.00625 0.0171875
0 0.60234375 0.640625 0.0109375 0.021875
0 0.60546875 0.68828125 0.0078125 0.0203125
0 0.615625 0.75703125 0.009375 0.0171875
0 0.6046875 0.76796875 0.00625 0.0140625
0 0.615625 0.91640625 0.009375 0.0265625
0 0.6296875 0.996875 0.009375 0.00625
