0 0.028125 0.05078125 0.00625 0.0265625
0 0.0203125 0.046875 0.00625 0.0125
0 0.02265625 0.10859375 0.0078125 0.0171875
0 0.0390625 0.16796875 0.00625 0.0234375
0 0.03203125 0.1890625 0.0078125 0.015625
0 0.02265625 0.1796875 0.0078125 0.021875
0 0.03671875 0.2375 0.0140625 0.04375
0 0.025 0.25703125 0.0125 0.0546875
0 0.02734375 0.33984375 0.0078125 0.0203125
0 0.01953125 0.40703125 0.0078125 0.0265625
0 0.01875 0.44140625 0.009375 0.0328125
0 0.03125 0.46640625 0.0125 0.0171875
0 0.02421875 0.50546875 0.0046875 0.0359375
0 0.0296875 0.52265625 0.00625 0.0234375
0 0.0140625 0.62421875 0.009375 0.0421875
0 0.02734375 0.696875 0.0078125 0.03125
0 0.0171875 0.8109375 0.00625 0.0125
0 0.0234375 0.79375 0.00625 0.028125
0 0.0171875 0.8546875 0.009375 0.01875
0 0.0171875 0.9453125 0.009375 0.025
0 0.009375 0.9890625 0.00625 0.021875
0 0.01640625 0.99921875 0.0078125 0.0015625
0 0.74609375 0.04765625 0.0078125 0.0171875
0 0.7390625 0.0515625 0.00625 0.025
0 0.73671875 0.09140625 0.0109375 0.0390625
0 0.75390625 0.128125 0.0109375 0.03125
0 0.746875 0.18359375 0.0125 0.0515625
0 0.7484375 0.22265625 0.00625 0.0265625
0 0.75625 0.271875 0.009375 0.040625
0 0.74453125 0.2984375 0.0140625 0.034375
0 0.75234375 0.34453125 0.0109375 0.0328125
0 0.740625 0.3921875 0.0125 0.06875
0 0.74765625 0.4875 0.0078125 0.021875
0 0.74453125 0.51796875 0.0140625 0.0390625
0 0.759375 0.55 0.0125 0.065625
0 0.740625 0.6125 0.009375 0.015625
0 0.75859375 0.65 0.0078125 0.025
0 0.7515625 0.653125 0.00625 0.0375
0 0.7390625 0.6609375 0.00625 0.015625
0 0.74921875 0.69921875 0.0109375 0.0453125
0 0.7359375 0.69453125 0.00625 0.0390625
0 0.73984375 0.76015625 0.0078125 0.0203125
0 0.746875 0.76796875 0.00625 0.0171875
0 0.73515625 0.8265625 0.0109375 0.028125
0 0.7515625 0.8296875 0.00625 0.015625
0 0.75859375 0.78984375 0.0078125 0.0109375
0 0.7421875 0.87109375 0.00625 0.0328125
0 0.74921875 0.88828125 0.0046875 0.0203125
0 0.759375 0.88203125 0.009375 0.0328125
0 0.7375 0.903125 0.009375 0.025
0 0.7484375 0.9296875 0.009375 0.0375
0 0.746875 0.96171875 0.009375 0.0140625
