0 0.78515625 0.740625 0.0203125 0.021875
0 0.8296875 0.7171875 0.0125 0.034375
0 0.99921875 0.4734375 0.0015625 0.028125
0 0.63984375 0.7328125 0.0140625 0.025
0 0.65078125 0.728125 0.0109375 0.03125
0 0.87890625 0.60703125 0.0171875 0.0234375
0 0.92109375 0.5390625 0.0109375 0.028125
0 0.9125 0.5375 0.009375 0.025
0 0.70859375 0.85546875 0.0140625 0.0140625
0 0.0984375 0.4859375 0.01875 0.01875
0 0.28359375 0.23359375 0.0140625 0.0296875
0 0.340625 0.1421875 0.015625 0.01875
0 0.903125 0.59921875 0.0125 0.0203125
0 0.878125 0.65 0.0125 0.034375
0 0.98203125 0.4 0.0140625 0.021875
0 0.60546875 0.99765625 0.0171875 0.0046875
0 0.5890625 0.9953125 0.015625 0.009375
0 0.6328125 0.94296875 0.015625 0.0203125
0 0.96484375 0.50546875 0.0203125 0.0203125
0 0.64765625 0.99375 0.0203125 0.0125
0 0.94375 0.4671875 0.009375 0.028125
