0 0.0828125 0.0 0.009375 0.0
0 0.0671875 0.0015625 0.009375 0.003125
0 0.090625 0.04375 0.0125 0.015625
0 0.08359375 0.06796875 0.0109375 0.0140625
0 0.06640625 0.01953125 0.0078125 0.0171875
0 0.10234375 0.07421875 0.0078125 0.0265625
0 0.05546875 0.146875 0.0109375 0.009375
0 0.090625 0.165625 0.009375 0.0125
0 0.1015625 0.1625 0.00625 0.015625
0 0.10546875 0.4296875 0.0140625 0.021875
0 0.11171875 0.50390625 0.0078125 0.0171875
0 0.11328125 0.5671875 0.0109375 0.021875
0 0.1125 0.6078125 0.009375 0.034375
0 0.11171875 0.765625 0.0140625 0.0375
0 0.1015625 0.8265625 0.0125 0.03125
0 0.1 0.94375 0.009375 0.01875
0 0.1140625 0.94140625 0.0125 0.0171875
