0 0.2359375 0.009375 0.0125 0.01875
0 0.240625 0.04296875 0.009375 0.0265625
0 0.23125 0.0578125 0.009375 0.03125
0 0.24765625 0.13359375 0.0078125 0.0265625
0 0.96796875 0.5453125 0.0078125 0.009375
0 0.97109375 0.77421875 0.0078125 0.0203125
0 0.98046875 0.42578125 0.0078125 0.0234375
0 0.9875 0.36328125 0.0125 0.0265625
0 0.99375 0.2828125 0.0125 0.028125
0 0.275 0.99375 0.009375 0.0125
0 0.265625 0.978125 0.0125 0.04375
0 0.2640625 0.9125 0.009375 0.040625
0 0.27265625 0.87734375 0.0140625 0.0203125
0 0.26953125 0.77265625 0.0109375 0.0546875
0 0.2609375 0.7171875 0.009375 0.009375
0 0.2578125 0.70078125 0.00625 0.0171875
0 0.24609375 0.69375 0.0109375 0.01875
0 0.25625 0.53828125 0.009375 0.0203125
0 0.25 0.4796875 0.0125 0.046875
0 0.253125 0.40859375 0.009375 0.0328125
0 0.24140625 0.24609375 0.0078125 0.0296875
