0 0.16484375 0.00390625 0.0109375 0.0078125
0 0.1421875 0.0328125 0.0125 0.015625
0 0.1609375 0.04609375 0.0125 0.0171875
0 0.1578125 0.065625 0.00625 0.015625
0 0.159375 0.09140625 0.00625 0.0140625
0 0.3 0.025 0.00625 0.021875
0 0.30625 0.02734375 0.00625 0.0203125
0 0.3046875 0.1796875 0.0125 0.025
0 0.29453125 0.1984375 0.0109375 0.025
0 0.29765625 0.2421875 0.0078125 0.01875
0 0.30625 0.1171875 0.009375 0.01875
0 0.3140625 0.1109375 0.009375 0.021875
0 0.29140625 0.31015625 0.0109375 0.0203125
0 0.18984375 0.290625 0.0078125 0.0125
0 0.29296875 0.27421875 0.0140625 0.0171875
0 0.1703125 0.29296875 0.009375 0.0140625
0 0.15546875 0.30546875 0.0078125 0.0171875
0 0.14921875 0.28984375 0.0078125 0.0171875
0 0.19375 0.359375 0.009375 0.01875
0 0.26796875 0.36015625 0.0109375 0.0234375
0 0.20078125 0.428125 0.0140625 0.03125
0 0.2 0.4984375 0.009375 0.025
0 0.21875 0.49765625 0.009375 0.0203125
0 0.21640625 0.5515625 0.0109375 0.03125
0 0.21875 0.59296875 0.009375 0.0296875
0 0.2265625 0.5859375 0.00625 0.009375
0 0.20859375 0.63046875 0.0078125 0.0265625
0 0.21796875 0.6203125 0.0109375 0.021875
0 0.20859375 0.9875 0.0140625 0.025
0 0.99453125 0.21015625 0.0109375 0.0171875
