0 0.5125 0.0109375 0.009375 0.021875
0 0.5265625 0.0390625 0.00625 0.021875
0 0.5171875 0.04375 0.009375 0.01875
0 0.52890625 0.12734375 0.0078125 0.0234375
0 0.52578125 0.16171875 0.0078125 0.0453125
0 0.53515625 0.18203125 0.0078125 0.0390625
0 0.5203125 0.2328125 0.00625 0.015625
0 0.54140625 0.29921875 0.0078125 0.0359375
0 0.5234375 0.29921875 0.009375 0.0203125
0 0.5265625 0.3875 0.009375 0.015625
0 0.5453125 0.38828125 0.0125 0.0359375
0 0.54921875 0.46328125 0.0078125 0.0328125
0 0.53125 0.46171875 0.009375 0.0109375
0 0.54296875 0.43359375 0.0078125 0.0109375
0 0.53828125 0.50546875 0.0046875 0.0234375
0 0.5359375 0.5328125 0.00625 0.025
0 0.5546875 0.53984375 0.009375 0.0203125
0 0.54765625 0.56328125 0.0078125 0.0296875
0 0.55234375 0.60625 0.0046875 0.0375
0 0.5578125 0.6046875 0.00625 0.01875
0 0.53984375 0.6171875 0.0078125 0.01875
0 0.53203125 0.61484375 0.0078125 0.0203125
0 0.546875 0.6796875 0.00625 0.015625
0 0.55234375 0.75 0.0046875 0.01875
0 0.56796875 0.815625 0.0078125 0.015625
0 0.565625 0.87890625 0.00625 0.0171875
0 0.56640625 0.92578125 0.0078125 0.0140625
0 0.55234375 0.84765625 0.0078125 0.0203125
0 0.57578125 0.990625 0.0046875 0.01875
