0 0.11328125 0.03046875 0.0109375 0.0265625
0 0.10859375 0.22265625 0.0140625 0.0390625
0 0.11953125 0.390625 0.0171875 0.021875
0 0.12734375 0.72421875 0.0171875 0.0390625
0 0.14296875 0.95234375 0.0265625 0.0390625
0 0.92734375 0.25 0.0265625 0.046875
0 0.93828125 0.40546875 0.0171875 0.0265625
0 0.93828125 0.46796875 0.0171875 0.0390625
0 0.88203125 0.51640625 0.0109375 0.0203125
0 0.94296875 0.540625 0.0203125 0.028125
0 0.953125 0.91015625 0.015625 0.0140625
0 0.96328125 0.9359375 0.0140625 0.028125
