0 0.61640625 0.99921875 0.0109375 0.0015625
0 0.6125 0.0109375 0.009375 0.021875
0 0.61484375 0.1359375 0.0078125 0.01875
0 0.60390625 0.178125 0.0140625 0.040625
0 0.603125 0.22890625 0.009375 0.0359375
0 0.6109375 0.21875 0.009375 0.01875
0 0.61484375 0.3171875 0.0078125 0.03125
0 0.61328125 0.49453125 0.0078125 0.0140625
0 0.60859375 0.54296875 0.0078125 0.0265625
0 0.61953125 0.59140625 0.0109375 0.0359375
0 0.61171875 0.64375 0.0078125 0.028125
0 0.60078125 0.65703125 0.0109375 0.0171875
0 0.603125 0.69375 0.009375 0.028125
0 0.615625 0.71484375 0.0125 0.0296875
0 0.6046875 0.784375 0.009375 0.021875
0 0.60234375 0.85 0.0078125 0.03125
0 0.6171875 0.8953125 0.009375 0.0125
0 0.6203125 0.94296875 0.009375 0.0203125
0 0.60546875 0.98828125 0.0078125 0.0234375
