0 0.3125 0.93671875 0.009375 0.0234375
0 0.44921875 0.165625 0.0171875 0.04375
0 0.453125 0.2296875 0.00625 0.015625
0 0.45234375 0.27890625 0.0078125 0.0140625
0 0.4546875 0.3109375 0.009375 0.01875
0 0.28984375 0.27265625 0.0078125 0.0234375
0 0.29765625 0.2546875 0.0109375 0.025
0 0.29296875 0.34375 0.0109375 0.015625
0 0.45078125 0.36328125 0.0109375 0.0296875
0 0.29453125 0.4265625 0.0078125 0.046875
0 0.30703125 0.46640625 0.0109375 0.0546875
0 0.45078125 0.45859375 0.0078125 0.0171875
0 0.45859375 0.48515625 0.0078125 0.0390625
0 0.453125 0.52109375 0.0125 0.0203125
0 0.296875 0.55703125 0.0125 0.0546875
0 0.2984375 0.6359375 0.009375 0.0375
0 0.3 0.7046875 0.0125 0.0375
0 0.4640625 0.66640625 0.009375 0.0140625
0 0.459375 0.71484375 0.0125 0.0359375
0 0.309375 0.8359375 0.00625 0.025
0 0.31171875 0.9078125 0.0078125 0.01875
0 0.303125 0.9171875 0.009375 0.028125
0 0.3046875 0.96953125 0.00625 0.0140625
0 0.3125 0.9984375 0.009375 0.003125
0 0.4625 0.9984375 0.01875 0.003125
