0 0.5921875 0.1453125 0.009375 0.021875
0 0.58671875 0.23828125 0.0109375 0.0234375
0 0.59609375 0.275 0.0109375 0.028125
0 0.58671875 0.325 0.0078125 0.015625
0 0.5875 0.3453125 0.00625 0.028125
0 0.5953125 0.43359375 0.009375 0.0203125
0 0.58984375 0.46875 0.0078125 0.01875
0 0.5921875 0.51875 0.009375 0.05
0 0.60078125 0.51171875 0.0078125 0.0265625
0 0.590625 0.653125 0.009375 0.034375
0 0.6015625 0.721875 0.00625 0.021875
0 0.59609375 0.7953125 0.0078125 0.025
0 0.6046875 0.99765625 0.00625 0.0046875
0 0.59609375 0.86328125 0.0046875 0.0328125
