0 0.27109375 0.10390625 0.0078125 0.0234375
0 0.25234375 0.20703125 0.0078125 0.0171875
0 0.26796875 0.18671875 0.0078125 0.0203125
0 0.26953125 0.20703125 0.0078125 0.0171875
0 0.2453125 0.2671875 0.00625 0.00625
0 0.2328125 0.290625 0.009375 0.009375
0 0.25546875 0.29140625 0.0046875 0.0140625
0 0.2578125 0.3 0.00625 0.01875
0 0.271875 0.2984375 0.00625 0.025
0 0.26171875 0.340625 0.0078125 0.015625
0 0.26875 0.340625 0.00625 0.0125
0 0.2875 0.35859375 0.00625 0.0171875
0 0.2625 0.51484375 0.00625 0.0140625
0 0.26953125 0.52421875 0.0078125 0.0203125
0 0.2703125 0.5453125 0.009375 0.01875
0 0.2625 0.63359375 0.009375 0.0328125
0 0.271875 0.65 0.00625 0.0125
0 0.265625 0.86171875 0.009375 0.0171875
0 0.27265625 0.70546875 0.0109375 0.0203125
0 0.99921875 0.515625 0.0015625 0.01875
