0 0.2328125 0.0390625 0.015625 0.025
0 0.2328125 0.0015625 0.015625 0.003125
0 0.2453125 0.0109375 0.009375 0.021875
0 0.25 0.034375 0.015625 0.015625
0 0.26328125 0.20859375 0.0109375 0.0234375
0 0.278125 0.246875 0.009375 0.01875
0 0.26640625 0.165625 0.0078125 0.015625
0 0.26171875 0.32578125 0.0109375 0.0234375
0 0.28046875 0.3234375 0.0109375 0.0125
0 0.27734375 0.48671875 0.0078125 0.0171875
0 0.284375 0.58359375 0.009375 0.0265625
0 0.12265625 0.81171875 0.0078125 0.0296875
0 0.2796875 0.88046875 0.009375 0.0203125
0 0.28125 0.9671875 0.00625 0.0125
