0 0.6203125 0.0375 0.00625 0.0125
0 0.6296875 0.01171875 0.009375 0.0234375
0 0.621875 0.0796875 0.009375 0.0125
0 0.63359375 0.1125 0.0109375 0.025
0 0.63046875 0.26953125 0.0078125 0.0203125
0 0.6390625 0.24375 0.009375 0.015625
0 0.62734375 0.33828125 0.0078125 0.0234375
0 0.62578125 0.3625 0.0046875 0.025
0 0.63359375 0.5296875 0.0046875 0.0125
0 0.64140625 0.56015625 0.0078125 0.0171875
0 0.63515625 0.60703125 0.0078125 0.0359375
0 0.64296875 0.765625 0.0078125 0.015625
0 0.64453125 0.86015625 0.0078125 0.0203125
0 0.634375 0.89453125 0.0125 0.0203125
0 0.64296875 0.91328125 0.0078125 0.0109375
0 0.63828125 0.95 0.0078125 0.015625
0 0.63046875 0.9609375 0.0078125 0.021875
0 0.63984375 0.99921875 0.0078125 0.0015625
