0 0.459375 0.1421875 0.00625 0.025
0 0.471875 0.89453125 0.009375 0.0234375
0 0.46171875 0.01015625 0.0109375 0.0203125
0 0.45390625 0.27265625 0.0109375 0.0234375
0 0.46171875 0.30625 0.0140625 0.025
0 0.46171875 0.3953125 0.0171875 0.0375
0 0.4609375 0.44453125 0.009375 0.0234375
0 0.46015625 0.46796875 0.0109375 0.0203125
0 0.459375 0.56875 0.01875 0.025
0 0.4703125 0.6765625 0.009375 0.021875
0 0.46484375 0.7328125 0.0078125 0.01875
0 0.47109375 0.75625 0.0109375 0.025
0 0.46796875 0.79375 0.0171875 0.03125
0 0.46328125 0.94453125 0.0140625 0.0265625
0 0.46640625 0.9859375 0.0109375 0.021875
0 0.46640625 0.99921875 0.0140625 0.0015625
