0 0.471875 0.87734375 0.009375 0.0265625
0 0.465625 0.9328125 0.01875 0.01875
0 0.4703125 0.98046875 0.00625 0.0140625
0 0.47734375 0.79921875 0.0078125 0.0140625
0 0.47734375 0.53671875 0.0078125 0.0109375
0 0.465625 0.01953125 0.015625 0.0390625
0 0.4765625 0.77421875 0.009375 0.0203125
0 0.47890625 0.73828125 0.0046875 0.0203125
0 0.47265625 0.73203125 0.0078125 0.0296875
0 0.47265625 0.65234375 0.0171875 0.0484375
0 0.47578125 0.59921875 0.0109375 0.0171875
0 0.4828125 0.453125 0.0125 0.0375
0 0.4703125 0.33125 0.015625 0.025
0 0.4703125 0.25 0.01875 0.03125
0 0.46640625 0.2046875 0.0140625 0.034375
