0 0.55703125 0.0828125 0.0140625 0.021875
0 0.56953125 0.0046875 0.0109375 0.009375
0 0.72109375 0.159375 0.0109375 0.021875
0 0.72578125 0.2296875 0.0078125 0.015625
0 0.55390625 0.18671875 0.0109375 0.0234375
0 0.55546875 0.2515625 0.0046875 0.015625
0 0.5609375 0.27421875 0.00625 0.0296875
0 0.55625 0.29453125 0.009375 0.0140625
0 0.559375 0.4390625 0.009375 0.021875
0 0.56953125 0.4609375 0.0078125 0.028125
0 0.56171875 0.48828125 0.0078125 0.0234375
0 0.57265625 0.48515625 0.0140625 0.0203125
0 0.73046875 0.5234375 0.0078125 0.01875
0 0.571875 0.559375 0.00625 0.01875
0 0.5640625 0.57421875 0.009375 0.0171875
0 0.56171875 0.54609375 0.0109375 0.0171875
0 0.5640625 0.59375 0.009375 0.015625
0 0.565625 0.61953125 0.0125 0.0234375
0 0.57421875 0.7 0.0140625 0.021875
0 0.73046875 0.6328125 0.0140625 0.03125
0 0.5796875 0.7515625 0.015625 0.03125
0 0.56640625 0.75859375 0.0109375 0.0359375
0 0.58828125 0.9734375 0.0140625 0.03125
