0 0.2515625 0.1296875 0.009375 0.021875
0 0.2421875 0.1375 0.009375 0.015625
0 0.25703125 0.1453125 0.0078125 0.01875
0 0.246875 0.18828125 0.0125 0.0203125
0 0.259375 0.19296875 0.015625 0.0203125
0 0.253125 0.2375 0.0125 0.028125
0 0.26484375 0.3296875 0.0109375 0.046875
0 0.2546875 0.33984375 0.0125 0.0453125
0 0.2546875 0.40390625 0.015625 0.0265625
0 0.259375 0.4734375 0.0125 0.04375
0 0.2671875 0.54609375 0.0125 0.0296875
0 0.2671875 0.64921875 0.0125 0.0734375
0 0.25703125 0.68125 0.0109375 0.0375
0 0.26015625 0.734375 0.0171875 0.04375
0 0.25703125 0.77890625 0.0109375 0.0171875
0 0.2734375 0.77421875 0.0125 0.0234375
0 0.27109375 0.83984375 0.0109375 0.0578125
0 0.2671875 0.9484375 0.0125 0.03125
0 0.2671875 0.97734375 0.015625 0.0171875
0 0.259375 0.99375 0.0125 0.0125
0 0.27578125 0.99765625 0.0171875 0.0046875
