0 0.4515625 0.0 0.009375 0.0
0 0.47109375 0.04140625 0.0078125 0.0140625
0 0.4671875 0.059375 0.00625 0.0125
0 0.4640625 0.0921875 0.00625 0.034375
0 0.4765625 0.12109375 0.009375 0.0203125
0 0.45625 0.14921875 0.00625 0.0484375
0 0.4546875 0.1875 0.00625 0.03125
0 0.47734375 0.2375 0.0078125 0.025
0 0.459375 0.25078125 0.009375 0.0453125
0 0.4765625 0.37890625 0.009375 0.0140625
0 0.46171875 0.39921875 0.0078125 0.0234375
0 0.47421875 0.4421875 0.0109375 0.021875
0 0.4609375 0.5125 0.00625 0.021875
0 0.46796875 0.55390625 0.0109375 0.0171875
0 0.46484375 0.58984375 0.0078125 0.0234375
0 0.47109375 0.6984375 0.0109375 0.025
0 0.46171875 0.71875 0.0078125 0.01875
0 0.47890625 0.8 0.0078125 0.025
0 0.471875 0.83515625 0.009375 0.0203125
0 0.465625 0.85546875 0.00625 0.0140625
0 0.465625 0.92109375 0.009375 0.0421875
0 0.4765625 0.903125 0.00625 0.025
0 0.48359375 0.98984375 0.0078125 0.0203125
