0 0.5609375 0.02890625 0.0125 0.0234375
0 0.55234375 0.03359375 0.0109375 0.0203125
0 0.51171875 0.37734375 0.0109375 0.0203125
0 0.51875 0.53046875 0.0125 0.0265625
0 0.49296875 0.80625 0.0109375 0.01875
0 0.50078125 0.5234375 0.0140625 0.025
0 0.50703125 0.49375 0.0109375 0.025
0 0.53046875 0.3796875 0.0203125 0.034375
0 0.5390625 0.2921875 0.015625 0.03125
0 0.51953125 0.28984375 0.0140625 0.0296875
0 0.55078125 0.11640625 0.0109375 0.0234375
0 0.52421875 0.453125 0.0140625 0.0375
0 0.47578125 0.91484375 0.0078125 0.0171875
