0 0.27890625 0.03359375 0.0171875 0.0359375
0 0.26796875 0.1296875 0.0078125 0.028125
0 0.27734375 0.1265625 0.0078125 0.015625
0 0.4015625 0.121875 0.009375 0.01875
0 0.421875 0.30859375 0.0125 0.0234375
0 0.42109375 0.41484375 0.0140625 0.0265625
0 0.278125 0.48984375 0.0125 0.0234375
0 0.2796875 0.5671875 0.009375 0.021875
0 0.28125 0.6265625 0.0125 0.04375
0 0.4375 0.6484375 0.009375 0.025
0 0.43125 0.59375 0.0125 0.021875
0 0.28515625 0.6953125 0.0109375 0.01875
0 0.43203125 0.7328125 0.0140625 0.025
0 0.28828125 0.78359375 0.0078125 0.0203125
0 0.43984375 0.8375 0.0109375 0.025
0 0.4390625 0.85703125 0.009375 0.0109375
0 0.43359375 0.89296875 0.0140625 0.0296875
0 0.44453125 0.9484375 0.0078125 0.025
0 0.43515625 0.984375 0.0109375 0.03125
0 0.2875 0.953125 0.009375 0.015625
0 0.284375 0.99765625 0.009375 0.0046875
0 0.4046875 0.18125 0.0125 0.034375
0 0.99921875 0.25390625 0.0015625 0.0203125
0 0.99921875 0.31953125 0.0015625 0.0140625
0 0.996875 0.3578125 0.00625 0.01875
0 0.99609375 0.4015625 0.0078125 0.025
0 0.99765625 0.43203125 0.0046875 0.0171875
0 0.996875 0.50546875 0.00625 0.0140625
0 0.99453125 0.56171875 0.0109375 0.0265625
0 0.99921875 0.59375 0.0015625 0.0375
0 0.9984375 0.65078125 0.003125 0.0171875
0 0.9984375 0.7296875 0.003125 0.01875
0 0.99921875 0.8109375 0.0015625 0.015625
