0 0.6046875 0.92890625 0.009375 0.0359375
0 0.59609375 0.91796875 0.0078125 0.0359375
0 0.61015625 0.8328125 0.0109375 0.01875
0 0.61640625 0.79140625 0.0171875 0.0203125
0 0.6203125 0.7421875 0.00625 0.0125
0 0.61328125 0.71640625 0.0109375 0.0171875
0 0.6078125 0.68828125 0.009375 0.0234375
0 0.60703125 0.665625 0.0078125 0.0125
0 0.59140625 0.60859375 0.0078125 0.0109375
0 0.60390625 0.590625 0.0078125 0.025
0 0.6078125 0.48203125 0.009375 0.0234375
0 0.603125 0.44375 0.009375 0.009375
0 0.59609375 0.421875 0.0109375 0.03125
0 0.6046875 0.39375 0.009375 0.021875
0 0.6 0.35390625 0.009375 0.0203125
0 0.59921875 0.3171875 0.0109375 0.015625
0 0.5890625 0.25546875 0.0125 0.0171875
0 0.59453125 0.23046875 0.0078125 0.0171875
0 0.58984375 0.19296875 0.0109375 0.0140625
0 0.575 0.171875 0.015625 0.021875
0 0.59375 0.1 0.009375 0.04375
0 0.57734375 0.0390625 0.0078125 0.0125
0 0.5890625 0.0140625 0.0125 0.021875
0 0.584375 0.0 0.009375 0.0
