0 0.475 0.46953125 0.00625 0.0140625
0 0.4828125 0.64921875 0.00625 0.0109375
0 0.4875 0.740625 0.009375 0.009375
0 0.4875 0.765625 0.009375 0.0125
0 0.48828125 0.69453125 0.0078125 0.0109375
0 0.484375 0.55078125 0.00625 0.0140625
0 0.5 0.5078125 0.015625 0.015625
0 0.478125 0.26796875 0.009375 0.0171875
0 0.48515625 0.96875 0.0109375 0.015625
0 0.48671875 0.95546875 0.0109375 0.0171875
0 0.49375 0.83125 0.0125 0.028125
0 0.47734375 0.5171875 0.0109375 0.021875
0 0.4734375 0.35 0.0125 0.01875
0 0.47109375 0.25859375 0.0078125 0.0109375
0 0.478125 0.2484375 0.0125 0.0125
0 0.47109375 0.11015625 0.0078125 0.0171875
0 0.4703125 0.04140625 0.009375 0.0203125
