0 0.50546875 0.84140625 0.0078125 0.0140625
0 0.49140625 0.2140625 0.0046875 0.0125
0 0.49375 0.20625 0.00625 0.0125
0 0.4875 0.0796875 0.00625 0.015625
0 0.4890625 0.07109375 0.00625 0.0078125
0 0.49921875 0.56015625 0.0078125 0.0171875
0 0.50625 0.7203125 0.00625 0.0125
0 0.51328125 0.73359375 0.0109375 0.0078125
0 0.503125 0.74140625 0.00625 0.0078125
0 0.50078125 0.67578125 0.0078125 0.0203125
0 0.50390625 0.4796875 0.0078125 0.015625
0 0.496875 0.4796875 0.009375 0.01875
0 0.4890625 0.103125 0.009375 0.0125
0 0.48671875 0.053125 0.0078125 0.0125
0 0.48671875 0.04375 0.0078125 0.0125
0 0.49375 0.0359375 0.009375 0.015625
0 0.4921875 0.0234375 0.009375 0.015625
0 0.50546875 0.81796875 0.0078125 0.0171875
