0 0.20234375 0.28671875 0.0140625 0.0234375
0 0.53671875 0.70859375 0.0140625 0.0140625
0 0.3484375 0.4765625 0.015625 0.01875
0 0.159375 0.23203125 0.021875 0.0265625
0 0.028125 0.05625 0.034375 0.04375
0 0.72734375 0.9546875 0.0234375 0.028125
0 0.61171875 0.8 0.0171875 0.015625
0 0.66796875 0.875 0.0171875 0.015625
0 0.29921875 0.40078125 0.0296875 0.0328125
0 0.4234375 0.57109375 0.015625 0.0234375
0 0.478125 0.62890625 0.015625 0.0234375
0 0.56875 0.74296875 0.015625 0.0140625
0 0.4546875 0.60703125 0.015625 0.0234375
0 0.59609375 0.7796875 0.0171875 0.015625
