0 0.77734375 0.725 0.0109375 0.015625
0 0.73046875 0.15546875 0.0109375 0.0171875
0 0.73984375 0.16953125 0.0109375 0.0140625
0 0.78203125 0.7359375 0.0109375 0.015625
0 0.7328125 0.0015625 0.009375 0.003125
0 0.7484375 0.31171875 0.0125 0.0171875
0 0.7453125 0.5203125 0.0125 0.01875
0 0.76640625 0.6625 0.0109375 0.0125
0 0.77265625 0.703125 0.0140625 0.021875
0 0.73984375 0.05703125 0.0109375 0.0171875
0 0.74375 0.26640625 0.009375 0.0171875
0 0.74375 0.378125 0.009375 0.015625
0 0.75546875 0.38125 0.0171875 0.01875
0 0.75390625 0.40078125 0.0171875 0.0234375
0 0.75703125 0.47578125 0.0171875 0.0171875
0 0.75 0.4921875 0.015625 0.015625
0 0.75390625 0.5046875 0.0140625 0.015625
0 0.7671875 0.63046875 0.015625 0.0203125
0 0.74375 0.0953125 0.015625 0.021875
0 0.734375 0.11640625 0.01875 0.0203125
