0 0.06484375 0.99609375 0.0140625 0.0078125
0 0.734375 0.46796875 0.021875 0.0203125
0 0.70078125 0.5890625 0.0171875 0.015625
0 0.71328125 0.275 0.0203125 0.01875
0 0.703125 0.61015625 0.015625 0.0171875
0 0.77578125 0.8984375 0.0109375 0.021875
0 0.83984375 0.78359375 0.0140625 0.0203125
0 0.0546875 0.96796875 0.021875 0.0171875
0 0.80703125 0.98125 0.0140625 0.01875
0 0.7890625 0.95078125 0.015625 0.0328125
0 0.74921875 0.72265625 0.0140625 0.0171875
0 0.75 0.69765625 0.0125 0.0203125
0 0.0109375 0.72890625 0.01875 0.0265625
0 0.04296875 0.8578125 0.0203125 0.028125
