0 0.85859375 0.465625 0.0234375 0.028125
0 0.25703125 0.12109375 0.0234375 0.0265625
0 0.20234375 0.26796875 0.0140625 0.0171875
0 0.21640625 0.25234375 0.0140625 0.0140625
0 0.23515625 0.22421875 0.0171875 0.0171875
0 0.2609375 0.17265625 0.025 0.0265625
0 0.1171875 0.36640625 0.025 0.0234375
0 0.9984375 0.26875 0.003125 0.015625
0 0.021875 0.45625 0.01875 0.021875
0 0.8 0.56640625 0.021875 0.0234375
0 0.8515625 0.490625 0.015625 0.015625
0 0.734375 0.6796875 0.025 0.028125
0 0.6625 0.76875 0.0125 0.01875
0 0.5265625 0.9765625 0.028125 0.0375
