0 0.91484375 0.59375 0.0140625 0.01875
0 0.7375 0.15625 0.015625 0.021875
0 0.815625 0.2109375 0.01875 0.025
0 0.81875 0.25703125 0.01875 0.0203125
0 0.83671875 0.31484375 0.0234375 0.0234375
0 0.8515625 0.4765625 0.01875 0.01875
0 0.803125 0.6796875 0.021875 0.025
0 0.1234375 0.728125 0.01875 0.025
0 0.1078125 0.55 0.015625 0.021875
0 0.07890625 0.38203125 0.0109375 0.0140625
0 0.1234375 0.80078125 0.0125 0.0203125
0 0.03671875 0.2390625 0.0296875 0.034375
0 0.14296875 0.996875 0.0140625 0.00625
0 0.83046875 0.3375 0.0140625 0.0125
0 0.8984375 0.37734375 0.015625 0.0171875
0 0.83203125 0.11171875 0.0171875 0.0109375
0 0.93359375 0.88203125 0.0171875 0.0203125
0 0.88984375 0.41015625 0.0140625 0.0140625
0 0.91484375 0.83203125 0.0203125 0.0140625
0 0.91328125 0.85625 0.0140625 0.015625
0 0.89765625 0.26015625 0.0140625 0.0140625
0 0.90078125 0.78671875 0.0171875 0.0203125
