0 0.07734375 0.0953125 0.0078125 0.015625
0 0.08515625 0.10078125 0.0078125 0.0140625
0 0.06484375 0.53828125 0.0078125 0.0234375
0 0.06171875 0.56796875 0.0046875 0.0328125
0 0.06640625 0.5671875 0.0046875 0.0125
0 0.05859375 0.646875 0.0078125 0.034375
0 0.053125 0.86015625 0.00625 0.0234375
0 0.04296875 0.96640625 0.0109375 0.0203125
0 0.0421875 0.9921875 0.009375 0.015625
0 0.8796875 0.71640625 0.009375 0.0171875
0 0.871875 0.73125 0.009375 0.021875
0 0.8796875 0.73671875 0.00625 0.0140625
0 0.86953125 0.778125 0.0046875 0.015625
0 0.86875 0.796875 0.00625 0.01875
0 0.87265625 0.80546875 0.0046875 0.0171875
0 0.859375 0.80234375 0.0125 0.0171875
0 0.87890625 0.91328125 0.0078125 0.0203125
0 0.85703125 0.8859375 0.0046875 0.01875
0 0.85625 0.91171875 0.00625 0.0296875
0 0.85234375 0.94296875 0.0046875 0.0140625
0 0.878125 0.934375 0.00625 0.009375
0 0.871875 0.99453125 0.00625 0.0109375
0 0.85625 0.9953125 0.009375 0.009375
