0 0.50234375 0.0328125 0.0234375 0.01875
0 0.50703125 0.0609375 0.0140625 0.0125
0 0.5359375 0.0625 0.009375 0.009375
0 0.5328125 0.1234375 0.00625 0.009375
0 0.57109375 0.2328125 0.0078125 0.015625
0 0.578125 0.2625 0.00625 0.009375
0 0.62265625 0.26953125 0.0078125 0.0203125
0 0.6375 0.328125 0.009375 0.025
0 0.66953125 0.39453125 0.0078125 0.0171875
0 0.6671875 0.4734375 0.00625 0.015625
0 0.684375 0.4640625 0.00625 0.015625
0 0.70703125 0.47734375 0.0078125 0.0296875
0 0.69375 0.42734375 0.00625 0.0140625
0 0.72734375 0.625 0.0109375 0.0125
0 0.75078125 0.66328125 0.0078125 0.0203125
0 0.80234375 0.66640625 0.0078125 0.0203125
0 0.75703125 0.61875 0.0078125 0.01875
0 0.7765625 0.62421875 0.009375 0.0140625
0 0.78203125 0.60390625 0.0078125 0.0234375
0 0.8328125 0.759375 0.00625 0.009375
0 0.80703125 0.7453125 0.0078125 0.015625
0 0.83515625 0.8265625 0.0078125 0.015625
0 0.840625 0.84609375 0.009375 0.0140625
0 0.82890625 0.771875 0.0046875 0.00625
0 0.89453125 0.8828125 0.0078125 0.034375
0 0.85625 0.91796875 0.009375 0.0140625
0 0.909375 0.93125 0.009375 0.034375
0 0.92265625 0.93359375 0.0109375 0.0265625
0 0.95 0.98515625 0.009375 0.0296875
0 0.88203125 0.9609375 0.0078125 0.025
0 0.8890625 0.95859375 0.00625 0.0203125
0 0.72734375 0.54375 0.0046875 0.009375
0 0.03125 0.55234375 0.009375 0.0140625
0 0.09453125 0.58515625 0.0109375 0.0171875
0 0.115625 0.646875 0.009375 0.021875
0 0.06328125 0.65625 0.0078125 0.021875
0 0.06640625 0.63828125 0.0046875 0.0078125
0 0.09921875 0.725 0.0109375 0.03125
0 0.13828125 0.82265625 0.0078125 0.0109375
0 0.12734375 0.8234375 0.0109375 0.025
0 0.159375 0.9015625 0.00625 0.028125
0 0.17578125 0.93515625 0.0078125 0.0171875
0 0.02734375 0.42109375 0.0140625 0.0265625
0 0.0 0.4796875 0.0 0.021875
