0 0.9890625 0.6625 0.009375 0.021875
0 0.2890625 0.528125 0.009375 0.015625
0 0.2234375 0.43984375 0.009375 0.0171875
0 0.23828125 0.4828125 0.0078125 0.015625
0 0.31953125 0.46953125 0.0078125 0.0171875
0 0.3140625 0.44609375 0.009375 0.0171875
0 0.27265625 0.6125 0.0109375 0.021875
0 0.375 0.6328125 0.009375 0.01875
0 0.27734375 0.715625 0.0078125 0.015625
0 0.253125 0.7875 0.009375 0.015625
0 0.25859375 0.90546875 0.0078125 0.0171875
0 0.24140625 0.90625 0.0078125 0.015625
0 0.24609375 0.98828125 0.0109375 0.0234375
0 0.2484375 0.83203125 0.009375 0.0109375
0 0.37890625 0.8546875 0.0109375 0.01875
0 0.38828125 0.8359375 0.0109375 0.015625
0 0.25703125 0.93828125 0.0109375 0.0140625
0 0.225 0.72578125 0.0125 0.0234375
0 0.38203125 0.65703125 0.0109375 0.0234375
0 0.39296875 0.984375 0.0109375 0.03125
0 0.2703125 0.67265625 0.0125 0.0234375
0 0.27734375 0.7546875 0.0109375 0.028125
0 0.98515625 0.64609375 0.0078125 0.0234375
