0 0.53828125 0.80546875 0.0046875 0.0109375
0 0.528125 0.85390625 0.00625 0.0078125
0 0.534375 0.8484375 0.00625 0.009375
0 0.54140625 0.83984375 0.0078125 0.0078125
0 0.5078125 0.8921875 0.00625 0.0125
0 0.44609375 0.94296875 0.0078125 0.0078125
0 0.45 0.9203125 0.009375 0.009375
0 0.4703125 0.9078125 0.009375 0.00625
0 0.46171875 0.92265625 0.0109375 0.0078125
0 0.46953125 0.95546875 0.0078125 0.0140625
0 0.41015625 0.9765625 0.0109375 0.0125
0 0.41640625 0.97109375 0.0078125 0.0078125
0 0.446875 0.98671875 0.009375 0.0140625
0 0.40234375 0.98125 0.0078125 0.009375
0 0.57109375 0.81015625 0.0046875 0.0078125
0 0.009375 0.309375 0.01875 0.009375
0 0.11796875 0.17890625 0.0078125 0.0234375
0 0.10234375 0.18203125 0.0078125 0.0203125
0 0.21171875 0.08671875 0.0265625 0.0109375
0 0.0796875 0.15 0.015625 0.00625
0 0.021875 0.240625 0.015625 0.009375
0 0.00546875 0.3046875 0.0109375 0.00625
0 0.1140625 0.28125 0.009375 0.01875
0 0.17421875 0.140625 0.0203125 0.009375
0 0.21875 0.0515625 0.01875 0.009375
0 0.096875 0.23671875 0.009375 0.0171875
0 0.16796875 0.01015625 0.0171875 0.0078125
0 0.2578125 0.08046875 0.01875 0.0078125
