0 0.38984375 0.3140625 0.0046875 0.00625
0 0.32578125 0.3875 0.0109375 0.009375
0 0.26015625 0.25703125 0.0078125 0.0078125
0 0.25390625 0.2640625 0.0078125 0.00625
0 0.25859375 0.29296875 0.0078125 0.0140625
0 0.3875 0.11484375 0.009375 0.0140625
0 0.34296875 0.0375 0.0078125 0.0125
0 0.23125 0.05 0.00625 0.0125
0 0.3890625 0.0109375 0.00625 0.00625
0 0.3796875 0.040625 0.00625 0.0125
0 0.38125 0.06015625 0.00625 0.0109375
0 0.9625 0.13671875 0.00625 0.0140625
0 0.96328125 0.31796875 0.0046875 0.0078125
0 0.95546875 0.33046875 0.0046875 0.0078125
0 0.9625 0.365625 0.003125 0.00625
0 0.9609375 0.3578125 0.003125 0.009375
0 0.96796875 0.35703125 0.0046875 0.0109375
0 0.95625 0.365625 0.00625 0.00625
0 0.95859375 0.38515625 0.0078125 0.0109375
0 0.959375 0.39609375 0.00625 0.0078125
0 0.96484375 0.41640625 0.0078125 0.0171875
0 0.9625 0.02734375 0.009375 0.0203125
0 0.96796875 0.171875 0.0046875 0.009375
0 0.984375 0.5484375 0.00625 0.0125
0 0.959375 0.15546875 0.003125 0.0078125
0 0.97109375 0.23515625 0.0046875 0.0078125
0 0.27109375 0.58671875 0.0078125 0.0203125
0 0.2703125 0.5203125 0.00625 0.0125
0 0.9875 0.5296875 0.003125 0.00625
0 0.99140625 0.54140625 0.0046875 0.0109375
0 0.97421875 0.14453125 0.0046875 0.0109375
0 0.25078125 0.4078125 0.0046875 0.009375
0 0.25625 0.41484375 0.00625 0.0078125
0 0.2375 0.715625 0.00625 0.015625
0 0.3546875 0.99296875 0.009375 0.0140625
0 0.3390625 0.84140625 0.00625 0.0078125
0 0.22578125 0.471875 0.0078125 0.015625
0 0.3890625 0.359375 0.00625 0.009375
0 0.3734375 0.56640625 0.00625 0.0171875
0 0.27890625 0.484375 0.0078125 0.015625
