0 0.96171875 0.19921875 0.0078125 0.0203125
0 0.953125 0.20703125 0.00625 0.0109375
0 0.96640625 0.2125 0.0078125 0.009375
0 0.9984375 0.215625 0.003125 0.00625
0 0.90625 0.084375 0.00625 0.028125
0 0.90390625 0.09140625 0.0046875 0.0140625
0 0.86484375 0.0296875 0.0046875 0.01875
0 0.871875 0.0421875 0.00625 0.0125
0 0.8515625 0.021875 0.00625 0.015625
0 0.928125 0.26484375 0.021875 0.0078125
0 0.73359375 0.26171875 0.0203125 0.0078125
0 0.77421875 0.2640625 0.0171875 0.00625
0 0.65078125 0.25234375 0.0234375 0.0078125
0 0.66875 0.25625 0.0125 0.00625
0 0.61953125 0.25859375 0.0203125 0.0078125
0 0.48515625 0.2578125 0.0265625 0.00625
