0 0.13828125 0.25546875 0.0078125 0.0234375
0 0.12734375 0.271875 0.0046875 0.015625
0 0.13984375 0.3453125 0.0078125 0.025
0 0.140625 0.39765625 0.00625 0.0265625
0 0.09296875 0.7609375 0.0078125 0.009375
0 0.0890625 0.81171875 0.00625 0.0296875
0 0.0953125 0.8234375 0.00625 0.028125
0 0.1015625 0.82890625 0.00625 0.0265625
0 0.0921875 0.9140625 0.009375 0.03125
0 0.83359375 0.09296875 0.0078125 0.0171875
0 0.85 0.16875 0.00625 0.028125
0 0.83984375 0.190625 0.0078125 0.015625
0 0.84921875 0.19375 0.0078125 0.015625
0 0.8515625 0.21015625 0.00625 0.0171875
0 0.85859375 0.26796875 0.0078125 0.0234375
0 0.8578125 0.29921875 0.009375 0.0140625
0 0.840625 0.30234375 0.00625 0.0171875
