0 0.99453125 0.265625 0.0078125 0.0125
0 0.36796875 0.95625 0.0046875 0.0125
0 0.41171875 0.61640625 0.0046875 0.0109375
0 0.3703125 0.6015625 0.00625 0.009375
0 0.3734375 0.334375 0.00625 0.009375
0 0.3875 0.3796875 0.00625 0.0125
0 0.3296875 0.13203125 0.009375 0.0078125
0 0.37421875 0.19453125 0.0046875 0.0109375
0 0.26796875 0.321875 0.0078125 0.0125
0 0.29296875 0.52421875 0.0078125 0.0046875
0 0.3421875 0.51640625 0.00625 0.0078125
0 0.28046875 0.50390625 0.0046875 0.0078125
0 0.2703125 0.48125 0.00625 0.009375
0 0.41484375 0.55859375 0.0078125 0.0078125
0 0.4 0.54375 0.00625 0.009375
0 0.4109375 0.5375 0.00625 0.009375
0 0.35078125 0.70078125 0.0078125 0.0140625
0 0.34609375 0.68671875 0.0078125 0.0078125
0 0.38671875 0.82109375 0.0078125 0.0140625
0 0.41953125 0.89296875 0.0078125 0.0140625
0 0.3140625 0.95859375 0.009375 0.0078125
0 0.29765625 0.88515625 0.0078125 0.0078125
0 0.284375 0.81953125 0.00625 0.0046875
0 0.26640625 0.80859375 0.0078125 0.0078125
0 0.3046875 0.78828125 0.00625 0.0078125
0 0.36015625 0.75234375 0.0109375 0.0171875
