0 0.45390625 0.2828125 0.0203125 0.009375
0 0.22578125 0.2765625 0.0328125 0.009375
0 0.27109375 0.2703125 0.0171875 0.009375
0 0.3171875 0.27109375 0.009375 0.0078125
0 0.346875 0.28046875 0.01875 0.0078125
0 0.45546875 0.2734375 0.0203125 0.009375
0 0.025 0.2359375 0.009375 0.0375
0 0.0015625 0.215625 0.003125 0.00625
0 0.021875 0.265625 0.021875 0.00625
0 0.00703125 0.30625 0.0109375 0.03125
0 0.0921875 0.28046875 0.00625 0.0203125
0 0.11171875 0.27265625 0.0265625 0.0078125
0 0.10859375 0.296875 0.0109375 0.028125
0 0.590625 0.2796875 0.021875 0.009375
0 0.6125 0.28828125 0.0125 0.0078125
0 0.0359375 0.4421875 0.009375 0.04375
0 0.07421875 0.596875 0.0078125 0.021875
0 0.13046875 0.8625 0.0109375 0.028125
0 0.6203125 0.12265625 0.0125 0.0421875
0 0.571875 0.0703125 0.0125 0.025
0 0.71171875 0.07890625 0.0046875 0.0140625
0 0.7125 0.0515625 0.00625 0.015625
0 0.7125 0.140625 0.0125 0.03125
0 0.71328125 0.16875 0.0109375 0.021875
0 0.7140625 0.1921875 0.009375 0.01875
0 0.71171875 0.21484375 0.0078125 0.0140625
0 0.7234375 0.2734375 0.009375 0.021875
0 0.65078125 0.28828125 0.0171875 0.0078125
0 0.90390625 0.28515625 0.0203125 0.0109375
0 0.9234375 0.28984375 0.015625 0.0109375
0 0.83515625 0.3 0.0171875 0.009375
0 0.74765625 0.41796875 0.0109375 0.0203125
0 0.7515625 0.4375 0.00625 0.015625
0 0.75390625 0.47578125 0.0109375 0.0296875
0 0.76640625 0.521875 0.0171875 0.03125
0 0.76171875 0.55546875 0.0109375 0.0234375
0 0.78046875 0.60625 0.0171875 0.040625
0 0.7828125 0.64609375 0.009375 0.0203125
0 0.78984375 0.7359375 0.0078125 0.05
0 0.79921875 0.75625 0.0078125 0.05
0 0.80703125 0.746875 0.0109375 0.01875
0 0.8140625 0.77890625 0.0125 0.0421875
0 0.8296875 0.928125 0.009375 0.015625
0 0.85 0.990625 0.01875 0.01875
