0 0.0984375 0.5859375 0.01875 0.015625
0 0.1609375 0.55078125 0.009375 0.0078125
0 0.13515625 0.44140625 0.0078125 0.0109375
0 0.128125 0.3890625 0.00625 0.009375
0 0.125 0.41484375 0.00625 0.0109375
0 0.1109375 0.16640625 0.00625 0.0109375
0 0.16328125 0.10859375 0.0109375 0.0109375
0 0.22890625 0.96328125 0.0078125 0.0109375
0 0.234375 0.78125 0.009375 0.0125
0 0.23671875 0.83671875 0.0078125 0.0140625
0 0.978125 0.6359375 0.0125 0.0125
0 0.8296875 0.046875 0.00625 0.00625
0 0.84921875 0.1828125 0.0078125 0.009375
0 0.91328125 0.22421875 0.0078125 0.0078125
0 0.82109375 0.3875 0.0046875 0.00625
0 0.8625 0.37734375 0.00625 0.0078125
0 0.8796875 0.46875 0.009375 0.01875
0 0.22421875 0.575 0.0078125 0.01875
0 0.2421875 0.71015625 0.00625 0.0109375
0 0.21796875 0.69296875 0.0109375 0.0234375
0 0.2125 0.64609375 0.0125 0.0234375
0 0.20703125 0.66328125 0.0109375 0.0203125
0 0.8078125 0.7875 0.009375 0.0125
0 0.8078125 0.884375 0.00625 0.00625
0 0.87265625 0.8109375 0.0078125 0.0125
0 0.9578125 0.9046875 0.009375 0.015625
0 0.965625 0.91796875 0.00625 0.0140625
0 0.9390625 0.90546875 0.009375 0.0171875
