0 0.2828125 0.36171875 0.00625 0.0078125
0 0.3359375 0.571875 0.003125 0.00625
0 0.23203125 0.14765625 0.0046875 0.0078125
0 0.38671875 0.084375 0.0046875 0.009375
0 0.33203125 0.13359375 0.0078125 0.0078125
0 0.38125 0.13828125 0.00625 0.0078125
0 0.97421875 0.05390625 0.0046875 0.0109375
0 0.96171875 0.06171875 0.0046875 0.0109375
0 0.96015625 0.04296875 0.0046875 0.0078125
0 0.9921875 0.9453125 0.00625 0.009375
0 0.99296875 0.85078125 0.0046875 0.0078125
0 0.98515625 0.5546875 0.0046875 0.0125
0 0.984375 0.44453125 0.00625 0.0109375
0 0.9640625 0.17109375 0.00625 0.0140625
0 0.2765625 0.3640625 0.00625 0.00625
0 0.33125 0.6734375 0.00625 0.00625
0 0.27734375 0.65625 0.0046875 0.00625
0 0.4203125 0.91328125 0.00625 0.0078125
0 0.36875 0.95859375 0.00625 0.0171875
0 0.37890625 0.94296875 0.0046875 0.0140625
0 0.42109375 0.853125 0.0046875 0.00625
0 0.4125 0.5375 0.00625 0.015625
0 0.403125 0.39921875 0.00625 0.0109375
0 0.37578125 0.22578125 0.0046875 0.0109375
0 0.98515625 0.72578125 0.0078125 0.0140625
0 0.965625 0.0421875 0.003125 0.0125
0 0.9734375 0.04140625 0.003125 0.0078125
