0 0.28203125 0.00234375 0.0078125 0.0046875
0 0.33984375 0.08359375 0.0078125 0.0171875
0 0.32109375 0.1265625 0.0078125 0.015625
0 0.28984375 0.109375 0.0046875 0.009375
0 0.32578125 0.159375 0.0046875 0.009375
0 0.3296875 0.1375 0.00625 0.0125
0 0.3265625 0.1484375 0.00625 0.009375
0 0.31875 0.153125 0.00625 0.009375
0 0.35234375 0.19453125 0.0046875 0.0078125
0 0.35546875 0.2015625 0.0046875 0.00625
0 0.36015625 0.20859375 0.0078125 0.0109375
0 0.36640625 0.2125 0.0046875 0.009375
0 0.28359375 0.22421875 0.0046875 0.0078125
0 0.2828125 0.23359375 0.00625 0.0078125
0 0.296875 0.24375 0.00625 0.0125
0 0.296875 0.2546875 0.00625 0.009375
0 0.3453125 0.29921875 0.015625 0.0171875
0 0.30625 0.31640625 0.015625 0.0171875
0 0.28984375 0.3265625 0.0140625 0.009375
0 0.2734375 0.43828125 0.00625 0.0140625
0 0.25546875 0.4328125 0.0078125 0.00625
0 0.27265625 0.48046875 0.0078125 0.0109375
0 0.23359375 0.57578125 0.0046875 0.0109375
0 0.23515625 0.5875 0.0046875 0.0125
0 0.27734375 0.71484375 0.0046875 0.0109375
0 0.275 0.725 0.00625 0.009375
0 0.2734375 0.73515625 0.00625 0.0109375
0 0.24375 0.8171875 0.0125 0.015625
0 0.9859375 0.02890625 0.00625 0.0140625
0 0.9921875 0.02734375 0.00625 0.0109375
0 0.99296875 0.040625 0.0078125 0.0125
0 0.9890625 0.11796875 0.00625 0.0140625
0 0.9828125 0.13046875 0.00625 0.0171875
0 0.9828125 0.21015625 0.00625 0.0140625
0 0.99296875 0.21328125 0.0109375 0.0171875
0 0.9765625 0.25703125 0.003125 0.0109375
0 0.97890625 0.26875 0.0046875 0.0125
0 0.98046875 0.31953125 0.0046875 0.0140625
0 0.25703125 0.9953125 0.0046875 0.009375
