0 0.52421875 0.9875 0.0109375 0.021875
0 0.48671875 0.9125 0.0109375 0.025
0 0.5109375 0.9421875 0.00625 0.015625
0 0.48046875 0.88125 0.0078125 0.015625
0 0.43203125 0.78515625 0.0078125 0.0140625
0 0.4171875 0.7578125 0.00625 0.015625
0 0.4171875 0.7328125 0.00625 0.01875
0 0.415625 0.7078125 0.00625 0.01875
0 0.3421875 0.5890625 0.01875 0.01875
0 0.24375 0.2875 0.01875 0.021875
0 0.19140625 0.19453125 0.0234375 0.0203125
0 0.496875 0.98125 0.009375 0.01875
0 0.46484375 0.828125 0.0078125 0.009375
