0 0.578125 0.95546875 0.00625 0.0234375
0 0.584375 0.953125 0.00625 0.021875
0 0.590625 0.98046875 0.00625 0.0109375
0 0.62109375 0.9421875 0.0078125 0.025
0 0.70390625 0.97578125 0.0078125 0.0140625
0 0.60078125 0.8328125 0.0046875 0.015625
0 0.6046875 0.84375 0.003125 0.009375
0 0.5859375 0.765625 0.009375 0.021875
0 0.58515625 0.78125 0.0078125 0.009375
0 0.5875 0.79453125 0.009375 0.0140625
0 0.56171875 0.6546875 0.0078125 0.0125
0 0.56953125 0.65078125 0.0078125 0.0140625
0 0.578125 0.64296875 0.00625 0.0203125
0 0.58515625 0.6828125 0.0109375 0.021875
0 0.571875 0.53359375 0.00625 0.0078125
0 0.5640625 0.54140625 0.00625 0.0171875
0 0.5578125 0.5421875 0.00625 0.021875
0 0.55078125 0.53046875 0.0046875 0.0109375
0 0.57890625 0.57890625 0.0109375 0.0234375
0 0.56328125 0.43515625 0.0109375 0.0234375
0 0.5609375 0.390625 0.009375 0.028125
0 0.55859375 0.32109375 0.0078125 0.0203125
0 0.55703125 0.28671875 0.0078125 0.0140625
0 0.57265625 0.29765625 0.0078125 0.0203125
0 0.56640625 0.29609375 0.0046875 0.0140625
0 0.57421875 0.2453125 0.0046875 0.015625
0 0.58203125 0.10078125 0.0046875 0.0171875
0 0.5765625 0.0921875 0.00625 0.021875
