0 0.103125 0.14453125 0.003125 0.0078125
0 0.10078125 0.153125 0.0046875 0.00625
0 0.08046875 0.17734375 0.0046875 0.0078125
0 0.08984375 0.1578125 0.0046875 0.009375
0 0.07109375 0.171875 0.0046875 0.00625
0 0.0578125 0.19609375 0.00625 0.0046875
0 0.0640625 0.1828125 0.003125 0.00625
0 0.0765625 0.19375 0.00625 0.00625
0 0.16171875 0.19609375 0.0078125 0.0046875
0 0.19375 0.1828125 0.003125 0.009375
0 0.196875 0.16953125 0.003125 0.0078125
0 0.14453125 0.04375 0.0046875 0.009375
0 0.146875 0.02890625 0.00625 0.0109375
0 0.509375 0.1859375 0.009375 0.009375
0 0.63046875 0.16484375 0.0109375 0.0078125
0 0.7609375 0.16484375 0.0125 0.0078125
