0 0.3640625 0.46796875 0.009375 0.0171875
0 0.35390625 0.478125 0.0078125 0.015625
0 0.39140625 0.73828125 0.0078125 0.0203125
0 0.384375 0.7890625 0.0125 0.01875
0 0.4 0.99140625 0.0125 0.0171875
0 0.31484375 0.15703125 0.0078125 0.0140625
0 0.47109375 0.8078125 0.0078125 0.021875
0 0.4015625 0.7796875 0.009375 0.01875
0 0.36015625 0.42734375 0.0078125 0.0203125
0 0.4296875 0.4296875 0.0125 0.015625
0 0.32421875 0.05234375 0.0078125 0.0109375
0 0.3625 0.58125 0.015625 0.01875
0 0.40078125 0.9484375 0.0109375 0.01875
0 0.42109375 0.9234375 0.0078125 0.015625
0 0.4015625 0.86328125 0.009375 0.0234375
0 0.47109375 0.690625 0.0078125 0.015625
0 0.3609375 0.6328125 0.015625 0.021875
0 0.33984375 0.38828125 0.0109375 0.0265625
0 0.384375 0.00546875 0.009375 0.0109375
0 0.32265625 0.08984375 0.0109375 0.0203125
