0 0.10625 0.0 0.015625 0.0
0 0.10390625 0.02109375 0.0109375 0.0296875
0 0.1171875 0.0328125 0.00625 0.0125
0 0.12265625 0.06875 0.0109375 0.015625
0 0.10625 0.125 0.009375 0.021875
0 0.10546875 0.14921875 0.0078125 0.0234375
0 0.11640625 0.15546875 0.0046875 0.0140625
0 0.121875 0.1515625 0.00625 0.025
0 0.9140625 0.009375 0.009375 0.01875
0 0.93203125 0.00078125 0.0078125 0.0015625
0 0.93671875 0.021875 0.0078125 0.015625
0 0.9203125 0.0515625 0.009375 0.040625
0 0.928125 0.071875 0.009375 0.040625
0 0.93125 0.1359375 0.009375 0.028125
0 0.93125 0.19375 0.009375 0.009375
