0 0.0046875 0.3390625 0.009375 0.025
0 0.00625 0.315625 0.00625 0.021875
0 0.01328125 0.321875 0.0078125 0.021875
0 0.1203125 0.309375 0.034375 0.00625
0 0.16328125 0.29921875 0.0171875 0.0078125
0 0.21171875 0.29765625 0.0078125 0.0078125
0 0.2390625 0.3046875 0.01875 0.00625
0 0.35234375 0.2875 0.0203125 0.009375
0 0.35 0.29609375 0.015625 0.0078125
0 0.4859375 0.284375 0.01875 0.009375
0 0.5078125 0.28984375 0.009375 0.0078125
0 0.6171875 0.26796875 0.009375 0.0203125
0 0.60234375 0.2109375 0.0046875 0.0125
0 0.6015625 0.18984375 0.00625 0.0171875
0 0.5953125 0.1359375 0.009375 0.025
0 0.60234375 0.165625 0.0046875 0.015625
0 0.5015625 0.1265625 0.009375 0.040625
0 0.45234375 0.0765625 0.0203125 0.015625
0 0.65859375 0.28359375 0.0078125 0.0078125
0 0.7984375 0.26328125 0.01875 0.0078125
0 0.67890625 0.5453125 0.0078125 0.01875
0 0.6984375 0.59375 0.0125 0.0375
0 0.70703125 0.634375 0.0078125 0.015625
0 0.7203125 0.71171875 0.00625 0.0234375
0 0.728125 0.7390625 0.009375 0.03125
0 0.6546875 0.41171875 0.009375 0.0234375
0 0.65703125 0.4296875 0.0078125 0.0125
0 0.6640625 0.4671875 0.0125 0.03125
0 0.6796875 0.51171875 0.0125 0.0296875
0 0.73828125 0.73359375 0.0078125 0.0203125
0 0.74765625 0.765625 0.0109375 0.04375
0 0.771875 0.875 0.009375 0.01875
0 0.77421875 0.9109375 0.0078125 0.0125
0 0.80234375 0.98125 0.0140625 0.0375
0 0.07265625 0.90390625 0.0171875 0.0328125
