0 0.01484375 0.13515625 0.0046875 0.0203125
0 0.02109375 0.14375 0.0046875 0.015625
0 0.025 0.11015625 0.00625 0.0109375
0 0.0171875 0.20703125 0.009375 0.0265625
0 0.0546875 0.2328125 0.0125 0.009375
0 0.0015625 0.46796875 0.003125 0.0203125
0 0.0109375 0.49921875 0.009375 0.0203125
0 0.009375 0.5203125 0.00625 0.015625
0 0.0078125 0.5546875 0.00625 0.028125
0 0.0125 0.621875 0.009375 0.021875
0 0.0203125 0.6609375 0.00625 0.009375
0 0.021875 0.7 0.00625 0.015625
0 0.07109375 0.7515625 0.0078125 0.015625
0 0.0171875 0.80390625 0.00625 0.0171875
0 0.01953125 0.81640625 0.0046875 0.0078125
0 0.07109375 0.8171875 0.0046875 0.01875
0 0.02734375 0.8765625 0.0078125 0.01875
0 0.028125 0.890625 0.00625 0.009375
0 0.02265625 0.9875 0.0078125 0.025
0 0.03125 0.98984375 0.00625 0.0109375
0 0.6546875 0.10859375 0.009375 0.0203125
0 0.6671875 0.021875 0.009375 0.040625
0 0.67265625 0.159375 0.0078125 0.015625
0 0.66953125 0.21640625 0.0046875 0.0140625
0 0.66796875 0.23046875 0.0046875 0.0140625
0 0.66484375 0.2484375 0.0109375 0.021875
0 0.67890625 0.284375 0.0046875 0.0125
0 0.67578125 0.3328125 0.0046875 0.015625
0 0.66484375 0.34453125 0.0078125 0.0140625
0 0.6515625 0.31484375 0.00625 0.0171875
0 0.66015625 0.40546875 0.0078125 0.0109375
0 0.63125 0.39140625 0.00625 0.0046875
0 0.6375 0.57890625 0.00625 0.0140625
0 0.67421875 0.63125 0.0078125 0.01875
0 0.66796875 0.68359375 0.0046875 0.0140625
0 0.678125 0.7640625 0.00625 0.015625
0 0.68359375 0.8515625 0.0109375 0.028125
0 0.64921875 0.8375 0.0078125 0.015625
0 0.6703125 0.83515625 0.00625 0.0171875
0 0.68203125 0.925 0.0046875 0.009375
0 0.65546875 0.99765625 0.0078125 0.0046875
0 0.684375 0.99609375 0.003125 0.0078125
0 0.68984375 0.9734375 0.0046875 0.01875
0 0.69609375 0.98203125 0.0046875 0.0171875
