0 0.02734375 0.340625 0.0078125 0.021875
0 0.0515625 0.81015625 0.00625 0.0203125
0 0.04921875 0.78671875 0.0078125 0.0234375
0 0.15859375 0.8328125 0.0078125 0.03125
0 0.0484375 0.7078125 0.00625 0.015625
0 0.0234375 0.1 0.00625 0.0125
0 0.01796875 0.1140625 0.0078125 0.015625
0 0.03046875 0.484375 0.0078125 0.03125
0 0.1453125 0.61796875 0.009375 0.0171875
0 0.1765625 0.8484375 0.00625 0.009375
0 0.15546875 0.9609375 0.0078125 0.01875
0 0.05859375 0.84921875 0.0078125 0.0109375
0 0.0265625 0.42109375 0.00625 0.0140625
