0 0.2421875 0.1171875 0.009375 0.015625
0 0.24765625 0.1609375 0.0078125 0.01875
0 0.24609375 0.17734375 0.0078125 0.0109375
0 0.2453125 0.21328125 0.00625 0.0171875
0 0.2484375 0.2265625 0.00625 0.009375
0 0.290625 0.2953125 0.00625 0.015625
0 0.259375 0.2984375 0.00625 0.0125
0 0.2546875 0.29765625 0.003125 0.0078125
0 0.2484375 0.30546875 0.00625 0.0109375
0 0.25 0.415625 0.00625 0.015625
0 0.2609375 0.42890625 0.00625 0.0078125
0 0.26796875 0.4359375 0.0078125 0.0125
0 0.19453125 0.55546875 0.0078125 0.0203125
0 0.22734375 0.55 0.0078125 0.01875
0 0.21640625 0.0734375 0.0109375 0.015625
0 0.2375 0.5640625 0.00625 0.015625
0 0.3140625 0.515625 0.00625 0.009375
0 0.23046875 0.6734375 0.0078125 0.015625
0 0.21875 0.6796875 0.00625 0.0125
0 0.240625 0.734375 0.00625 0.015625
0 0.225 0.82265625 0.009375 0.0078125
0 0.23984375 0.921875 0.0046875 0.0125
0 0.23359375 0.9375 0.0046875 0.00625
0 0.246875 0.93046875 0.00625 0.0140625
0 0.24609375 0.940625 0.0046875 0.00625
0 0.23671875 0.971875 0.0078125 0.0125
0 0.2375 0.98359375 0.00625 0.0109375
0 0.2390625 0.99609375 0.00625 0.0078125
0 0.346875 0.88125 0.00625 0.0125
0 0.9484375 0.1640625 0.00625 0.015625
0 0.940625 0.1640625 0.00625 0.0125
0 0.94609375 0.090625 0.0046875 0.009375
0 0.953125 0.27109375 0.00625 0.0140625
0 0.97109375 0.3484375 0.0046875 0.015625
0 0.9984375 0.46796875 0.003125 0.0203125
