0 0.63046875 0.33515625 0.0203125 0.0078125
0 0.67109375 0.3328125 0.0234375 0.00625
0 0.55234375 0.334375 0.0328125 0.00625
0 0.51796875 0.340625 0.0203125 0.00625
0 0.82578125 0.3234375 0.0265625 0.00625
0 0.90703125 0.35859375 0.0109375 0.0234375
0 0.85703125 0.259375 0.0109375 0.025
0 0.84609375 0.2671875 0.0078125 0.015625
0 0.878125 0.26796875 0.0125 0.0109375
0 0.8921875 0.26640625 0.00625 0.0078125
0 0.91640625 0.28671875 0.0109375 0.0390625
0 0.78515625 0.14765625 0.0109375 0.0234375
0 0.74609375 0.1 0.0078125 0.034375
0 0.9890625 0.325 0.00625 0.01875
0 0.99921875 0.3390625 0.0015625 0.025
