0 0.12421875 0.52734375 0.0140625 0.0359375
0 0.80078125 0.00078125 0.0109375 0.0015625
0 0.81015625 0.1015625 0.0109375 0.025
0 0.82265625 0.15078125 0.0109375 0.0234375
0 0.81640625 0.16953125 0.0109375 0.0140625
0 0.825 0.31484375 0.00625 0.0171875
0 0.8296875 0.34375 0.009375 0.028125
0 0.84140625 0.42890625 0.0078125 0.0171875
0 0.84296875 0.4484375 0.0078125 0.01875
0 0.84296875 0.49453125 0.0109375 0.0234375
0 0.8453125 0.6296875 0.00625 0.01875
0 0.853125 0.66953125 0.009375 0.0265625
0 0.86015625 0.83203125 0.0078125 0.0203125
0 0.853125 0.83046875 0.00625 0.0140625
0 0.8609375 0.87890625 0.009375 0.0234375
0 0.8546875 0.909375 0.0125 0.034375
