0 0.4875 0.29609375 0.009375 0.0078125
0 0.47734375 0.30625 0.0140625 0.0125
0 0.478125 0.28984375 0.00625 0.0078125
0 0.465625 0.06875 0.015625 0.015625
0 0.3953125 0.15703125 0.015625 0.0078125
0 0.40625 0.16015625 0.009375 0.0203125
0 0.34453125 0.21796875 0.0171875 0.0078125
0 0.2828125 0.3 0.015625 0.00625
0 0.17421875 0.45078125 0.0203125 0.0078125
0 0.20859375 0.40703125 0.0203125 0.0078125
0 0.30546875 0.53046875 0.0171875 0.0109375
0 0.39453125 0.415625 0.0171875 0.009375
0 0.40234375 0.4 0.0140625 0.00625
0 0.428125 0.109375 0.021875 0.00625
0 0.63984375 0.078125 0.0203125 0.00625
0 0.64296875 0.08359375 0.0265625 0.0078125
0 0.66171875 0.0640625 0.0171875 0.00625
0 0.63046875 0.10546875 0.0140625 0.0046875
0 0.69140625 0.02109375 0.0234375 0.0078125
0 0.678125 0.0375 0.0125 0.00625
