0 0.940625 0.1453125 0.003125 0.00625
0 0.9234375 0.109375 0.003125 0.00625
0 0.940625 0.1921875 0.003125 0.00625
0 0.94140625 0.1984375 0.0046875 0.00625
0 0.94375 0.2046875 0.003125 0.00625
0 0.9546875 0.38203125 0.00625 0.0109375
0 0.925 0.4625 0.00625 0.009375
0 0.92421875 0.47109375 0.0046875 0.0078125
0 0.9234375 0.48125 0.00625 0.009375
0 0.92109375 0.4890625 0.0046875 0.00625
0 0.9640625 0.61015625 0.003125 0.0078125
0 0.9640625 0.6171875 0.00625 0.00625
0 0.96484375 0.625 0.0046875 0.00625
0 0.92578125 0.71875 0.0046875 0.009375
0 0.92421875 0.76171875 0.0078125 0.0140625
0 0.94296875 0.76640625 0.0078125 0.0078125
0 0.8984375 0.82109375 0.00625 0.0140625
0 0.915625 0.9703125 0.00625 0.0125
0 0.909375 0.87265625 0.0125 0.0109375
0 0.8921875 0.884375 0.0125 0.015625
0 0.8546875 0.89921875 0.015625 0.0140625
0 0.83203125 0.9859375 0.0046875 0.00625
0 0.83828125 0.99296875 0.0078125 0.0109375
0 0.84453125 0.99921875 0.0046875 0.0015625
0 0.21640625 0.990625 0.0078125 0.009375
0 0.2078125 0.98359375 0.00625 0.0171875
0 0.22265625 0.9421875 0.0046875 0.009375
0 0.221875 0.93203125 0.00625 0.0109375
0 0.21875 0.87890625 0.009375 0.0140625
0 0.07265625 0.78984375 0.0046875 0.0046875
0 0.07734375 0.78359375 0.0046875 0.0078125
0 0.071875 0.784375 0.00625 0.00625
0 0.07421875 0.775 0.0078125 0.009375
0 0.06640625 0.7609375 0.0046875 0.009375
0 0.06953125 0.7515625 0.0046875 0.009375
0 0.07421875 0.7078125 0.0046875 0.009375
0 0.08671875 0.534375 0.0046875 0.00625
0 0.1359375 0.49296875 0.00625 0.0046875
0 0.13984375 0.50234375 0.0046875 0.0109375
0 0.128125 0.20390625 0.00625 0.0109375
0 0.125 0.4125 0.003125 0.009375
0 0.13515625 0.43515625 0.0046875 0.0078125
0 0.13359375 0.428125 0.0046875 0.00625
0 0.12109375 0.3796875 0.0046875 0.009375
0 0.11953125 0.36875 0.0046875 0.0125
0 0.11953125 0.359375 0.0046875 0.00625
0 0.11953125 0.35078125 0.0078125 0.0078125
0 0.11015625 0.325 0.0046875 0.009375
