0 0.3234375 0.09375 0.00625 0.009375
0 0.325 0.0515625 0.00625 0.00625
0 0.3515625 0.36796875 0.00625 0.0109375
0 0.43046875 0.42890625 0.0046875 0.0078125
0 0.353125 0.47578125 0.00625 0.0078125
0 0.36484375 0.4671875 0.0046875 0.009375
0 0.36328125 0.58125 0.0078125 0.0125
0 0.36015625 0.54375 0.0078125 0.00625
0 0.35078125 0.53984375 0.0046875 0.0078125
0 0.36015625 0.63359375 0.0109375 0.0140625
0 0.390625 0.7390625 0.00625 0.0125
0 0.39140625 0.9015625 0.0046875 0.009375
0 0.4 0.99296875 0.00625 0.0109375
