0 0.80234375 0.00390625 0.0140625 0.0078125
0 0.809375 0.10234375 0.0125 0.0234375
0 0.8234375 0.14921875 0.009375 0.0203125
0 0.81484375 0.16796875 0.0109375 0.0171875
0 0.834375 0.21328125 0.009375 0.0359375
0 0.82578125 0.20859375 0.0078125 0.0265625
0 0.815625 0.20859375 0.009375 0.0171875
0 0.83359375 0.275 0.0140625 0.028125
0 0.8265625 0.31328125 0.00625 0.0140625
0 0.82890625 0.3421875 0.0078125 0.025
0 0.84140625 0.4265625 0.0078125 0.015625
0 0.840625 0.4953125 0.0125 0.021875
0 0.84140625 0.44921875 0.0109375 0.0203125
0 0.84453125 0.62734375 0.0078125 0.0171875
0 0.8515625 0.66796875 0.009375 0.0234375
0 0.83515625 0.53828125 0.0109375 0.0234375
0 0.85 0.57890625 0.015625 0.0421875
0 0.85078125 0.82890625 0.0046875 0.0140625
0 0.85859375 0.8296875 0.0078125 0.025
0 0.853125 0.90546875 0.009375 0.0234375
0 0.8609375 0.8796875 0.0125 0.025
0 0.865625 0.99921875 0.009375 0.0015625
