0 0.27109375 0.7171875 0.0078125 0.0125
0 0.3421875 0.6828125 0.009375 0.0125
0 0.38203125 0.5546875 0.0046875 0.009375
0 0.37421875 0.521875 0.0046875 0.009375
0 0.4125 0.59375 0.00625 0.009375
0 0.97890625 0.76171875 0.0046875 0.0078125
0 0.990625 0.61953125 0.00625 0.0140625
0 0.99140625 0.25234375 0.0078125 0.0109375
0 0.42109375 0.28671875 0.0078125 0.0078125
0 0.3625 0.071875 0.00625 0.0125
0 0.353125 0.06796875 0.00625 0.0140625
0 0.3421875 0.07890625 0.009375 0.0171875
0 0.33046875 0.52578125 0.0046875 0.0078125
0 0.28125 0.634375 0.00625 0.00625
0 0.984375 0.6421875 0.00625 0.015625
0 0.984375 0.471875 0.00625 0.015625
0 0.42109375 0.3421875 0.0078125 0.015625
0 0.41328125 0.6609375 0.0078125 0.015625
0 0.3765625 0.9734375 0.00625 0.015625
0 0.3359375 0.628125 0.00625 0.009375
0 0.27734375 0.5421875 0.0046875 0.00625
0 0.31171875 0.4421875 0.0046875 0.00625
0 0.30234375 0.39921875 0.0109375 0.0140625
0 0.28984375 0.38515625 0.0046875 0.0078125
0 0.30546875 0.41328125 0.0078125 0.0109375
0 0.36328125 0.2140625 0.0046875 0.00625
0 0.3578125 0.2078125 0.003125 0.00625
0 0.3875 0.18046875 0.00625 0.0078125
0 0.38515625 0.1875 0.0046875 0.00625
0 0.3796875 0.25546875 0.00625 0.0140625
0 0.3390625 0.98046875 0.00625 0.0109375
