0 0.04375 0.1625 0.00625 0.009375
0 0.0734375 0.2015625 0.0125 0.0125
0 0.01015625 0.18515625 0.0078125 0.0140625
0 0.0015625 0.1546875 0.003125 0.00625
0 0.01875 0.1796875 0.00625 0.028125
0 0.04765625 0.25390625 0.0078125 0.0171875
0 0.06484375 0.27890625 0.0078125 0.0265625
0 0.059375 0.29609375 0.00625 0.0296875
0 0.04453125 0.28359375 0.0078125 0.0109375
0 0.05703125 0.33125 0.0109375 0.01875
0 0.11640625 0.4265625 0.0078125 0.040625
0 0.15703125 0.40390625 0.0078125 0.0234375
0 0.14921875 0.4421875 0.0078125 0.028125
0 0.14140625 0.43984375 0.0078125 0.0328125
0 0.16640625 0.53046875 0.0078125 0.0296875
0 0.16953125 0.56640625 0.0109375 0.0265625
0 0.18359375 0.58359375 0.0109375 0.0359375
0 0.17109375 0.60078125 0.0078125 0.0109375
0 0.1 0.5390625 0.00625 0.01875
0 0.1046875 0.5625 0.009375 0.0125
0 0.12734375 0.59140625 0.0078125 0.0203125
0 0.13984375 0.6109375 0.0046875 0.021875
0 0.18125 0.64296875 0.009375 0.0140625
0 0.071875 0.44296875 0.009375 0.0171875
0 0.0640625 0.45390625 0.00625 0.0109375
0 0.07734375 0.5078125 0.0078125 0.015625
0 0.10234375 0.3515625 0.0078125 0.0125
0 0.10703125 0.34296875 0.0078125 0.0171875
