0 0.37890625 0.00859375 0.0109375 0.0078125
0 0.3703125 0.0125 0.0125 0.009375
0 0.3640625 0.02109375 0.009375 0.0109375
0 0.34921875 0.04296875 0.0109375 0.0140625
0 0.41328125 0.06796875 0.0078125 0.0140625
0 0.41796875 0.05546875 0.0078125 0.0109375
0 0.42421875 0.0453125 0.0109375 0.0125
0 0.4328125 0.025 0.0125 0.015625
0 0.4109375 0.0421875 0.009375 0.0125
0 0.31328125 0.1125 0.0078125 0.0125
0 0.3203125 0.1203125 0.00625 0.015625
0 0.3421875 0.11484375 0.0125 0.0140625
0 0.07890625 0.45 0.0109375 0.009375
0 0.08359375 0.44140625 0.0109375 0.0078125
0 0.14296875 0.37421875 0.0109375 0.0109375
0 0.16640625 0.35390625 0.0078125 0.0109375
0 0.19921875 0.3140625 0.0109375 0.009375
0 0.20859375 0.3046875 0.0078125 0.009375
0 0.2609375 0.2265625 0.015625 0.015625
0 0.27109375 0.2109375 0.0140625 0.0125
0 0.2921875 0.1953125 0.015625 0.021875
0 0.0078125 0.55234375 0.015625 0.0078125
0 0.04609375 0.5109375 0.0078125 0.01875
0 0.0625 0.48515625 0.00625 0.0140625
