0 0.27265625 0.703125 0.0109375 0.01875
0 0.27890625 0.71953125 0.0046875 0.0140625
0 0.26875 0.72421875 0.00625 0.0109375
0 0.2796875 0.7640625 0.00625 0.015625
0 0.2859375 0.78828125 0.009375 0.0203125
0 0.278125 0.7875 0.00625 0.021875
0 0.275 0.8078125 0.00625 0.01875
0 0.28671875 0.890625 0.0046875 0.053125
0 0.2890625 0.93125 0.00625 0.0125
0 0.2640625 0.9015625 0.00625 0.01875
0 0.26328125 0.92109375 0.0046875 0.0109375
0 0.28203125 0.98828125 0.0078125 0.0203125
0 0.284375 0.99921875 0.00625 0.0015625
