0 0.9890625 0.65859375 0.009375 0.0140625
0 0.96328125 0.78203125 0.0046875 0.0078125
0 0.9578125 0.80390625 0.00625 0.0109375
0 0.95859375 0.83515625 0.0078125 0.0140625
0 0.38828125 0.8359375 0.0078125 0.009375
0 0.378125 0.8546875 0.009375 0.0125
0 0.340625 0.32734375 0.009375 0.0109375
0 0.21796875 0.30078125 0.0078125 0.0109375
0 0.3203125 0.46953125 0.00625 0.0109375
0 0.28984375 0.52578125 0.0046875 0.0078125
0 0.2703125 0.6125 0.00625 0.009375
0 0.26796875 0.66484375 0.0046875 0.0078125
0 0.2796875 0.7140625 0.00625 0.009375
0 0.27578125 0.7515625 0.0078125 0.0125
0 0.24375 0.98828125 0.00625 0.0140625
