0 0.51328125 0.03125 0.0046875 0.015625
0 0.6859375 0.1578125 0.00625 0.015625
0 0.71953125 0.19453125 0.0078125 0.0203125
0 0.6734375 0.384375 0.00625 0.0125
0 0.7046875 0.43203125 0.00625 0.0203125
0 0.74609375 0.4640625 0.0078125 0.015625
0 0.7421875 0.47265625 0.00625 0.0109375
0 0.7890625 0.5359375 0.00625 0.0125
0 0.8515625 0.61640625 0.00625 0.0140625
0 0.85390625 0.60703125 0.0078125 0.0203125
0 0.96953125 0.7578125 0.0078125 0.015625
0 0.940625 0.7203125 0.00625 0.009375
0 0.9046875 0.4296875 0.009375 0.021875
0 0.9828125 0.53125 0.00625 0.01875
0 0.875 0.65234375 0.00625 0.0140625
0 0.24296875 0.96328125 0.0078125 0.0078125
0 0.296875 0.95546875 0.00625 0.0140625
