0 0.06015625 0.421875 0.0078125 0.015625
0 0.015625 0.44453125 0.009375 0.0265625
0 0.05546875 0.496875 0.0078125 0.025
0 0.10234375 0.471875 0.0078125 0.021875
0 0.11328125 0.55078125 0.0109375 0.0296875
0 0.17109375 0.634375 0.0078125 0.025
0 0.18046875 0.63203125 0.0046875 0.0109375
0 0.3125 0.78671875 0.00625 0.0140625
0 0.2515625 0.72421875 0.00625 0.0109375
0 0.39375 0.8921875 0.009375 0.009375
0 0.42265625 0.93984375 0.0078125 0.0109375
0 0.4390625 0.96640625 0.00625 0.0203125
0 0.45 0.96640625 0.00625 0.0171875
0 0.4609375 0.9765625 0.00625 0.009375
0 0.4828125 0.0 0.00625 0.0
0 0.49453125 0.0046875 0.0046875 0.009375
0 0.54296875 0.05 0.0078125 0.015625
0 0.575 0.07421875 0.00625 0.0171875
0 0.58671875 0.08828125 0.0046875 0.0140625
0 0.56484375 0.125 0.0078125 0.015625
0 0.5796875 0.11015625 0.00625 0.0140625
0 0.60078125 0.1140625 0.0109375 0.034375
0 0.64453125 0.1734375 0.0078125 0.009375
0 0.7046875 0.2765625 0.00625 0.015625
0 0.815625 0.3421875 0.00625 0.009375
0 0.81796875 0.3546875 0.0046875 0.009375
0 0.78828125 0.3359375 0.0046875 0.015625
0 0.91171875 0.4328125 0.0078125 0.025
0 0.9265625 0.4453125 0.00625 0.0125
0 0.946875 0.478125 0.00625 0.03125
0 0.959375 0.47734375 0.00625 0.0265625
0 0.93203125 0.5109375 0.0046875 0.015625
0 0.93046875 0.515625 0.0046875 0.01875
0 0.98046875 0.5828125 0.0078125 0.015625
