0 0.4171875 0.0796875 0.00625 0.009375
0 0.4140625 0.09375 0.00625 0.0125
0 0.43125 0.140625 0.00625 0.009375
0 0.43125 0.1546875 0.00625 0.009375
0 0.4234375 0.178125 0.00625 0.009375
0 0.4375 0.18828125 0.009375 0.0109375
0 0.45546875 0.196875 0.0078125 0.00625
0 0.46953125 0.18046875 0.0078125 0.0078125
0 0.4765625 0.18125 0.00625 0.00625
0 0.47734375 0.19140625 0.0078125 0.0078125
0 0.465625 0.19765625 0.009375 0.0046875
0 0.478125 0.15703125 0.00625 0.0078125
0 0.47578125 0.17109375 0.0078125 0.0078125
