0 0.16875 0.62265625 0.00625 0.0078125
0 0.0671875 0.17890625 0.00625 0.0171875
0 0.72578125 0.8921875 0.0046875 0.0125
0 0.84453125 0.565625 0.0046875 0.0125
0 0.896875 0.11015625 0.00625 0.0046875
0 0.89609375 0.11796875 0.0046875 0.0109375
0 0.7890625 0.33203125 0.00625 0.0078125
0 0.73828125 0.1828125 0.0078125 0.015625
0 0.7375 0.26171875 0.00625 0.0078125
0 0.9125 0.04296875 0.0125 0.0171875
0 0.91171875 0.0578125 0.0078125 0.009375
0 0.9125 0.0703125 0.009375 0.0125
0 0.9109375 0.0828125 0.0125 0.009375
0 0.8375 0.628125 0.00625 0.0125
0 0.7703125 0.6265625 0.00625 0.00625
0 0.7640625 0.63046875 0.00625 0.0109375
0 0.83359375 0.671875 0.0078125 0.0125
0 0.840625 0.67890625 0.00625 0.0109375
0 0.83984375 0.72578125 0.0078125 0.0109375
0 0.84921875 0.74140625 0.0078125 0.0109375
0 0.83984375 0.7453125 0.0046875 0.009375
0 0.834375 0.78359375 0.009375 0.0109375
0 0.728125 0.7546875 0.00625 0.009375
0 0.7609375 0.38203125 0.00625 0.0078125
0 0.79140625 0.22890625 0.0046875 0.0078125
0 0.7953125 0.21875 0.00625 0.009375
0 0.80625 0.940625 0.00625 0.0125
0 0.7234375 0.996875 0.00625 0.00625
0 0.85234375 0.0953125 0.0078125 0.009375
0 0.834375 0.834375 0.009375 0.015625
0 0.81171875 0.1921875 0.0046875 0.009375
0 0.9109375 0.0109375 0.003125 0.00625
0 0.9109375 0.0234375 0.003125 0.00625
0 0.8078125 0.08828125 0.00625 0.0078125
0 0.8 0.07734375 0.00625 0.0078125
0 0.8828125 0.16171875 0.009375 0.0140625
0 0.8796875 0.17734375 0.00625 0.0109375
0 0.86640625 0.05625 0.0078125 0.01875
0 0.8109375 0.203125 0.00625 0.009375
0 0.79921875 0.2390625 0.0046875 0.00625
0 0.871875 0.25234375 0.00625 0.0078125
0 0.87265625 0.29140625 0.0078125 0.0109375
0 0.05 0.81796875 0.00625 0.0171875
0 0.0515625 0.77421875 0.00625 0.0109375
0 0.17578125 0.13828125 0.0078125 0.0078125
0 0.178125 0.12890625 0.00625 0.0109375
0 0.1765625 0.11640625 0.00625 0.0140625
