0 0.66796875 0.6015625 0.0109375 0.01875
0 0.546875 0.6296875 0.00625 0.0125
0 0.55625 0.628125 0.00625 0.025
0 0.5921875 0.49765625 0.009375 0.0140625
0 0.49921875 0.49296875 0.0078125 0.0171875
0 0.5671875 0.42890625 0.015625 0.0171875
0 0.453125 0.36328125 0.0125 0.0203125
0 0.47421875 0.22109375 0.0140625 0.0109375
0 0.71875 0.71875 0.01875 0.01875
0 0.7125 0.678125 0.009375 0.021875
0 0.6734375 0.8484375 0.009375 0.01875
0 0.75625 0.99921875 0.00625 0.0015625
0 0.83671875 0.9953125 0.0078125 0.009375
0 0.0109375 0.80234375 0.00625 0.0109375
0 0.0140625 0.81953125 0.00625 0.0203125
0 0.0328125 0.8515625 0.00625 0.0125
0 0.0890625 0.99765625 0.00625 0.0046875
