0 0.996875 0.334375 0.00625 0.040625
0 0.99296875 0.31953125 0.0140625 0.0140625
0 0.90703125 0.3609375 0.0078125 0.021875
0 0.853125 0.25390625 0.0125 0.0140625
0 0.915625 0.290625 0.009375 0.0375
0 0.9140625 0.27421875 0.0125 0.0078125
0 0.86015625 0.265625 0.0109375 0.009375
0 0.87734375 0.2625 0.0109375 0.015625
0 0.8234375 0.3234375 0.021875 0.00625
0 0.62890625 0.334375 0.0171875 0.00625
0 0.51953125 0.3375 0.0203125 0.00625
0 0.55234375 0.33515625 0.0234375 0.0078125
0 0.94765625 0.4953125 0.0109375 0.03125
