0 0.99765625 0.596875 0.0046875 0.015625
0 0.99609375 0.4640625 0.0046875 0.0125
0 0.99609375 0.43515625 0.0078125 0.0234375
0 0.99765625 0.3546875 0.0046875 0.015625
0 0.99609375 0.30625 0.0046875 0.009375
0 0.98515625 0.21328125 0.0078125 0.0140625
0 0.98671875 0.16953125 0.0046875 0.0140625
0 0.99375 0.171875 0.00625 0.009375
0 0.99453125 0.15859375 0.0078125 0.0140625
0 0.98984375 0.08125 0.0078125 0.015625
0 0.98125 0.06953125 0.00625 0.0171875
0 0.27890625 0.8671875 0.0046875 0.009375
0 0.353125 0.80546875 0.00625 0.0109375
0 0.346875 0.80078125 0.00625 0.0109375
0 0.440625 0.8828125 0.00625 0.015625
0 0.3 0.73359375 0.009375 0.0234375
0 0.28203125 0.65859375 0.0046875 0.0109375
0 0.275 0.6984375 0.0125 0.0125
0 0.3296875 0.64375 0.00625 0.015625
0 0.33359375 0.61328125 0.0078125 0.0140625
0 0.33046875 0.6 0.0046875 0.009375
0 0.34375 0.628125 0.00625 0.009375
0 0.34140625 0.6171875 0.0046875 0.009375
0 0.35078125 0.6078125 0.0078125 0.0125
0 0.32734375 0.53125 0.0078125 0.0125
0 0.32734375 0.51953125 0.0078125 0.0109375
0 0.328125 0.5 0.00625 0.009375
0 0.328125 0.4921875 0.00625 0.00625
0 0.325 0.484375 0.00625 0.00625
0 0.2671875 0.46171875 0.00625 0.0140625
0 0.26640625 0.4375 0.0046875 0.0125
0 0.34140625 0.46875 0.0046875 0.00625
0 0.34921875 0.46796875 0.0046875 0.0078125
0 0.34375 0.45625 0.00625 0.00625
0 0.325 0.471875 0.003125 0.00625
0 0.32421875 0.46484375 0.0046875 0.0078125
0 0.3265625 0.4578125 0.00625 0.00625
0 0.3265625 0.44609375 0.00625 0.0140625
0 0.3328125 0.4328125 0.00625 0.0125
0 0.421875 0.42890625 0.00625 0.0109375
0 0.3390625 0.396875 0.00625 0.009375
0 0.29296875 0.33828125 0.0078125 0.0140625
0 0.25859375 0.29375 0.0078125 0.015625
0 0.3265625 0.29296875 0.00625 0.0109375
0 0.33046875 0.2859375 0.0046875 0.00625
0 0.33046875 0.278125 0.0046875 0.009375
0 0.33125 0.25859375 0.00625 0.0078125
0 0.33046875 0.2484375 0.0046875 0.009375
0 0.3421875 0.2296875 0.00625 0.009375
0 0.32578125 0.23046875 0.0078125 0.0140625
0 0.3140625 0.215625 0.009375 0.0125
0 0.296875 0.21171875 0.00625 0.0140625
0 0.28203125 0.1984375 0.0046875 0.0125
0 0.29140625 0.08984375 0.0046875 0.0109375
0 0.3390625 0.11953125 0.00625 0.0109375
0 0.3390625 0.11015625 0.00625 0.0078125
0 0.321875 0.07109375 0.00625 0.0171875
0 0.3296875 0.0609375 0.00625 0.009375
0 0.3265625 0.05078125 0.00625 0.0078125
0 0.31875 0.0453125 0.00625 0.009375
0 0.32578125 0.03984375 0.0046875 0.0109375
0 0.3546875 0.003125 0.003125 0.00625
0 0.33125 0.6890625 0.00625 0.01875
0 0.3390625 0.6890625 0.00625 0.021875
0 0.3796875 0.90234375 0.0125 0.0109375
