0 0.121875 0.7828125 0.003125 0.009375
0 0.12578125 0.77890625 0.0046875 0.0140625
0 0.125 0.7046875 0.00625 0.021875
0 0.1125 0.53359375 0.00625 0.0109375
0 0.059375 0.50234375 0.00625 0.0140625
0 0.06328125 0.4953125 0.0046875 0.009375
0 0.0640625 0.434375 0.00625 0.01875
0 0.07265625 0.41328125 0.0109375 0.0140625
0 0.0875 0.325 0.00625 0.0125
0 0.07890625 0.375 0.0046875 0.0125
0 0.07890625 0.365625 0.0046875 0.009375
0 0.07890625 0.35859375 0.0046875 0.0078125
0 0.07734375 0.35 0.0078125 0.009375
0 0.06484375 0.346875 0.0046875 0.0125
0 0.0703125 0.203125 0.00625 0.009375
