0 0.01953125 0.4484375 0.0078125 0.015625
0 0.05390625 0.48671875 0.0078125 0.0328125
0 0.08515625 0.521875 0.0078125 0.025
0 0.14609375 0.57890625 0.0078125 0.0109375
0 0.2109375 0.67578125 0.00625 0.0140625
0 0.234375 0.6796875 0.00625 0.015625
0 0.25625 0.81953125 0.00625 0.0234375
0 0.27734375 0.79453125 0.0078125 0.0234375
0 0.2953125 0.79921875 0.00625 0.0234375
0 0.3578125 0.88828125 0.00625 0.0171875
0 0.35234375 0.9 0.0078125 0.025
0 0.40390625 0.93046875 0.0046875 0.0140625
0 0.446875 0.99921875 0.00625 0.0015625
0 0.5796875 0.9765625 0.009375 0.009375
0 0.175 0.63125 0.003125 0.015625
0 0.3265625 0.78828125 0.00625 0.0296875
0 0.38515625 0.86328125 0.0046875 0.0078125
0 0.59921875 0.04140625 0.0078125 0.0203125
0 0.590625 0.04609375 0.00625 0.0140625
0 0.67734375 0.02890625 0.0078125 0.0265625
0 0.7234375 0.02734375 0.00625 0.0140625
0 0.66875 0.1203125 0.00625 0.015625
0 0.8546875 0.2609375 0.00625 0.021875
0 0.8671875 0.28046875 0.00625 0.0203125
0 0.88203125 0.3015625 0.0046875 0.0125
0 0.89375 0.31640625 0.00625 0.0203125
0 0.93515625 0.3578125 0.0078125 0.01875
0 0.9921875 0.4125 0.009375 0.0125
