0 0.9859375 0.64765625 0.00625 0.0140625
0 0.9921875 0.66015625 0.00625 0.0171875
0 0.95859375 0.803125 0.0046875 0.009375
0 0.959375 0.8125 0.00625 0.009375
0 0.26015625 0.90546875 0.0078125 0.0140625
0 0.2265625 0.72734375 0.00625 0.0109375
0 0.2796875 0.7140625 0.00625 0.0125
0 0.2890625 0.528125 0.009375 0.0125
0 0.34453125 0.3296875 0.0140625 0.01875
0 0.38203125 0.65703125 0.0078125 0.0140625
0 0.95546875 0.86484375 0.0046875 0.0109375
0 0.9640625 0.78203125 0.00625 0.0109375
0 0.3546875 0.203125 0.003125 0.009375
0 0.37578125 0.85390625 0.0046875 0.0109375
0 0.96015625 0.834375 0.0046875 0.0125
