0 0.15234375 0.3625 0.0078125 0.015625
0 0.01875 0.91328125 0.0125 0.0265625
0 0.01875 0.93828125 0.0125 0.0203125
0 0.0 0.15546875 0.0 0.0171875
0 0.0015625 0.1921875 0.003125 0.015625
0 0.0 0.3765625 0.0 0.015625
0 0.00078125 0.4 0.0015625 0.01875
0 0.1265625 0.978125 0.00625 0.015625
0 0.12734375 0.99296875 0.0078125 0.0140625
0 0.1234375 0.81484375 0.0125 0.0234375
0 0.1390625 0.61328125 0.009375 0.0203125
0 0.1578125 0.49453125 0.0125 0.0171875
0 0.13671875 0.5625 0.0109375 0.015625
0 0.1453125 0.1359375 0.00625 0.0125
0 0.14375 0.11015625 0.009375 0.0203125
