0 0.4859375 0.440625 0.009375 0.009375
0 0.20390625 0.17265625 0.0078125 0.0109375
0 0.2703125 0.246875 0.009375 0.009375
0 0.31640625 0.33515625 0.0078125 0.0109375
0 0.453125 0.4859375 0.015625 0.0125
0 0.6984375 0.8796875 0.0125 0.015625
0 0.60546875 0.73671875 0.0140625 0.0171875
0 0.54453125 0.64296875 0.0078125 0.0140625
0 0.60078125 0.5453125 0.0046875 0.009375
0 0.37890625 0.42734375 0.0109375 0.0140625
0 0.38515625 0.31875 0.0078125 0.009375
0 0.353125 0.2546875 0.009375 0.0125
0 0.175 0.11953125 0.009375 0.0109375
0 0.16640625 0.0984375 0.0078125 0.009375
0 0.07421875 0.946875 0.0078125 0.009375
0 0.03125 0.9203125 0.0125 0.0125
