0 0.0328125 0.4 0.003125 0.009375
0 0.021875 0.41328125 0.00625 0.0234375
0 0.03125 0.41953125 0.00625 0.0171875
0 0.0328125 0.43515625 0.003125 0.0109375
0 0.028125 0.4765625 0.00625 0.0125
0 0.0328125 0.49296875 0.00625 0.0109375
0 0.02734375 0.61015625 0.0078125 0.0140625
0 0.0265625 0.70078125 0.00625 0.0078125
0 0.02421875 0.7515625 0.0078125 0.01875
0 0.02265625 0.0 0.0078125 0.0
0 0.0265625 0.0671875 0.00625 0.01875
0 0.03046875 0.1125 0.0078125 0.015625
0 0.0390625 0.153125 0.003125 0.009375
0 0.03671875 0.1921875 0.0046875 0.009375
0 0.0328125 0.3265625 0.00625 0.015625
0 0.0265625 0.38203125 0.00625 0.0140625
0 0.03203125 0.3796875 0.0046875 0.009375
0 0.0265625 0.8046875 0.00625 0.0125
0 0.03046875 0.81953125 0.0078125 0.0109375
0 0.0328125 0.85078125 0.00625 0.0171875
0 0.009375 0.8484375 0.00625 0.0125
0 0.06171875 0.9578125 0.0078125 0.03125
0 0.71171875 0.06171875 0.0046875 0.0203125
0 0.68984375 0.1390625 0.0046875 0.015625
0 0.65546875 0.003125 0.0078125 0.00625
0 0.684375 0.0046875 0.003125 0.009375
0 0.69921875 0.0140625 0.0078125 0.009375
0 0.66328125 0.0421875 0.0078125 0.021875
0 0.70859375 0.16328125 0.0046875 0.0078125
0 0.70234375 0.17265625 0.0046875 0.0109375
0 0.68671875 0.18203125 0.0046875 0.0140625
0 0.70234375 0.209375 0.0078125 0.015625
0 0.7125 0.20859375 0.00625 0.0171875
0 0.68984375 0.2234375 0.0046875 0.01875
0 0.69609375 0.240625 0.0046875 0.009375
0 0.6875 0.24765625 0.00625 0.0109375
0 0.7140625 0.24375 0.00625 0.015625
0 0.7234375 0.25390625 0.00625 0.0140625
0 0.6921875 0.275 0.00625 0.01875
0 0.68671875 0.2703125 0.0046875 0.009375
0 0.7265625 0.29375 0.00625 0.021875
0 0.728125 0.31015625 0.00625 0.0109375
0 0.6796875 0.32109375 0.00625 0.0140625
0 0.72421875 0.34921875 0.0078125 0.0296875
0 0.7359375 0.35859375 0.009375 0.0296875
0 0.69296875 0.36796875 0.0046875 0.0171875
0 0.6875 0.36875 0.003125 0.015625
0 0.68671875 0.37890625 0.0046875 0.0078125
0 0.68671875 0.38984375 0.0046875 0.0109375
0 0.74453125 0.4140625 0.0046875 0.028125
0 0.73125 0.44140625 0.00625 0.0203125
0 0.6859375 0.45390625 0.00625 0.0171875
0 0.70859375 0.45703125 0.0046875 0.0234375
0 0.69140625 0.49453125 0.0046875 0.0109375
0 0.73359375 0.5265625 0.0078125 0.015625
0 0.728125 0.54765625 0.00625 0.0140625
0 0.73203125 0.5796875 0.0046875 0.01875
0 0.7265625 0.5796875 0.003125 0.0125
0 0.7078125 0.58046875 0.003125 0.0140625
0 0.71328125 0.58828125 0.0046875 0.0109375
0 0.734375 0.621875 0.00625 0.015625
0 0.740625 0.61328125 0.00625 0.0171875
0 0.7875 0.6609375 0.00625 0.0125
0 0.74609375 0.69765625 0.0078125 0.0140625
0 0.7328125 0.72734375 0.00625 0.0109375
0 0.73984375 0.725 0.0078125 0.028125
0 0.75546875 0.7328125 0.0078125 0.021875
0 0.771875 0.80390625 0.00625 0.0203125
0 0.76484375 0.809375 0.0046875 0.0125
0 0.79921875 0.878125 0.0078125 0.021875
0 0.79296875 0.8984375 0.0109375 0.015625
0 0.77578125 0.903125 0.0078125 0.01875
0 0.76953125 0.89375 0.0046875 0.0125
0 0.75625 0.89453125 0.00625 0.0203125
0 0.75 0.8765625 0.00625 0.015625
0 0.76640625 0.9921875 0.0078125 0.015625
0 0.70078125 0.98515625 0.0078125 0.0203125
0 0.73515625 0.48359375 0.0109375 0.0328125
