0 0.1390625 0.9921875 0.00625 0.015625
0 0.07265625 0.1484375 0.0171875 0.0125
0 0.07578125 0.16953125 0.0078125 0.0265625
0 0.12578125 0.84609375 0.0078125 0.0140625
0 0.13828125 0.84921875 0.0078125 0.0234375
0 0.128125 0.8921875 0.009375 0.025
0 0.05859375 0.2921875 0.0078125 0.009375
0 0.05546875 0.3015625 0.0078125 0.0125
0 0.1203125 0.5078125 0.00625 0.009375
0 0.12109375 0.49765625 0.0046875 0.0109375
0 0.1140625 0.50390625 0.00625 0.0078125
0 0.1265625 0.55078125 0.00625 0.0109375
0 0.12265625 0.58203125 0.0078125 0.0265625
0 0.11640625 0.58125 0.0046875 0.0125
0 0.125 0.65703125 0.003125 0.0109375
0 0.13203125 0.6828125 0.0078125 0.0125
