0 0.1 0.115625 0.00625 0.01875
0 0.10703125 0.11953125 0.0046875 0.0140625
0 0.10546875 0.5609375 0.0078125 0.021875
0 0.10390625 0.5890625 0.0046875 0.03125
0 0.10859375 0.590625 0.0046875 0.01875
0 0.1046875 0.6671875 0.00625 0.03125
0 0.10703125 0.8828125 0.0046875 0.021875
0 0.1015625 0.98828125 0.00625 0.0171875
0 0.10703125 0.990625 0.0046875 0.01875
0 0.925 0.70390625 0.0125 0.0203125
0 0.91953125 0.71953125 0.0078125 0.0203125
0 0.928125 0.72421875 0.009375 0.0140625
0 0.91953125 0.76328125 0.0078125 0.0171875
0 0.91171875 0.78828125 0.0109375 0.0171875
0 0.92109375 0.7875 0.0078125 0.01875
0 0.9234375 0.80703125 0.00625 0.0171875
0 0.9125 0.875 0.00625 0.025
0 0.91171875 0.9015625 0.0046875 0.025
0 0.934375 0.9 0.00625 0.01875
0 0.90859375 0.93125 0.0046875 0.0125
0 0.934375 0.92265625 0.00625 0.0109375
0 0.93203125 0.98515625 0.0078125 0.0203125
0 0.91484375 0.9890625 0.0109375 0.021875
