0 0.49140625 0.3265625 0.0078125 0.0125
0 0.89453125 0.83984375 0.0078125 0.0171875
0 0.93515625 0.9296875 0.0078125 0.021875
0 0.31328125 0.11015625 0.0140625 0.0140625
0 0.38359375 0.0390625 0.0078125 0.01875
0 0.3875 0.05546875 0.009375 0.0140625
0 0.84921875 0.99921875 0.0140625 0.0015625
0 0.99296875 0.99453125 0.0140625 0.0109375
0 0.971875 0.99765625 0.0125 0.0046875
0 0.74375 0.80546875 0.01875 0.0109375
0 0.740625 0.79609375 0.0125 0.0078125
0 0.7296875 0.7953125 0.009375 0.015625
0 0.24140625 0.00078125 0.0109375 0.0015625
0 0.81953125 0.73046875 0.0078125 0.0109375
0 0.86875 0.828125 0.009375 0.0125
0 0.925 0.8703125 0.009375 0.009375
0 0.96484375 0.89765625 0.0046875 0.0046875
0 0.928125 0.99921875 0.0125 0.0015625
0 0.85703125 0.99453125 0.0078125 0.0109375
0 0.7609375 0.6015625 0.00625 0.009375
0 0.5640625 0.503125 0.009375 0.0125
0 0.50390625 0.40234375 0.0046875 0.0140625
0 0.734375 0.66875 0.0125 0.009375
0 0.7828125 0.65078125 0.00625 0.0078125
0 0.803125 0.7046875 0.009375 0.015625
0 0.28046875 0.046875 0.0140625 0.021875
0 0.2703125 0.025 0.009375 0.015625
0 0.44609375 0.04296875 0.0109375 0.0171875
0 0.54765625 0.5125 0.0140625 0.015625
0 0.57734375 0.5328125 0.0171875 0.0125
0 0.546875 0.52890625 0.009375 0.0140625
0 0.471875 0.3796875 0.00625 0.009375
0 0.46015625 0.39921875 0.0078125 0.0109375
0 0.4703125 0.396875 0.009375 0.01875
0 0.5359375 0.209375 0.009375 0.015625
0 0.59140625 0.58203125 0.0140625 0.0265625
0 0.7859375 0.9265625 0.009375 0.01875
0 0.46171875 0.29296875 0.0140625 0.0265625
0 0.41171875 0.15546875 0.0109375 0.0171875
0 0.34453125 0.14375 0.0109375 0.015625
0 0.39609375 0.07421875 0.0078125 0.0171875
0 0.553125 0.2265625 0.009375 0.015625
0 0.64375 0.38203125 0.0125 0.0171875
0 0.57890625 0.38828125 0.0109375 0.0046875
0 0.5203125 0.44609375 0.0125 0.0109375
0 0.790625 0.66953125 0.009375 0.0109375
0 0.884375 0.8359375 0.009375 0.015625
0 0.99765625 0.98828125 0.0046875 0.0140625
0 0.69375 0.77265625 0.00625 0.0109375
0 0.66953125 0.42265625 0.0046875 0.0046875
