0 0.41875 0.00234375 0.00625 0.0046875
0 0.48515625 0.1734375 0.0078125 0.015625
0 0.4234375 0.15625 0.01875 0.015625
0 0.32578125 0.13671875 0.0078125 0.0140625
0 0.36796875 0.05859375 0.0140625 0.0140625
0 0.359375 0.07265625 0.00625 0.0078125
0 0.29765625 0.25546875 0.0109375 0.0203125
0 0.28046875 0.19921875 0.0078125 0.0140625
0 0.2671875 0.22109375 0.009375 0.0171875
0 0.0140625 0.91015625 0.009375 0.0109375
0 0.2515625 0.24296875 0.0125 0.0328125
0 0.2625 0.40390625 0.00625 0.0203125
0 0.33046875 0.4328125 0.0109375 0.015625
0 0.2390625 0.28671875 0.00625 0.0140625
0 0.22265625 0.33671875 0.0078125 0.0171875
0 0.1578125 0.44609375 0.009375 0.0171875
0 0.05546875 0.7890625 0.0078125 0.009375
0 0.93359375 0.6234375 0.0328125 0.025
0 0.975 0.67421875 0.0125 0.0171875
0 0.82578125 0.703125 0.0140625 0.034375
0 0.8796875 0.81328125 0.009375 0.0265625
0 0.9125 0.57734375 0.009375 0.0109375
