0 0.97265625 0.8828125 0.0140625 0.0125
0 0.915625 0.7921875 0.009375 0.015625
0 0.871875 0.7140625 0.00625 0.009375
0 0.41328125 0.0875 0.0078125 0.0125
0 0.4578125 0.18984375 0.00625 0.0109375
0 0.590625 0.29296875 0.0125 0.0171875
0 0.715625 0.46015625 0.00625 0.0078125
0 0.64609375 0.46953125 0.0078125 0.0078125
0 0.6578125 0.615625 0.015625 0.009375
0 0.6421875 0.5859375 0.009375 0.015625
0 0.59296875 0.5328125 0.0078125 0.0125
0 0.571875 0.48984375 0.00625 0.0171875
0 0.515625 0.45390625 0.015625 0.0171875
0 0.55546875 0.41484375 0.0109375 0.0140625
0 0.70859375 0.45546875 0.0046875 0.0109375
0 0.4234375 0.1328125 0.00625 0.009375
0 0.88671875 0.9171875 0.0046875 0.009375
0 0.87890625 0.80625 0.0046875 0.009375
0 0.846875 0.66640625 0.00625 0.0109375
0 0.84609375 0.8734375 0.0109375 0.009375
0 0.89765625 0.990625 0.0109375 0.0125
0 0.3921875 0.2390625 0.00625 0.00625
0 0.36015625 0.215625 0.0140625 0.0125
0 0.7515625 0.80390625 0.009375 0.0109375
