0 0.30234375 0.3984375 0.0109375 0.0125
0 0.30546875 0.4125 0.0078125 0.009375
0 0.3140625 0.23984375 0.0125 0.0171875
0 0.98515625 0.64140625 0.0078125 0.0171875
0 0.99140625 0.253125 0.0046875 0.009375
0 0.98515625 0.471875 0.0046875 0.0125
0 0.984375 0.75390625 0.00625 0.0109375
0 0.36796875 0.24140625 0.0078125 0.0203125
0 0.2828125 0.66796875 0.003125 0.0078125
0 0.28203125 0.634375 0.0046875 0.00625
0 0.271875 0.9421875 0.009375 0.0125
0 0.2671875 0.95859375 0.00625 0.0171875
0 0.28203125 0.621875 0.0046875 0.015625
0 0.2796875 0.6828125 0.009375 0.0125
0 0.27734375 0.6515625 0.0078125 0.01875
0 0.29453125 0.6765625 0.0140625 0.009375
0 0.26875 0.6953125 0.00625 0.025
0 0.28046875 0.69921875 0.0078125 0.0171875
0 0.284375 0.71953125 0.00625 0.0203125
0 0.2703125 0.7171875 0.00625 0.0125
0 0.41640625 0.64375 0.0078125 0.009375
0 0.415625 0.63125 0.00625 0.0125
0 0.409375 0.6328125 0.003125 0.0125
0 0.40859375 0.6203125 0.0046875 0.0125
0 0.4015625 0.6578125 0.00625 0.015625
0 0.37109375 0.5953125 0.0078125 0.015625
0 0.37578125 0.609375 0.0078125 0.0125
0 0.3796875 0.6234375 0.00625 0.0125
0 0.3734375 0.63984375 0.00625 0.0203125
0 0.3578125 0.4484375 0.009375 0.01875
0 0.38359375 0.48203125 0.0078125 0.0234375
0 0.384375 0.37265625 0.0125 0.0328125
0 0.3703125 0.3484375 0.00625 0.028125
0 0.37109375 0.375 0.0078125 0.015625
0 0.36796875 0.40703125 0.0078125 0.0234375
0 0.38046875 0.65859375 0.0078125 0.0203125
0 0.36484375 0.65703125 0.0109375 0.0234375
0 0.35 0.5 0.009375 0.021875
0 0.340625 0.5234375 0.009375 0.025
0 0.4125 0.66171875 0.00625 0.0140625
0 0.2984375 0.31640625 0.009375 0.0171875
0 0.35625 0.228125 0.009375 0.021875
0 0.36015625 0.21171875 0.0078125 0.0140625
0 0.35234375 0.0671875 0.0078125 0.015625
0 0.3609375 0.06953125 0.009375 0.0171875
0 0.421875 0.34296875 0.00625 0.0140625
0 0.34140625 0.6828125 0.0109375 0.0125
0 0.3796875 0.25546875 0.00625 0.0140625
0 0.42109375 0.2859375 0.0046875 0.009375
0 0.41484375 0.39296875 0.0046875 0.0078125
0 0.41171875 0.58125 0.0046875 0.00625
0 0.41171875 0.59375 0.0046875 0.009375
0 0.425 0.7546875 0.003125 0.00625
0 0.37421875 0.86484375 0.0078125 0.0140625
0 0.2765625 0.95234375 0.00625 0.0078125
0 0.28515625 0.88125 0.0046875 0.009375
0 0.26875 0.875 0.009375 0.015625
0 0.40390625 0.79921875 0.0078125 0.0109375
0 0.390625 0.84296875 0.00625 0.0171875
0 0.37734375 0.97265625 0.0078125 0.0109375
