0 0.75625 0.00546875 0.00625 0.0109375
0 0.83671875 0.0015625 0.0078125 0.003125
0 0.8359375 0.02421875 0.00625 0.0171875
0 0.84453125 0.02890625 0.0078125 0.0140625
0 0.86328125 0.08828125 0.0109375 0.0265625
0 0.90546875 0.1015625 0.0109375 0.0125
0 0.92265625 0.14453125 0.0078125 0.0203125
0 0.7828125 0.07109375 0.00625 0.0203125
0 0.775 0.075 0.009375 0.015625
0 0.82265625 0.16953125 0.0078125 0.0140625
0 0.86640625 0.23984375 0.0078125 0.0171875
0 0.8734375 0.12421875 0.00625 0.0171875
0 0.92421875 0.3328125 0.0078125 0.00625
0 0.9328125 0.33984375 0.009375 0.0203125
0 0.953125 0.36796875 0.009375 0.0234375
0 0.96015625 0.38828125 0.0078125 0.0171875
0 0.96640625 0.41484375 0.0046875 0.0171875
0 0.97109375 0.43046875 0.0078125 0.0171875
0 0.99609375 0.4796875 0.0078125 0.021875
0 0.959375 0.2296875 0.015625 0.0125
0 0.04453125 0.0109375 0.0109375 0.01875
0 0.0890625 0.00546875 0.00625 0.0109375
0 0.1015625 0.04453125 0.00625 0.0109375
0 0.0671875 0.1046875 0.0125 0.025
0 0.06328125 0.23125 0.0078125 0.009375
0 0.10234375 0.26484375 0.0078125 0.0203125
0 0.12265625 0.3109375 0.0109375 0.028125
0 0.13984375 0.35625 0.0078125 0.028125
0 0.20546875 0.41484375 0.0078125 0.0203125
0 0.17890625 0.42890625 0.0046875 0.0109375
0 0.171875 0.43984375 0.00625 0.0078125
0 0.18984375 0.490625 0.0046875 0.015625
0 0.2078125 0.54296875 0.00625 0.0140625
0 0.2328125 0.678125 0.00625 0.021875
0 0.203125 0.69453125 0.00625 0.0171875
0 0.27578125 0.67734375 0.0046875 0.0140625
0 0.246875 0.6875 0.00625 0.01875
0 0.23203125 0.6453125 0.0046875 0.01875
0 0.28046875 0.68984375 0.0046875 0.0171875
0 0.30234375 0.61484375 0.0078125 0.0078125
0 0.2296875 0.5546875 0.00625 0.009375
0 0.2765625 0.79140625 0.00625 0.0171875
0 0.26640625 0.8015625 0.0078125 0.021875
0 0.30546875 0.846875 0.0078125 0.015625
0 0.3234375 0.92890625 0.00625 0.0078125
0 0.31953125 0.93515625 0.0046875 0.0078125
0 0.44921875 0.95 0.0109375 0.015625
