0 0.96171875 0.4828125 0.0078125 0.01875
0 0.90859375 0.53046875 0.0078125 0.0171875
0 0.9765625 0.4375 0.00625 0.0125
0 0.8828125 0.42578125 0.009375 0.0140625
0 0.878125 0.41015625 0.009375 0.0203125
0 0.88359375 0.446875 0.0078125 0.015625
0 0.87890625 0.46796875 0.0078125 0.0171875
0 0.9453125 0.78828125 0.009375 0.0140625
0 0.92109375 0.7546875 0.0109375 0.03125
0 0.92890625 0.6734375 0.0078125 0.028125
0 0.953125 0.98671875 0.009375 0.0265625
0 0.94140625 0.9375 0.0109375 0.015625
0 0.23671875 0.8375 0.0046875 0.0125
0 0.2390625 0.8125 0.00625 0.009375
0 0.240625 0.80234375 0.00625 0.0109375
0 0.234375 0.78125 0.00625 0.009375
0 0.2078125 0.66171875 0.009375 0.0171875
0 0.0984375 0.5859375 0.015625 0.0125
0 0.125 0.29765625 0.009375 0.0140625
0 0.97265625 0.76328125 0.0078125 0.0171875
0 0.228125 0.96484375 0.00625 0.0109375
0 0.22890625 0.9859375 0.0046875 0.0125
0 0.95234375 0.8328125 0.0109375 0.0125
0 0.95859375 0.90546875 0.0078125 0.0171875
0 0.80390625 0.975 0.0078125 0.0125
0 0.8234375 0.63125 0.009375 0.021875
0 0.9046875 0.77578125 0.00625 0.0046875
0 0.940625 0.9015625 0.00625 0.00625
0 0.87265625 0.8109375 0.0078125 0.009375
0 0.8078125 0.884375 0.00625 0.00625
0 0.91875 0.715625 0.00625 0.015625
