0 0.35546875 0.9703125 0.0078125 0.015625
0 0.24609375 0.0015625 0.0109375 0.003125
0 0.253125 0.38359375 0.009375 0.0171875
0 0.278125 0.54609375 0.0125 0.0234375
0 0.340625 0.515625 0.009375 0.0125
0 0.32109375 0.5296875 0.0109375 0.009375
0 0.32265625 0.65546875 0.0078125 0.0140625
0 0.27109375 0.48203125 0.0078125 0.0140625
0 0.29296875 0.521875 0.0140625 0.009375
0 0.26875 0.32265625 0.009375 0.0171875
0 0.37734375 0.2265625 0.0078125 0.0125
0 0.36953125 0.6015625 0.0078125 0.015625
0 0.4140625 0.6109375 0.00625 0.021875
0 0.3609375 0.75078125 0.009375 0.0203125
0 0.2984375 0.88046875 0.009375 0.0171875
0 0.31484375 0.95703125 0.0140625 0.0171875
0 0.36796875 0.9578125 0.0109375 0.021875
0 0.3796875 0.94296875 0.009375 0.0109375
0 0.421875 0.85546875 0.009375 0.0171875
0 0.421875 0.8921875 0.0125 0.01875
0 0.415625 0.7890625 0.0125 0.021875
0 0.41328125 0.5375 0.0078125 0.015625
0 0.403125 0.5453125 0.00625 0.01875
0 0.36875 0.79296875 0.009375 0.0203125
0 0.99375 0.26484375 0.0125 0.0203125
0 0.96328125 0.16953125 0.0078125 0.0140625
0 0.98515625 0.55625 0.0078125 0.015625
0 0.98515625 0.728125 0.0109375 0.01875
0 0.98515625 0.44296875 0.0078125 0.0140625
0 0.36171875 0.98828125 0.0078125 0.0140625
0 0.36484375 0.54375 0.0171875 0.025
0 0.37890625 0.54453125 0.0109375 0.0359375
0 0.378125 0.575 0.009375 0.01875
0 0.4140625 0.56875 0.009375 0.028125
0 0.3421875 0.6765625 0.015625 0.025
0 0.34921875 0.7 0.0109375 0.021875
0 0.38828125 0.38046875 0.0140625 0.0203125
0 0.40234375 0.39921875 0.0078125 0.0140625
0 0.3859375 0.3515625 0.0125 0.025
0 0.2859375 0.31484375 0.015625 0.0265625
0 0.28515625 0.81796875 0.0140625 0.0171875
0 0.303125 0.7921875 0.009375 0.025
0 0.26796875 0.81328125 0.0140625 0.0203125
0 0.38359375 0.82578125 0.0109375 0.0265625
0 0.38671875 0.8921875 0.0109375 0.01875
0 0.37109375 0.85 0.0078125 0.025
0 0.37421875 0.3359375 0.0078125 0.015625
0 0.39296875 0.00234375 0.0109375 0.0046875
