0 0.3578125 0.00078125 0.00625 0.0015625
0 0.3390625 0.1140625 0.00625 0.0125
0 0.290625 0.090625 0.00625 0.00625
0 0.2796875 0.4734375 0.0125 0.009375
0 0.265625 0.43671875 0.00625 0.0078125
0 0.328125 0.52578125 0.009375 0.0203125
0 0.3484375 0.4671875 0.00625 0.00625
0 0.33203125 0.43203125 0.0046875 0.0078125
0 0.325 0.453125 0.00625 0.009375
0 0.2671875 0.46015625 0.00625 0.0109375
0 0.328125 0.60625 0.00625 0.0125
0 0.3328125 0.61640625 0.00625 0.0078125
0 0.321875 0.59921875 0.009375 0.0078125
0 0.3375 0.69140625 0.009375 0.0140625
0 0.390625 0.665625 0.0125 0.021875
0 0.27421875 0.64140625 0.0109375 0.0140625
0 0.34375 0.76796875 0.00625 0.0109375
0 0.3515625 0.7703125 0.009375 0.009375
0 0.35390625 0.7828125 0.0171875 0.0125
0 0.27890625 0.85078125 0.0109375 0.0109375
0 0.378125 0.9015625 0.009375 0.0125
0 0.29140625 0.83203125 0.0046875 0.0078125
0 0.28359375 0.7984375 0.0078125 0.009375
0 0.99609375 0.4328125 0.0078125 0.01875
0 0.9984375 0.35234375 0.003125 0.0109375
