0 0.59296875 0.1375 0.0078125 0.03125
0 0.003125 0.334375 0.00625 0.040625
0 0.01328125 0.31953125 0.0265625 0.0140625
0 0.07109375 0.89921875 0.0078125 0.0234375
0 0.60078125 0.16640625 0.0078125 0.0203125
0 0.6 0.190625 0.009375 0.01875
0 0.60234375 0.2078125 0.0078125 0.015625
0 0.503125 0.12421875 0.009375 0.0359375
0 0.61640625 0.26796875 0.0109375 0.0171875
0 0.6625 0.28984375 0.021875 0.0203125
0 0.7296875 0.284375 0.0125 0.009375
0 0.8015625 0.26328125 0.01875 0.0109375
0 0.81875 0.265625 0.0125 0.00625
0 0.62578125 0.3484375 0.0078125 0.01875
0 0.63671875 0.35390625 0.0078125 0.0140625
0 0.6546875 0.41640625 0.009375 0.0234375
0 0.66328125 0.46640625 0.0109375 0.0296875
0 0.67890625 0.54609375 0.0078125 0.0171875
0 0.6984375 0.58671875 0.009375 0.0203125
0 0.70703125 0.63359375 0.0078125 0.0109375
0 0.71953125 0.70859375 0.0078125 0.0171875
0 0.77265625 0.87578125 0.0109375 0.0171875
0 0.79921875 0.98359375 0.0140625 0.0328125
0 0.48359375 0.28515625 0.0140625 0.0109375
0 0.5109375 0.29296875 0.0125 0.0078125
0 0.4375 0.29296875 0.01875 0.0078125
0 0.23984375 0.30546875 0.0171875 0.0078125
0 0.1625 0.30234375 0.01875 0.0078125
