0 0.15234375 0.234375 0.0078125 0.025
0 0.16640625 0.24609375 0.0046875 0.0078125
0 0.13984375 0.25078125 0.0046875 0.0109375
0 0.1515625 0.3234375 0.00625 0.025
0 0.15078125 0.3734375 0.0078125 0.01875
0 0.14921875 0.38515625 0.0046875 0.0046875
0 0.11953125 0.5671875 0.0046875 0.009375
0 0.10234375 0.62734375 0.0046875 0.0046875
0 0.08828125 0.73828125 0.0078125 0.0140625
0 0.08046875 0.7921875 0.0078125 0.03125
0 0.0875 0.80625 0.00625 0.015625
0 0.09296875 0.803125 0.0046875 0.025
0 0.0796875 0.8859375 0.009375 0.021875
0 0.07734375 0.90234375 0.0078125 0.0109375
0 0.85625 0.10625 0.009375 0.01875
0 0.85859375 0.2015625 0.0078125 0.01875
0 0.86796875 0.20234375 0.0078125 0.0203125
0 0.8703125 0.21796875 0.00625 0.0140625
0 0.8703125 0.2765625 0.00625 0.01875
0 0.871875 0.2921875 0.00625 0.009375
0 0.8671875 0.309375 0.00625 0.0125
0 0.8546875 0.31328125 0.00625 0.0171875
0 0.8734375 0.30859375 0.00625 0.0171875
