0 0.0421875 0.00625 0.009375 0.0125
0 0.05703125 0.04921875 0.0046875 0.0140625
0 0.06328125 0.046875 0.0078125 0.009375
0 0.04296875 0.10625 0.0046875 0.0125
0 0.0390625 0.10390625 0.00625 0.0234375
0 0.03828125 0.13046875 0.0046875 0.0109375
0 0.05 0.13359375 0.00625 0.0109375
0 0.05546875 0.1234375 0.0046875 0.0125
0 0.0546875 0.1375 0.003125 0.0125
0 0.871875 0.0 0.00625 0.0
0 0.85625 0.0015625 0.009375 0.003125
0 0.85390625 0.00703125 0.0078125 0.0109375
0 0.85390625 0.02109375 0.0078125 0.0171875
0 0.87578125 0.034375 0.0046875 0.0125
0 0.8578125 0.06484375 0.009375 0.0359375
0 0.8640625 0.0859375 0.009375 0.0375
0 0.8640625 0.13984375 0.00625 0.0140625
0 0.8640625 0.15546875 0.00625 0.0140625
