0 0.36484375 0.83515625 0.0109375 0.0171875
0 0.42890625 0.628125 0.0046875 0.0125
0 0.43515625 0.63046875 0.0046875 0.0109375
0 0.4703125 0.75546875 0.00625 0.0078125
0 0.36484375 0.7828125 0.0078125 0.009375
0 0.35859375 0.6796875 0.0078125 0.0125
0 0.365625 0.6703125 0.00625 0.0125
0 0.36328125 0.62890625 0.0078125 0.0171875
0 0.3984375 0.2375 0.00625 0.009375
0 0.3203125 0.17734375 0.00625 0.0109375
0 0.31640625 0.1625 0.0078125 0.0125
0 0.296875 0.1234375 0.00625 0.015625
0 0.30234375 0.1203125 0.0046875 0.009375
0 0.3015625 0.11171875 0.00625 0.0078125
0 0.28828125 0.08359375 0.0078125 0.0109375
0 0.28828125 0.0703125 0.0046875 0.0125
0 0.28203125 0.0703125 0.0046875 0.0125
0 0.2859375 0.05625 0.009375 0.0125
0 0.2890625 0.04296875 0.009375 0.0171875
0 0.3328125 0.05625 0.009375 0.021875
0 0.28828125 0.02109375 0.0046875 0.0078125
0 0.28359375 0.01796875 0.0046875 0.0078125
0 0.28671875 0.01171875 0.0046875 0.0078125
0 0.32578125 0.2921875 0.0078125 0.01875
0 0.3875 0.2015625 0.00625 0.009375
0 0.38828125 0.1921875 0.0046875 0.009375
0 0.39296875 0.93984375 0.0078125 0.0140625
0 0.47421875 0.996875 0.0078125 0.00625
