0 0.934375 0.25703125 0.0125 0.0140625
0 0.9421875 0.27578125 0.015625 0.0140625
0 0.89453125 0.3265625 0.0046875 0.015625
0 0.87265625 0.33515625 0.0078125 0.0140625
0 0.88046875 0.3484375 0.0046875 0.00625
0 0.89765625 0.3703125 0.0046875 0.009375
0 0.97109375 0.2203125 0.0046875 0.0125
0 0.98515625 0.15234375 0.0046875 0.0078125
0 0.965625 0.15078125 0.00625 0.0078125
0 0.98359375 0.1609375 0.0078125 0.009375
0 0.8359375 0.48515625 0.009375 0.0171875
0 0.8109375 0.4359375 0.009375 0.009375
0 0.8609375 0.434375 0.00625 0.01875
0 0.9203125 0.396875 0.009375 0.028125
0 0.74140625 0.52265625 0.0109375 0.0078125
0 0.7453125 0.54140625 0.0125 0.0140625
0 0.7765625 0.58203125 0.009375 0.0078125
0 0.67109375 0.64296875 0.0078125 0.0109375
0 0.6671875 0.5890625 0.009375 0.01875
0 0.63046875 0.7609375 0.0078125 0.03125
0 0.5921875 0.7078125 0.00625 0.015625
0 0.7265625 0.78984375 0.009375 0.0140625
0 0.725 0.62578125 0.009375 0.0140625
0 0.740625 0.634375 0.003125 0.00625
0 0.6125 0.78828125 0.009375 0.0203125
0 0.59453125 0.81640625 0.0109375 0.0203125
0 0.56484375 0.89765625 0.0078125 0.0140625
0 0.528125 0.91484375 0.00625 0.0171875
0 0.45234375 0.928125 0.0078125 0.015625
0 0.4828125 0.95078125 0.00625 0.0109375
0 0.51015625 0.959375 0.0078125 0.021875
0 0.50390625 0.95390625 0.0078125 0.0203125
0 0.45390625 0.971875 0.0109375 0.025
0 0.41875 0.9953125 0.00625 0.009375
0 0.43046875 0.9921875 0.0046875 0.009375
0 0.565625 0.96796875 0.01875 0.0328125
0 0.4828125 0.8875 0.015625 0.034375
