0 0.0890625 0.8125 0.00625 0.028125
0 0.1046875 0.64921875 0.00625 0.0078125
0 0.11484375 0.64453125 0.0078125 0.0359375
0 0.09375 0.75859375 0.00625 0.0109375
0 0.14140625 0.04921875 0.0078125 0.0203125
0 0.146875 0.09296875 0.00625 0.0203125
0 0.13984375 0.15625 0.0046875 0.0125
0 0.1375 0.2546875 0.009375 0.028125
0 0.12734375 0.2703125 0.0078125 0.0125
0 0.15234375 0.26328125 0.0078125 0.0140625
0 0.13828125 0.34609375 0.0109375 0.0234375
0 0.1390625 0.38828125 0.00625 0.0109375
0 0.140625 0.40546875 0.00625 0.0234375
0 0.11953125 0.5875 0.0078125 0.015625
0 0.10078125 0.825 0.0140625 0.03125
0 0.0921875 0.91484375 0.009375 0.0296875
0 0.834375 0.09296875 0.009375 0.0203125
0 0.85078125 0.1703125 0.0078125 0.028125
0 0.8515625 0.19453125 0.009375 0.0171875
0 0.8515625 0.21171875 0.009375 0.0203125
0 0.853125 0.23359375 0.00625 0.0203125
0 0.840625 0.1921875 0.00625 0.01875
0 0.84140625 0.3015625 0.0078125 0.01875
0 0.85546875 0.30078125 0.0046875 0.0171875
0 0.8578125 0.265625 0.00625 0.01875
0 0.85703125 0.284375 0.0078125 0.015625
0 0.8609375 0.3015625 0.00625 0.015625
0 0.85703125 0.43203125 0.0078125 0.0296875
0 0.86640625 0.4171875 0.0078125 0.025
0 0.8671875 0.4453125 0.009375 0.028125
0 0.859375 0.47421875 0.009375 0.0234375
