0 0.046875 0.825 0.003125 0.009375
0 0.05390625 0.80625 0.0046875 0.009375
0 0.0578125 0.759375 0.009375 0.015625
0 0.91953125 0.85234375 0.0078125 0.0140625
0 0.759375 0.88046875 0.00625 0.0140625
0 0.85703125 0.6265625 0.0046875 0.009375
0 0.91953125 0.47890625 0.0046875 0.0046875
0 0.91328125 0.46953125 0.0046875 0.0078125
0 0.87421875 0.46875 0.0046875 0.0125
0 0.92734375 0.696875 0.0046875 0.00625
0 0.921875 0.69921875 0.00625 0.0078125
0 0.86953125 0.64453125 0.0046875 0.0140625
0 0.87109375 0.5265625 0.0078125 0.021875
0 0.859375 0.68828125 0.00625 0.0203125
0 0.9171875 0.6578125 0.00625 0.009375
0 0.87109375 0.49765625 0.0078125 0.0078125
0 0.9171875 0.2 0.009375 0.0125
0 0.9015625 0.21328125 0.009375 0.0140625
0 0.878125 0.07109375 0.00625 0.0109375
0 0.87109375 0.05546875 0.0046875 0.0203125
0 0.209375 0.17578125 0.003125 0.0078125
0 0.74765625 0.97578125 0.0078125 0.0109375
0 0.7671875 0.98203125 0.009375 0.0140625
0 0.77109375 0.96484375 0.0078125 0.0140625
0 0.8546875 0.45546875 0.00625 0.0078125
0 0.85859375 0.46640625 0.0046875 0.0046875
0 0.9328125 0.43671875 0.00625 0.0140625
0 0.93359375 0.4640625 0.0078125 0.015625
0 0.05546875 0.17890625 0.0046875 0.0078125
0 0.05546875 0.18671875 0.0046875 0.0078125
0 0.928125 0.6421875 0.003125 0.009375
0 0.84921875 0.6078125 0.0109375 0.0125
0 0.86796875 0.59921875 0.0046875 0.0078125
0 0.865625 0.61015625 0.00625 0.0078125
0 0.92578125 0.63359375 0.0046875 0.0078125
0 0.90703125 0.7640625 0.0046875 0.0125
0 0.9125 0.7703125 0.003125 0.009375
0 0.85078125 0.803125 0.0046875 0.009375
0 0.85546875 0.22890625 0.0078125 0.0109375
0 0.87265625 0.23046875 0.0078125 0.0140625
0 0.859375 0.115625 0.00625 0.015625
0 0.93984375 0.29375 0.0078125 0.015625
0 0.8703125 0.29375 0.00625 0.0125
0 0.8546875 0.2921875 0.003125 0.00625
0 0.86640625 0.25859375 0.0046875 0.0078125
0 0.859375 0.39765625 0.00625 0.0109375
0 0.86640625 0.43359375 0.0078125 0.0140625
0 0.87265625 0.44609375 0.0046875 0.0109375
0 0.87265625 0.45703125 0.0078125 0.0078125
0 0.87421875 0.4828125 0.0046875 0.00625
0 0.871875 0.48984375 0.00625 0.0078125
0 0.84453125 0.003125 0.0046875 0.00625
0 0.87265625 0.0390625 0.0046875 0.009375
0 0.90859375 0.0890625 0.0046875 0.009375
0 0.9 0.10234375 0.003125 0.0078125
0 0.778125 0.428125 0.00625 0.0125
0 0.05703125 0.1703125 0.0046875 0.00625
0 0.04921875 0.1765625 0.0046875 0.009375
0 0.8859375 0.2171875 0.009375 0.0125
0 0.8453125 0.8046875 0.00625 0.009375
0 0.91953125 0.86796875 0.0046875 0.0078125
0 0.9140625 0.79609375 0.00625 0.0078125
0 0.91015625 0.9421875 0.0046875 0.015625
0 0.90703125 0.33984375 0.0078125 0.0140625
0 0.19765625 0.5734375 0.0078125 0.009375
0 0.19921875 0.6 0.0078125 0.015625
0 0.20234375 0.465625 0.0046875 0.0125
0 0.20234375 0.4390625 0.0046875 0.0125
0 0.2015625 0.428125 0.00625 0.009375
0 0.19296875 0.41953125 0.0046875 0.0078125
0 0.19609375 0.3890625 0.0078125 0.009375
0 0.2 0.35546875 0.00625 0.0171875
0 0.2015625 0.3078125 0.00625 0.0125
0 0.21328125 0.2125 0.0078125 0.0125
0 0.20390625 0.1703125 0.0046875 0.0125
0 0.21171875 0.16796875 0.0046875 0.0078125
0 0.20625 0.15546875 0.00625 0.0109375
0 0.209375 0.0859375 0.003125 0.00625
0 0.209375 0.078125 0.003125 0.00625
0 0.215625 0.07265625 0.00625 0.0109375
0 0.21484375 0.0640625 0.0046875 0.00625
0 0.06640625 0.09140625 0.0078125 0.0171875
0 0.05859375 0.05703125 0.0046875 0.0109375
0 0.05625 0.0421875 0.00625 0.015625
0 0.06875 0.04453125 0.00625 0.0109375
0 0.0703125 0.00859375 0.00625 0.0171875
