0 0.871875 0.09765625 0.009375 0.0171875
0 0.871875 0.11796875 0.009375 0.0140625
0 0.87421875 0.32421875 0.0078125 0.0109375
0 0.86875 0.52578125 0.009375 0.0171875
0 0.871875 0.5484375 0.009375 0.015625
0 0.86796875 0.725 0.0109375 0.025
0 0.86171875 0.753125 0.0078125 0.009375
0 0.8765625 0.78359375 0.00625 0.0109375
0 0.86015625 0.80234375 0.0078125 0.0109375
0 0.86328125 0.82734375 0.0078125 0.0109375
0 0.8609375 0.9171875 0.009375 0.015625
0 0.8578125 0.9375 0.00625 0.009375
0 0.8734375 0.94765625 0.009375 0.0109375
0 0.11015625 0.9578125 0.0078125 0.015625
0 0.1203125 0.959375 0.009375 0.015625
0 0.11953125 0.97578125 0.0078125 0.0109375
0 0.1109375 0.875 0.009375 0.021875
0 0.115625 0.9046875 0.00625 0.009375
0 0.0875 0.0875 0.009375 0.015625
0 0.09921875 0.77421875 0.0140625 0.0140625
