0 0.00625 0.1203125 0.00625 0.009375
0 0.03125 0.015625 0.00625 0.01875
0 0.478125 0.9765625 0.015625 0.025
0 0.53203125 0.8875 0.0078125 0.021875
0 0.50390625 0.91484375 0.0078125 0.0140625
0 0.52734375 0.8765625 0.0078125 0.00625
0 0.3375 0.90078125 0.00625 0.0140625
0 0.34765625 0.89765625 0.0078125 0.0203125
0 0.3921875 0.81328125 0.009375 0.0171875
0 0.38984375 0.82578125 0.0078125 0.0109375
0 0.31328125 0.93125 0.0078125 0.0125
0 0.4625 0.69921875 0.00625 0.0203125
0 0.4984375 0.6546875 0.00625 0.015625
0 0.446875 0.74921875 0.009375 0.0203125
0 0.43828125 0.746875 0.0078125 0.0125
0 0.69296875 0.63828125 0.0078125 0.0203125
0 0.6734375 0.65390625 0.00625 0.0140625
0 0.7171875 0.5921875 0.00625 0.01875
0 0.803125 0.44609375 0.00625 0.0078125
0 0.78046875 0.3875 0.0078125 0.015625
0 0.8390625 0.3234375 0.00625 0.0125
0 0.81875 0.3375 0.00625 0.015625
0 0.86875 0.29140625 0.00625 0.0265625
0 0.87890625 0.2765625 0.0078125 0.009375
0 0.90234375 0.26015625 0.0078125 0.0109375
0 0.95546875 0.15 0.0078125 0.009375
