0 0.2765625 0.8484375 0.0125 0.009375
0 0.2390625 0.834375 0.0125 0.015625
0 0.1109375 0.78984375 0.021875 0.0234375
0 0.2453125 0.9859375 0.009375 0.015625
0 0.24140625 0.99375 0.0109375 0.0125
0 0.23046875 0.98203125 0.0078125 0.0140625
0 0.2234375 0.97109375 0.009375 0.0109375
0 0.30078125 0.825 0.0046875 0.009375
0 0.265625 0.89296875 0.00625 0.0078125
0 0.9921875 0.5828125 0.009375 0.015625
0 0.33359375 0.8671875 0.0140625 0.015625
0 0.25 0.6921875 0.0125 0.015625
0 0.31484375 0.840625 0.0109375 0.015625
