0 0.01328125 0.31953125 0.0265625 0.0140625
0 0.0046875 0.3390625 0.009375 0.025
0 0.11875 0.30859375 0.034375 0.0078125
0 0.1625 0.30078125 0.015625 0.0078125
0 0.2125 0.29921875 0.009375 0.0078125
0 0.23984375 0.3046875 0.0171875 0.00625
0 0.07109375 0.90078125 0.0140625 0.0328125
0 0.3484375 0.2921875 0.01875 0.01875
0 0.484375 0.284375 0.01875 0.009375
0 0.509375 0.290625 0.0125 0.009375
0 0.503125 0.12578125 0.0125 0.0421875
0 0.4515625 0.07578125 0.0125 0.0265625
0 0.584375 0.0203125 0.0125 0.028125
0 0.5890625 0.046875 0.00625 0.015625
0 0.58984375 0.075 0.0078125 0.015625
0 0.5953125 0.134375 0.009375 0.025
0 0.60234375 0.17265625 0.0078125 0.0296875
0 0.6 0.190625 0.00625 0.015625
0 0.6015625 0.209375 0.00625 0.0125
0 0.61640625 0.2671875 0.0078125 0.01875
0 0.7984375 0.2640625 0.01875 0.009375
0 0.81796875 0.26640625 0.0140625 0.0078125
0 0.6296875 0.3515625 0.015625 0.021875
0 0.65234375 0.4109375 0.0078125 0.021875
0 0.6578125 0.43046875 0.00625 0.0171875
0 0.66328125 0.46640625 0.0109375 0.0296875
0 0.6796875 0.5109375 0.0125 0.03125
0 0.67734375 0.5453125 0.0078125 0.021875
0 0.69921875 0.59375 0.0109375 0.0375
0 0.70703125 0.634375 0.0078125 0.01875
0 0.721875 0.72421875 0.009375 0.0515625
0 0.73125 0.74140625 0.009375 0.0484375
0 0.7390625 0.73359375 0.009375 0.0234375
0 0.74921875 0.765625 0.0109375 0.040625
0 0.77109375 0.8765625 0.0109375 0.021875
0 0.77421875 0.91171875 0.0078125 0.0140625
0 0.80078125 0.9828125 0.0109375 0.034375
