0 0.91640625 0.284375 0.0109375 0.034375
0 0.85625 0.259375 0.009375 0.025
0 0.84609375 0.265625 0.0046875 0.015625
0 0.89375 0.265625 0.00625 0.00625
0 0.87890625 0.26640625 0.0109375 0.0078125
0 0.82421875 0.321875 0.0234375 0.00625
0 0.90703125 0.35859375 0.0109375 0.0265625
0 0.99765625 0.31953125 0.0046875 0.0140625
0 0.99140625 0.32578125 0.0078125 0.0171875
0 0.784375 0.14375 0.00625 0.028125
0 0.74296875 0.09765625 0.0046875 0.0296875
0 0.6703125 0.33359375 0.021875 0.0078125
0 0.63046875 0.334375 0.0234375 0.00625
0 0.55390625 0.3328125 0.0328125 0.00625
0 0.51640625 0.33984375 0.0203125 0.0078125
0 0.94765625 0.490625 0.0109375 0.04375
