0 0.31328125 0.3953125 0.0078125 0.015625
0 0.3328125 0.2140625 0.00625 0.01875
0 0.3234375 0.11015625 0.00625 0.0140625
0 0.3015625 0.99453125 0.00625 0.0109375
0 0.31796875 0.9171875 0.0046875 0.009375
0 0.32109375 0.8828125 0.0078125 0.0125
0 0.3078125 0.7703125 0.00625 0.009375
0 0.33125 0.7625 0.009375 0.0125
0 0.32578125 0.74140625 0.0046875 0.0109375
0 0.3421875 0.61796875 0.00625 0.0078125
0 0.3265625 0.5796875 0.00625 0.0125
0 0.34140625 0.5296875 0.0078125 0.0125
0 0.29296875 0.4421875 0.0078125 0.0125
0 0.32421875 0.434375 0.0078125 0.0125
0 0.36328125 0.4 0.0046875 0.009375
