0 0.521875 0.909375 0.009375 0.028125
0 0.73046875 0.63046875 0.0078125 0.0140625
0 0.9453125 0.44609375 0.009375 0.0109375
0 0.946875 0.384375 0.009375 0.009375
0 0.9171875 0.41484375 0.009375 0.0140625
0 0.69453125 0.6921875 0.0078125 0.0125
0 0.665625 0.65703125 0.01875 0.0078125
0 0.684375 0.65234375 0.009375 0.0078125
0 0.678125 0.66015625 0.0125 0.0078125
0 0.7140625 0.6484375 0.009375 0.015625
0 0.775 0.56640625 0.009375 0.0203125
0 0.77578125 0.58671875 0.0078125 0.0265625
0 0.771875 0.58046875 0.00625 0.0234375
0 0.85859375 0.5015625 0.0078125 0.01875
0 0.99765625 0.3046875 0.0046875 0.00625
0 0.54765625 0.865625 0.0078125 0.01875
0 0.7046875 0.69453125 0.009375 0.0078125
0 0.69921875 0.7046875 0.0109375 0.009375
0 0.71484375 0.6640625 0.0078125 0.00625
0 0.71953125 0.625 0.0078125 0.009375
0 0.7234375 0.61484375 0.01875 0.0109375
0 0.7640625 0.6640625 0.009375 0.0125
0 0.66640625 0.75234375 0.0078125 0.0140625
0 0.57734375 0.76953125 0.0078125 0.0109375
0 0.6234375 0.7828125 0.009375 0.0125
0 0.5859375 0.753125 0.009375 0.00625
0 0.5890625 0.74609375 0.009375 0.0078125
0 0.5890625 0.8234375 0.009375 0.009375
0 0.59453125 0.834375 0.0109375 0.009375
0 0.61484375 0.81953125 0.0203125 0.0171875
0 0.39921875 0.99140625 0.0078125 0.0171875
0 0.5109375 0.92890625 0.00625 0.0140625
