0 0.9890625 0.571875 0.00625 0.00625
0 0.9640625 0.60390625 0.009375 0.0109375
0 0.96171875 0.6203125 0.0109375 0.0125
0 0.81640625 0.8625 0.0109375 0.009375
0 0.82578125 0.85078125 0.0109375 0.0140625
0 0.4015625 0.0421875 0.01875 0.00625
0 0.29140625 0.14140625 0.0109375 0.0109375
0 0.89921875 0.70390625 0.0109375 0.0078125
0 0.42578125 0.0125 0.0078125 0.0125
0 0.81484375 0.7765625 0.0203125 0.009375
0 0.8984375 0.71484375 0.015625 0.0078125
0 0.83359375 0.7640625 0.0109375 0.009375
0 0.97578125 0.5828125 0.0109375 0.015625
0 0.99296875 0.55234375 0.0140625 0.0078125
0 0.1703125 0.31953125 0.00625 0.0296875
0 0.3875 0.0515625 0.015625 0.00625
0 0.378125 0.0671875 0.01875 0.00625
0 0.31640625 0.11953125 0.0046875 0.0171875
0 0.3078125 0.115625 0.00625 0.021875
0 0.7703125 0.825 0.015625 0.015625
0 0.39921875 0.0015625 0.0078125 0.003125
0 0.3890625 0.00625 0.009375 0.0125
0 0.39140625 0.01875 0.0078125 0.025
0 0.8640625 0.7359375 0.028125 0.00625
0 0.03671875 0.425 0.0140625 0.021875
0 0.134375 0.33359375 0.03125 0.0078125
0 0.33515625 0.096875 0.0265625 0.009375
0 0.2515625 0.1765625 0.01875 0.00625
0 0.33671875 0.06953125 0.0296875 0.0078125
0 0.33359375 0.084375 0.0109375 0.00625
