0 0.71640625 0.29609375 0.0078125 0.0140625
0 0.73515625 0.45 0.0046875 0.0125
0 0.740625 0.46328125 0.00625 0.0203125
0 0.58984375 0.0671875 0.0109375 0.021875
0 0.58125 0.12265625 0.0125 0.0140625
0 0.59921875 0.159375 0.0078125 0.025
0 0.59140625 0.1796875 0.0046875 0.015625
0 0.60078125 0.20390625 0.0046875 0.0109375
0 0.58125 0.08984375 0.009375 0.0359375
0 0.59765625 0.10234375 0.0046875 0.0203125
0 0.59140625 0.1125 0.0078125 0.009375
0 0.6625 0.046875 0.00625 0.0375
0 0.6765625 0.08984375 0.009375 0.0109375
0 0.69375 0.14375 0.009375 0.015625
0 0.70859375 0.26015625 0.0078125 0.0203125
0 0.7421875 0.62109375 0.00625 0.0109375
0 0.609375 0.6921875 0.00625 0.015625
0 0.615625 0.70078125 0.00625 0.0203125
0 0.628125 0.7828125 0.00625 0.009375
0 0.63828125 0.84296875 0.0078125 0.0171875
0 0.65 0.853125 0.009375 0.009375
0 0.61328125 0.8890625 0.0078125 0.028125
0 0.62578125 0.93203125 0.0078125 0.0140625
0 0.61640625 0.9171875 0.0078125 0.015625
0 0.6203125 0.95703125 0.00625 0.0140625
0 0.6125 0.96484375 0.00625 0.0140625
0 0.62890625 0.9546875 0.0078125 0.0125
0 0.6203125 0.99296875 0.00625 0.0140625
0 0.6296875 0.9953125 0.00625 0.009375
0 0.63515625 0.9921875 0.0046875 0.015625
0 0.73984375 0.81796875 0.0046875 0.0171875
0 0.73984375 0.83515625 0.0046875 0.0171875
0 0.61953125 0.6265625 0.0078125 0.021875
0 0.596875 0.615625 0.00625 0.025
0 0.615625 0.57265625 0.009375 0.0234375
0 0.609375 0.47734375 0.009375 0.0203125
0 0.59765625 0.45 0.0046875 0.009375
0 0.5984375 0.41640625 0.00625 0.0109375
0 0.590625 0.41875 0.00625 0.025
0 0.615625 0.60390625 0.009375 0.0140625
0 0.603125 0.3203125 0.009375 0.021875
0 0.596875 0.2796875 0.00625 0.015625
0 0.5890625 0.2640625 0.00625 0.0125
