0 0.13125 0.00703125 0.00625 0.0140625
0 0.13046875 0.02109375 0.0046875 0.0140625
0 0.02109375 0.22734375 0.0078125 0.0078125
0 0.14375 0.38984375 0.00625 0.0140625
0 0.14140625 0.4390625 0.0078125 0.0125
0 0.01796875 0.36796875 0.0046875 0.0078125
0 0.0140625 0.32734375 0.00625 0.0078125
0 0.0015625 0.60078125 0.003125 0.0140625
0 0.00234375 0.6234375 0.0046875 0.009375
0 0.0 0.77109375 0.0 0.0109375
0 0.003125 0.8078125 0.00625 0.0125
0 0.00078125 0.84453125 0.0015625 0.0171875
0 0.00078125 0.8921875 0.0015625 0.0125
0 0.146875 0.88984375 0.00625 0.0109375
0 0.15234375 0.88671875 0.0046875 0.0109375
0 0.15 0.8640625 0.003125 0.0125
0 0.15546875 0.87421875 0.0046875 0.0078125
0 0.153125 0.82421875 0.003125 0.0078125
0 0.14765625 0.81796875 0.0046875 0.0046875
0 0.14609375 0.8015625 0.0046875 0.009375
0 0.15078125 0.81015625 0.0046875 0.0078125
0 0.153125 0.7671875 0.00625 0.00625
0 0.12890625 0.18359375 0.0109375 0.0171875
0 0.02265625 0.0640625 0.0109375 0.015625
0 0.02265625 0.08125 0.0109375 0.01875
