0 0.40234375 0.7796875 0.0078125 0.015625
0 0.38203125 0.8484375 0.0078125 0.021875
0 0.403125 0.86484375 0.00625 0.0234375
0 0.4734375 0.80703125 0.00625 0.0203125
0 0.3640625 0.46953125 0.00625 0.0171875
0 0.3546875 0.4765625 0.00625 0.0125
0 0.425 0.42890625 0.00625 0.0140625
0 0.4328125 0.4296875 0.00625 0.015625
0 0.3515625 0.36640625 0.00625 0.0109375
0 0.33984375 0.3875 0.0046875 0.0125
0 0.340625 0.3984375 0.00625 0.009375
0 0.32265625 0.08671875 0.0046875 0.0109375
0 0.32421875 0.096875 0.0046875 0.009375
0 0.32421875 0.0515625 0.0078125 0.0125
0 0.4578125 0.059375 0.00625 0.00625
0 0.38515625 0.0046875 0.0046875 0.009375
0 0.39140625 0.73671875 0.0078125 0.0171875
0 0.421875 0.92421875 0.009375 0.0171875
0 0.4015625 0.946875 0.009375 0.015625
