0 0.9921875 0.98515625 0.009375 0.0203125
0 0.9828125 0.990625 0.009375 0.015625
0 0.978125 0.93828125 0.009375 0.0234375
0 0.98046875 0.878125 0.0109375 0.01875
0 0.3546875 0.9984375 0.003125 0.003125
0 0.3609375 0.9921875 0.00625 0.0125
0 0.36640625 0.98515625 0.0046875 0.0078125
0 0.28359375 0.971875 0.0078125 0.015625
0 0.25625 0.76640625 0.00625 0.0078125
0 0.275 0.76171875 0.00625 0.0140625
0 0.27109375 0.71875 0.0078125 0.009375
0 0.234375 0.6234375 0.00625 0.0125
0 0.234375 0.61171875 0.00625 0.0109375
0 0.2765625 0.48203125 0.009375 0.0140625
0 0.2734375 0.46640625 0.009375 0.0171875
0 0.25546875 0.20390625 0.0078125 0.0140625
0 0.2578125 0.1921875 0.00625 0.009375
0 0.2578125 0.1453125 0.00625 0.009375
0 0.2515625 0.1 0.00625 0.01875
0 0.26875 0.12578125 0.00625 0.0109375
0 0.27421875 0.1078125 0.0078125 0.01875
0 0.24375 0.38125 0.009375 0.0125
0 0.2890625 0.871875 0.009375 0.009375
0 0.30625 0.8828125 0.009375 0.0125
0 0.3421875 0.9 0.015625 0.015625
