0 0.128125 0.98359375 0.00625 0.0296875
0 0.01640625 0.93203125 0.0078125 0.0171875
0 0.01953125 0.91015625 0.0109375 0.0234375
0 0.146875 0.190625 0.00625 0.01875
0 0.1390625 0.0015625 0.00625 0.003125
0 0.14296875 0.11171875 0.0078125 0.0203125
0 0.1515625 0.125 0.00625 0.0125
0 0.1453125 0.13671875 0.00625 0.0140625
0 0.0 0.19140625 0.0 0.0171875
0 0.15078125 0.23359375 0.0046875 0.0109375
0 0.00390625 0.21953125 0.0078125 0.0109375
0 0.00234375 0.31484375 0.0046875 0.0171875
0 0.15234375 0.3625 0.0078125 0.01875
0 0.00078125 0.3765625 0.0015625 0.0125
0 0.0 0.4 0.0 0.021875
0 0.0078125 0.503125 0.00625 0.0125
0 0.0015625 0.521875 0.003125 0.00625
0 0.13984375 0.6109375 0.0078125 0.01875
0 0.14765625 0.628125 0.0078125 0.009375
