0 0.13984375 0.14296875 0.0046875 0.0109375
0 0.0609375 0.7 0.00625 0.01875
0 0.0734375 0.78671875 0.00625 0.0109375
0 0.078125 0.82109375 0.003125 0.0078125
0 0.07890625 0.828125 0.0046875 0.00625
0 0.07890625 0.834375 0.0046875 0.00625
0 0.07890625 0.8421875 0.0046875 0.00625
0 0.07890625 0.84765625 0.0078125 0.0046875
0 0.08671875 0.8734375 0.0078125 0.0125
0 0.07109375 0.99453125 0.0078125 0.0109375
0 0.11171875 0.66484375 0.0078125 0.0078125
0 0.125 0.41875 0.009375 0.01875
0 0.1421875 0.15625 0.00625 0.0125
0 0.1296875 0.15546875 0.00625 0.0109375
0 0.13359375 0.1078125 0.0046875 0.0125
0 0.13984375 0.0296875 0.0046875 0.009375
0 0.15 0.021875 0.00625 0.00625
0 0.1421875 0.02109375 0.00625 0.0078125
0 0.14375 0.01171875 0.00625 0.0078125
0 0.1484375 0.01328125 0.003125 0.0078125
0 0.06328125 0.76328125 0.0046875 0.0078125
