0 0.38828125 0.0 0.0046875 0.0
0 0.38828125 0.0046875 0.0046875 0.009375
0 0.3203125 0.021875 0.00625 0.0125
0 0.315625 0.0375 0.009375 0.015625
0 0.3046875 0.04140625 0.00625 0.0109375
0 0.30078125 0.003125 0.0046875 0.00625
0 0.309375 0.0078125 0.00625 0.009375
0 0.309375 0.01875 0.009375 0.0125
0 0.30078125 0.0203125 0.0046875 0.009375
0 0.3046875 0.0296875 0.00625 0.009375
0 0.2984375 0.0640625 0.00625 0.009375
0 0.2953125 0.07265625 0.00625 0.0078125
0 0.2953125 0.08125 0.00625 0.009375
0 0.30234375 0.08046875 0.0046875 0.0109375
0 0.3015625 0.08984375 0.00625 0.0078125
0 0.39140625 0.11328125 0.0078125 0.0109375
0 0.4609375 0.0171875 0.009375 0.015625
0 0.346875 0.39609375 0.00625 0.0109375
0 0.35390625 0.39453125 0.0078125 0.0109375
0 0.28515625 0.4265625 0.0046875 0.01875
0 0.2921875 0.43359375 0.00625 0.0109375
0 0.31328125 0.50078125 0.0078125 0.0078125
0 0.29609375 0.45390625 0.0046875 0.0078125
0 0.3 0.46171875 0.00625 0.0078125
0 0.2953125 0.465625 0.00625 0.009375
0 0.30234375 0.471875 0.0078125 0.0125
0 0.2828125 0.5421875 0.00625 0.009375
0 0.3296875 0.55703125 0.00625 0.0171875
0 0.32421875 0.54140625 0.0046875 0.0109375
0 0.33046875 0.51640625 0.0046875 0.0078125
0 0.33125 0.50546875 0.00625 0.0140625
0 0.3390625 0.5046875 0.009375 0.015625
0 0.3390625 0.51640625 0.00625 0.0078125
0 0.27109375 0.5015625 0.0046875 0.00625
0 0.27734375 0.49921875 0.0078125 0.0109375
0 0.39453125 0.52421875 0.0078125 0.0140625
0 0.3875 0.528125 0.00625 0.009375
0 0.384375 0.5390625 0.00625 0.0125
0 0.39296875 0.5375 0.0078125 0.009375
0 0.35078125 0.59140625 0.0109375 0.0140625
0 0.3421875 0.575 0.009375 0.01875
0 0.3296875 0.5984375 0.00625 0.009375
0 0.33359375 0.58828125 0.0078125 0.0109375
0 0.315625 0.59921875 0.00625 0.0109375
0 0.3171875 0.58671875 0.00625 0.0109375
0 0.2890625 0.1171875 0.009375 0.0125
0 0.28515625 0.1296875 0.0078125 0.0125
0 0.28359375 0.14140625 0.0046875 0.0078125
0 0.28828125 0.14609375 0.0046875 0.0078125
0 0.28828125 0.15703125 0.0078125 0.0140625
0 0.28671875 0.1765625 0.0046875 0.00625
0 0.28671875 0.1875 0.0046875 0.00625
0 0.2875 0.203125 0.003125 0.00625
0 0.28828125 0.25234375 0.0046875 0.0078125
0 0.28828125 0.2609375 0.0046875 0.009375
0 0.2796875 0.33125 0.00625 0.009375
0 0.4390625 0.3171875 0.00625 0.015625
0 0.42421875 0.390625 0.0109375 0.01875
0 0.45234375 0.221875 0.0078125 0.0125
0 0.32890625 0.665625 0.0109375 0.0125
0 0.328125 0.6796875 0.009375 0.015625
0 0.328125 0.703125 0.00625 0.0125
0 0.325 0.71484375 0.00625 0.0109375
0 0.26640625 0.73671875 0.0078125 0.0140625
0 0.265625 0.76171875 0.00625 0.0140625
0 0.32421875 0.7328125 0.0078125 0.015625
0 0.3265625 0.75078125 0.009375 0.0203125
0 0.334375 0.76640625 0.00625 0.0109375
0 0.34375 0.74296875 0.00625 0.0078125
0 0.3515625 0.73828125 0.00625 0.0078125
0 0.3390625 0.7328125 0.00625 0.009375
0 0.3484375 0.73046875 0.009375 0.0078125
0 0.28515625 0.7296875 0.0078125 0.009375
0 0.27421875 0.72265625 0.0046875 0.0109375
0 0.28125 0.7203125 0.00625 0.009375
0 0.33984375 0.80078125 0.0046875 0.0109375
0 0.421875 0.7703125 0.00625 0.009375
0 0.29296875 0.8609375 0.0078125 0.0125
0 0.25859375 0.9046875 0.0078125 0.01875
0 0.32734375 0.90390625 0.0078125 0.0109375
0 0.33203125 0.94296875 0.0046875 0.0109375
0 0.33125 0.9515625 0.00625 0.00625
0 0.34375 0.96953125 0.00625 0.0078125
0 0.3265625 0.96640625 0.00625 0.0109375
0 0.3140625 0.98203125 0.009375 0.0109375
0 0.29765625 0.98671875 0.0109375 0.0140625
0 0.28203125 0.996875 0.0078125 0.00625
0 0.9984375 0.60078125 0.003125 0.0140625
0 0.99921875 0.6234375 0.0015625 0.009375
0 0.99609375 0.75859375 0.0046875 0.0109375
0 0.99765625 0.77109375 0.0046875 0.0109375
0 0.99921875 0.8078125 0.0015625 0.0125
0 0.996875 0.84453125 0.00625 0.0171875
0 0.996875 0.8921875 0.00625 0.0125
