0 0.32578125 0.3875 0.0078125 0.009375
0 0.2796875 0.484375 0.00625 0.0125
0 0.21328125 0.9234375 0.0046875 0.009375
0 0.2234375 0.9 0.00625 0.015625
0 0.97265625 0.1578125 0.0046875 0.009375
0 0.9671875 0.16953125 0.003125 0.0078125
0 0.96640625 0.15625 0.0046875 0.0125
0 0.9640625 0.02734375 0.00625 0.0140625
0 0.96171875 0.13671875 0.0046875 0.0140625
0 0.96015625 0.15625 0.0046875 0.00625
0 0.95859375 0.3953125 0.0046875 0.009375
0 0.9640625 0.41640625 0.00625 0.0109375
0 0.34296875 0.03671875 0.0078125 0.0109375
0 0.25703125 0.2609375 0.0109375 0.0125
0 0.2265625 0.4703125 0.00625 0.0125
0 0.21953125 0.565625 0.0046875 0.00625
0 0.3828125 0.540625 0.009375 0.01875
0 0.38359375 0.33984375 0.0078125 0.0109375
0 0.39375 0.2125 0.00625 0.009375
0 0.39296875 0.203125 0.0046875 0.009375
0 0.21640625 0.89765625 0.0046875 0.0171875
0 0.2265625 0.85390625 0.00625 0.0140625
0 0.22578125 0.83984375 0.0078125 0.0140625
0 0.22578125 0.82421875 0.0078125 0.0140625
0 0.31796875 0.7296875 0.0109375 0.01875
0 0.3140625 0.7515625 0.0125 0.01875
0 0.37578125 0.3484375 0.0046875 0.021875
0 0.240625 0.29375 0.00625 0.015625
0 0.259375 0.29375 0.00625 0.0125
0 0.24609375 0.21015625 0.0078125 0.0234375
0 0.97109375 0.23359375 0.0046875 0.0109375
0 0.96171875 0.3609375 0.0078125 0.015625
0 0.990625 0.5359375 0.009375 0.021875
0 0.21484375 0.91171875 0.0046875 0.0109375
0 0.3875 0.1140625 0.00625 0.0125
0 0.3796875 0.04140625 0.00625 0.0109375
0 0.23203125 0.05234375 0.0078125 0.0109375
0 0.35703125 0.96328125 0.0078125 0.0140625
0 0.32109375 0.7921875 0.0046875 0.009375
0 0.31875 0.7828125 0.003125 0.00625
0 0.315625 0.771875 0.003125 0.009375
0 0.35390625 0.99375 0.0078125 0.0125
0 0.2265625 0.43515625 0.00625 0.0171875
0 0.375 0.5671875 0.00625 0.015625
0 0.221875 0.76015625 0.009375 0.0109375
0 0.23671875 0.715625 0.0046875 0.015625
0 0.28984375 0.66953125 0.0078125 0.0140625
0 0.390625 0.31484375 0.00625 0.0078125
0 0.97421875 0.1453125 0.0046875 0.0125
0 0.959375 0.38515625 0.003125 0.0078125
0 0.98671875 0.553125 0.0078125 0.021875
