0 0.20703125 0.85078125 0.0046875 0.0078125
0 0.171875 0.08828125 0.009375 0.0109375
0 0.1640625 0.015625 0.00625 0.015625
0 0.83984375 0.75078125 0.0078125 0.0203125
0 0.78359375 0.80625 0.0046875 0.0125
0 0.77734375 0.85625 0.0078125 0.015625
0 0.77890625 0.9125 0.0078125 0.009375
0 0.81953125 0.94375 0.0078125 0.0125
0 0.89375 0.7859375 0.00625 0.0125
0 0.82734375 0.82265625 0.0078125 0.0140625
0 0.7859375 0.6328125 0.00625 0.009375
0 0.825 0.6765625 0.00625 0.009375
0 0.775 0.4421875 0.00625 0.009375
0 0.87578125 0.65703125 0.0078125 0.0140625
0 0.9203125 0.65546875 0.00625 0.0078125
0 0.8625 0.571875 0.00625 0.009375
0 0.79453125 0.3984375 0.0078125 0.0125
0 0.81171875 0.084375 0.0078125 0.0125
0 0.81640625 0.1390625 0.0078125 0.009375
0 0.81953125 0.1578125 0.0078125 0.009375
0 0.82265625 0.2265625 0.0078125 0.015625
0 0.9171875 0.5625 0.003125 0.00625
0 0.9375 0.425 0.009375 0.015625
0 0.8578125 0.515625 0.0125 0.0125
0 0.153125 0.24453125 0.00625 0.0140625
0 0.06953125 0.5890625 0.0046875 0.009375
0 0.20703125 0.94609375 0.0078125 0.0140625
0 0.04921875 0.77734375 0.0046875 0.0078125
0 0.2140625 0.5546875 0.009375 0.01875
0 0.2078125 0.578125 0.00625 0.015625
0 0.8609375 0.21796875 0.00625 0.0140625
