0 0.91015625 0.99765625 0.0109375 0.0046875
0 0.9109375 0.92421875 0.01875 0.0390625
0 0.90625 0.528125 0.009375 0.01875
0 0.89296875 0.3 0.0078125 0.015625
0 0.896875 0.4046875 0.009375 0.01875
0 0.88984375 0.2625 0.0078125 0.0125
0 0.890625 0.23984375 0.0125 0.0203125
0 0.8953125 0.28046875 0.009375 0.0140625
0 0.89453125 0.109375 0.0109375 0.025
0 0.8859375 0.11015625 0.0125 0.0265625
0 0.90234375 0.31640625 0.0140625 0.0390625
0 0.90234375 0.35703125 0.0109375 0.0265625
0 0.89453125 0.3703125 0.0109375 0.028125
0 0.8859375 0.0578125 0.009375 0.015625
0 0.884375 0.0765625 0.0125 0.021875
0 0.88515625 0.0390625 0.0109375 0.025
