0 0.58046875 0.653125 0.0203125 0.034375
0 0.540625 0.29921875 0.0125 0.0234375
0 0.521875 0.45078125 0.009375 0.0234375
0 0.525 0.53515625 0.0125 0.0296875
0 0.57421875 0.54375 0.0109375 0.01875
0 0.5171875 0.5875 0.0125 0.025
0 0.52109375 0.565625 0.0109375 0.021875
0 0.54453125 0.9484375 0.0140625 0.021875
0 0.590625 0.72890625 0.0125 0.0203125
0 0.53203125 0.7328125 0.0109375 0.01875
0 0.5234375 0.7265625 0.009375 0.025
0 0.5203125 0.6484375 0.00625 0.0125
0 0.51484375 0.64921875 0.0078125 0.0171875
