0 0.134375 0.68125 0.009375 0.01875
0 0.1390625 0.49765625 0.009375 0.0234375
0 0.1375 0.47734375 0.009375 0.0203125
0 0.865625 0.41171875 0.01875 0.0390625
0 0.14296875 0.41640625 0.0203125 0.0453125
0 0.81015625 0.896875 0.0171875 0.028125
0 0.80859375 0.74453125 0.0109375 0.0171875
0 0.81875 0.5734375 0.01875 0.034375
0 0.8046875 0.35859375 0.015625 0.0265625
0 0.8828125 0.2375 0.015625 0.021875
0 0.87734375 0.26328125 0.0109375 0.0203125
0 0.8859375 0.2640625 0.00625 0.015625
0 0.875 0.18515625 0.0125 0.0265625
0 0.8453125 0.0734375 0.028125 0.034375
0 0.83125 0.04453125 0.01875 0.0359375
