0 0.9515625 0.3921875 0.009375 0.015625
0 0.9546875 0.42421875 0.009375 0.0171875
0 0.95390625 0.46015625 0.0078125 0.0171875
0 0.93046875 0.78203125 0.0078125 0.0171875
0 0.92421875 0.78359375 0.0078125 0.0171875
0 0.93828125 0.95703125 0.0078125 0.0140625
0 0.93984375 0.96796875 0.0078125 0.0140625
0 0.928125 0.03984375 0.00625 0.0171875
0 0.9390625 0.2203125 0.00625 0.01875
0 0.9453125 0.2421875 0.009375 0.01875
0 0.91328125 0.253125 0.0078125 0.01875
0 0.91015625 0.22578125 0.0078125 0.0109375
0 0.9390625 0.27109375 0.009375 0.0171875
0 0.94375 0.28671875 0.009375 0.0234375
0 0.9390625 0.34375 0.00625 0.015625
0 0.94296875 0.35 0.0078125 0.015625
0 0.946875 0.55625 0.021875 0.03125
