0 0.146875 0.41328125 0.0125 0.0328125
0 0.13984375 0.428125 0.0140625 0.04375
0 0.1375 0.4796875 0.0125 0.025
0 0.1390625 0.50078125 0.0125 0.0234375
0 0.134375 0.68125 0.009375 0.01875
0 0.88671875 0.2890625 0.0140625 0.015625
0 0.83125 0.053125 0.0125 0.025
0 0.84453125 0.0703125 0.0109375 0.009375
0 0.84765625 0.08046875 0.0140625 0.0203125
0 0.84609375 0.203125 0.0109375 0.00625
0 0.84609375 0.209375 0.0109375 0.009375
0 0.8859375 0.26640625 0.009375 0.0171875
0 0.87578125 0.26640625 0.0109375 0.0203125
0 0.8046875 0.3609375 0.0125 0.025
0 0.8671875 0.40390625 0.0125 0.0171875
0 0.146875 0.34921875 0.0125 0.0328125
0 0.103125 0.1796875 0.0125 0.021875
0 0.14375 0.5890625 0.009375 0.01875
0 0.14375 0.815625 0.009375 0.021875
0 0.14140625 0.865625 0.0109375 0.01875
0 0.134375 0.8640625 0.009375 0.025
0 0.8265625 0.03984375 0.009375 0.0203125
0 0.86484375 0.4171875 0.0109375 0.01875
0 0.81796875 0.5765625 0.0140625 0.040625
0 0.8765625 0.1875 0.0125 0.025
0 0.8125 0.68203125 0.009375 0.0203125
0 0.8078125 0.74765625 0.009375 0.0234375
0 0.80859375 0.896875 0.0140625 0.028125
0 0.88203125 0.23984375 0.0140625 0.0171875
