0 0.2515625 0.0953125 0.021875 0.03125
0 0.3109375 0.1578125 0.021875 0.021875
0 0.3453125 0.23359375 0.015625 0.0171875
0 0.29765625 0.2171875 0.0140625 0.015625
0 0.31796875 0.37265625 0.0203125 0.0265625
0 0.39453125 0.3984375 0.0265625 0.040625
0 0.41328125 0.5703125 0.0296875 0.046875
0 0.4484375 0.66796875 0.015625 0.0203125
0 0.46953125 0.734375 0.0171875 0.025
0 0.52734375 0.871875 0.0296875 0.034375
0 0.97890625 0.03984375 0.0171875 0.0234375
0 0.3546875 0.25859375 0.03125 0.0265625
0 0.22265625 0.07421875 0.0234375 0.0296875
0 0.3203125 0.1859375 0.01875 0.028125
0 0.38125 0.45546875 0.0375 0.0328125
