0 0.9421875 0.74375 0.0125 0.025
0 0.946875 0.71015625 0.0125 0.0328125
0 0.95703125 0.534375 0.0109375 0.025
0 0.95703125 0.371875 0.0171875 0.028125
0 0.94921875 0.34921875 0.0109375 0.0203125
0 0.9421875 0.2890625 0.015625 0.025
0 0.96015625 0.30078125 0.0140625 0.0234375
0 0.95390625 0.22578125 0.0140625 0.0203125
0 0.97265625 0.203125 0.0140625 0.021875
0 0.9765625 0.17265625 0.0125 0.0203125
0 0.93984375 0.91015625 0.0109375 0.0265625
0 0.9390625 0.94453125 0.009375 0.0265625
0 0.9296875 0.95625 0.009375 0.015625
0 0.9296875 0.96875 0.009375 0.015625
0 0.959375 0.46640625 0.009375 0.0171875
0 0.9453125 0.5046875 0.009375 0.01875
0 0.953125 0.50625 0.009375 0.01875
0 0.9484375 0.56484375 0.015625 0.0265625
0 0.93828125 0.80078125 0.0109375 0.0140625
0 0.9359375 0.815625 0.015625 0.01875
0 0.9609375 0.26171875 0.009375 0.0203125
0 0.934375 0.91171875 0.009375 0.0203125
0 0.91796875 0.09375 0.0171875 0.025
0 0.92890625 0.11640625 0.0171875 0.0234375
