0 0.940625 0.2875 0.0125 0.025
0 0.9375 0.80703125 0.015625 0.0328125
0 0.97421875 0.16953125 0.0171875 0.0265625
0 0.96171875 0.3 0.0140625 0.021875
0 0.9734375 0.203125 0.015625 0.025
0 0.95625 0.375 0.015625 0.034375
0 0.94140625 0.9125 0.0078125 0.01875
0 0.9328125 0.91015625 0.009375 0.0234375
0 0.93984375 0.8953125 0.0109375 0.01875
0 0.9390625 0.94609375 0.0125 0.0265625
0 0.92890625 0.95625 0.0078125 0.015625
0 0.93125 0.96875 0.009375 0.015625
0 0.946875 0.59140625 0.0125 0.0296875
0 0.9484375 0.565625 0.01875 0.028125
0 0.94609375 0.50390625 0.0078125 0.0203125
0 0.953125 0.50703125 0.009375 0.0203125
0 0.9546875 0.4453125 0.0125 0.021875
0 0.95859375 0.46875 0.0109375 0.015625
0 0.95390625 0.2265625 0.0109375 0.01875
0 0.96640625 0.2328125 0.0109375 0.015625
0 0.95625 0.2453125 0.009375 0.0125
0 0.946875 0.70859375 0.009375 0.0296875
0 0.9421875 0.74140625 0.0125 0.0265625
0 0.95703125 0.534375 0.0109375 0.021875
0 0.95078125 0.35 0.0140625 0.025
0 0.93203125 0.8578125 0.0140625 0.0375
