0 0.9296875 0.95546875 0.009375 0.0140625
0 0.93125 0.96875 0.009375 0.015625
0 0.9546875 0.22734375 0.0125 0.0171875
0 0.97265625 0.20234375 0.0171875 0.0265625
0 0.975 0.17109375 0.015625 0.0234375
0 0.92578125 0.1109375 0.0140625 0.01875
0 0.93125 0.8578125 0.015625 0.0375
0 0.9375 0.80703125 0.015625 0.0328125
0 0.94296875 0.7421875 0.0140625 0.03125
0 0.946875 0.709375 0.0125 0.028125
0 0.95625 0.53359375 0.009375 0.0234375
0 0.95625 0.37421875 0.015625 0.0296875
0 0.95 0.34921875 0.009375 0.0203125
0 0.9421875 0.2875 0.009375 0.021875
0 0.91953125 0.09453125 0.0140625 0.0234375
0 0.96640625 0.23359375 0.0109375 0.0171875
0 0.96015625 0.26171875 0.0078125 0.0171875
0 0.95625 0.246875 0.009375 0.015625
0 0.94140625 0.91171875 0.0078125 0.0234375
0 0.93359375 0.91171875 0.0078125 0.0234375
0 0.93984375 0.89375 0.0109375 0.015625
0 0.95234375 0.50546875 0.0109375 0.0265625
0 0.9453125 0.5 0.009375 0.025
0 0.95859375 0.46796875 0.0109375 0.0203125
0 0.9546875 0.44765625 0.0125 0.0234375
0 0.959375 0.30078125 0.015625 0.0234375
0 0.93984375 0.94609375 0.0109375 0.0234375
