0 0.0140625 0.6625 0.015625 0.03125
0 0.0015625 0.76015625 0.003125 0.0328125
0 0.04296875 0.30625 0.0109375 0.021875
0 0.696875 0.87421875 0.021875 0.0296875
0 0.69765625 0.99609375 0.0203125 0.0078125
0 0.715625 0.75546875 0.015625 0.0265625
0 0.77265625 0.1828125 0.0140625 0.025
0 0.76328125 0.2328125 0.0171875 0.025
0 0.72578125 0.603125 0.0171875 0.028125
0 0.0390625 0.4890625 0.021875 0.028125
0 0.0265625 0.53671875 0.025 0.0515625
0 0.0421875 0.4109375 0.021875 0.046875
0 0.03515625 0.05703125 0.0328125 0.0515625
0 0.00625 0.69765625 0.0125 0.0296875
0 0.03046875 0.459375 0.0140625 0.025
0 0.05546875 0.25703125 0.0171875 0.0171875
0 0.12890625 0.0359375 0.0171875 0.021875
0 0.0359375 0.2421875 0.0125 0.03125
0 0.05546875 0.18125 0.0140625 0.015625
0 0.07421875 0.159375 0.0203125 0.025
0 0.08046875 0.13046875 0.0234375 0.0234375
