0 0.14375 0.415625 0.021875 0.05
0 0.81796875 0.57109375 0.0171875 0.0328125
0 0.809375 0.89765625 0.0125 0.0296875
0 0.8140625 0.68046875 0.009375 0.0140625
0 0.83203125 0.4625 0.0109375 0.01875
0 0.825 0.45390625 0.009375 0.0109375
0 0.80546875 0.359375 0.0140625 0.03125
0 0.8765625 0.26328125 0.009375 0.0203125
0 0.88515625 0.2640625 0.0078125 0.015625
0 0.8828125 0.23828125 0.015625 0.0234375
0 0.8765625 0.18359375 0.0125 0.0234375
0 0.84453125 0.07578125 0.0203125 0.0359375
0 0.82890625 0.04453125 0.0171875 0.0328125
0 0.80859375 0.74453125 0.0078125 0.0140625
0 0.10390625 0.1828125 0.0140625 0.021875
0 0.865625 0.41015625 0.01875 0.0328125
