0 0.94609375 0.5546875 0.0140625 0.028125
0 0.946875 0.009375 0.009375 0.015625
0 0.93828125 0.22421875 0.0078125 0.0203125
0 0.94609375 0.24375 0.0109375 0.021875
0 0.91328125 0.253125 0.0109375 0.01875
0 0.93828125 0.2703125 0.0078125 0.01875
0 0.94375 0.28984375 0.009375 0.0234375
0 0.93984375 0.3421875 0.0078125 0.0125
0 0.95234375 0.3921875 0.0078125 0.015625
0 0.95234375 0.4609375 0.0109375 0.01875
0 0.93671875 0.0375 0.0078125 0.01875
0 0.9296875 0.03984375 0.009375 0.0203125
0 0.9390625 0.9625 0.0125 0.028125
0 0.9296875 0.7828125 0.00625 0.015625
0 0.92421875 0.78359375 0.0046875 0.0140625
