0 0.9375 0.04296875 0.009375 0.0140625
0 0.93046875 0.0390625 0.0078125 0.015625
0 0.91015625 0.22578125 0.0078125 0.0140625
0 0.9390625 0.2171875 0.009375 0.01875
0 0.940625 0.9859375 0.009375 0.025
0 0.95234375 0.4625 0.0109375 0.01875
0 0.9515625 0.39296875 0.00625 0.0140625
0 0.93828125 0.2703125 0.0078125 0.015625
0 0.9421875 0.2890625 0.009375 0.015625
0 0.91484375 0.25078125 0.0109375 0.0203125
0 0.946875 0.24609375 0.0125 0.0296875
0 0.94140625 0.34921875 0.0171875 0.0265625
0 0.9453125 0.5546875 0.021875 0.0375
