0 0.921875 0.1484375 0.025 0.046875
0 0.99765625 0.340625 0.0046875 0.01875
0 0.97109375 0.26484375 0.0109375 0.0203125
0 0.225 0.21328125 0.021875 0.0359375
0 0.1171875 0.1015625 0.025 0.028125
0 0.2640625 0.2796875 0.028125 0.01875
0 0.3 0.47421875 0.034375 0.0359375
0 0.1453125 0.121875 0.028125 0.025
0 0.21484375 0.18046875 0.0234375 0.0265625
0 0.20546875 0.23984375 0.0171875 0.0171875
0 0.2546875 0.25546875 0.015625 0.0203125
0 0.23515625 0.39453125 0.0234375 0.0328125
0 0.31484375 0.4171875 0.0234375 0.0375
0 0.3421875 0.58125 0.028125 0.040625
0 0.38515625 0.6796875 0.0203125 0.025
0 0.41171875 0.740625 0.0203125 0.025
0 0.47734375 0.878125 0.0203125 0.0375
0 0.978125 0.28671875 0.015625 0.0203125
0 0.9609375 0.23515625 0.021875 0.0296875
