0 0.55234375 0.18828125 0.0109375 0.0234375
0 0.540625 0.4640625 0.021875 0.040625
0 0.628125 0.875 0.0125 0.01875
0 0.61484375 0.028125 0.0140625 0.021875
0 0.6109375 0.1859375 0.0125 0.025
0 0.55234375 0.64765625 0.0140625 0.0265625
0 0.61953125 0.69921875 0.0109375 0.0140625
0 0.56328125 0.76796875 0.0140625 0.0171875
0 0.57734375 0.8515625 0.0078125 0.015625
0 0.56875 0.8484375 0.009375 0.0125
0 0.56640625 0.86015625 0.0078125 0.0140625
0 0.61484375 0.97578125 0.0109375 0.0203125
0 0.55390625 0.30234375 0.0078125 0.0140625
0 0.55625 0.31171875 0.009375 0.0171875
0 0.63203125 0.91953125 0.0140625 0.0171875
