0 0.5203125 0.44921875 0.009375 0.0203125
0 0.53984375 0.378125 0.0078125 0.015625
0 0.53359375 0.38046875 0.0078125 0.0171875
0 0.54375 0.3875 0.009375 0.015625
0 0.58046875 0.653125 0.0140625 0.03125
0 0.5484375 0.81953125 0.009375 0.0203125
0 0.6125 0.95234375 0.009375 0.0171875
0 0.5328125 0.73359375 0.009375 0.0171875
0 0.52421875 0.71953125 0.0078125 0.0140625
0 0.525 0.73125 0.009375 0.01875
0 0.525 0.534375 0.0125 0.03125
0 0.52109375 0.5640625 0.0109375 0.025
0 0.57421875 0.54296875 0.0109375 0.0203125
0 0.54140625 0.3 0.0140625 0.025
0 0.51796875 0.58828125 0.0109375 0.0234375
0 0.59140625 0.73125 0.0109375 0.01875
0 0.54296875 0.94921875 0.0140625 0.0234375
