0 0.359375 0.9875 0.028125 0.025
0 0.2984375 0.86171875 0.028125 0.0328125
0 0.2953125 0.69296875 0.0375 0.0515625
0 0.1671875 0.60703125 0.034375 0.0453125
0 0.14453125 0.48515625 0.0296875 0.0203125
0 0.1078125 0.4796875 0.0125 0.021875
0 0.0453125 0.40859375 0.021875 0.0296875
0 0.06171875 0.3171875 0.0234375 0.025
0 0.01328125 0.25 0.0234375 0.028125
0 0.121875 0.42734375 0.03125 0.0515625
0 0.00625 0.340625 0.0125 0.01875
0 0.00859375 0.21953125 0.0171875 0.0203125
0 0.10703125 0.3828125 0.0203125 0.01875
0 0.23828125 0.7484375 0.0234375 0.0375
0 0.271875 0.80859375 0.01875 0.0265625
0 0.3703125 0.87734375 0.03125 0.0421875
0 0.32734375 0.91875 0.0171875 0.025
