0 0.22578125 0.28671875 0.0109375 0.0203125
0 0.23984375 0.1703125 0.0109375 0.015625
0 0.253125 0.39609375 0.0125 0.0203125
0 0.27421875 0.42265625 0.0140625 0.0234375
0 0.3109375 0.48046875 0.009375 0.0140625
0 0.33203125 0.5046875 0.0109375 0.015625
0 0.33515625 0.51875 0.0109375 0.0125
0 0.340625 0.53046875 0.009375 0.0140625
0 0.34296875 0.54921875 0.0109375 0.0140625
0 0.36875 0.7609375 0.01875 0.025
0 0.928125 0.05546875 0.009375 0.0171875
0 0.94296875 0.68984375 0.0140625 0.0234375
0 0.9453125 0.70546875 0.009375 0.0140625
0 0.93515625 0.34296875 0.0078125 0.0140625
0 0.934375 0.3640625 0.00625 0.0125
0 0.93671875 0.35546875 0.0078125 0.0171875
0 0.94296875 0.6125 0.0109375 0.021875
0 0.9546875 0.96875 0.021875 0.0375
0 0.93359375 0.18203125 0.0109375 0.0265625
