0 0.92578125 0.73359375 0.0140625 0.0296875
0 0.35 0.09140625 0.015625 0.0234375
0 0.93046875 0.13671875 0.0140625 0.0203125
0 0.94609375 0.31015625 0.0109375 0.0203125
0 0.925 0.64921875 0.009375 0.0171875
0 0.92578125 0.55625 0.0109375 0.01875
0 0.92734375 0.859375 0.0109375 0.021875
0 0.93125 0.90546875 0.0125 0.0234375
0 0.93203125 0.359375 0.0171875 0.03125
0 0.24375 0.40234375 0.015625 0.0359375
0 0.225 0.53984375 0.015625 0.0390625
0 0.2515625 0.33359375 0.0125 0.0203125
0 0.27109375 0.2546875 0.0109375 0.021875
0 0.2953125 0.1796875 0.0125 0.021875
0 0.28125 0.2046875 0.0125 0.015625
0 0.240625 0.74140625 0.0125 0.0203125
0 0.23125 0.95078125 0.0125 0.0171875
0 0.98515625 0.18125 0.0203125 0.021875
0 0.91953125 0.46328125 0.0140625 0.0421875
0 0.92734375 0.76484375 0.0109375 0.0234375
0 0.9984375 0.175 0.003125 0.01875
