0 0.9546875 0.93984375 0.0125 0.0171875
0 0.9453125 0.703125 0.009375 0.015625
0 0.92734375 0.059375 0.0078125 0.009375
0 0.928125 0.0515625 0.009375 0.009375
0 0.94375 0.690625 0.009375 0.015625
0 0.95703125 0.77578125 0.0109375 0.0203125
0 0.94375 0.61328125 0.009375 0.0203125
0 0.94140625 0.59296875 0.0078125 0.0140625
0 0.36875 0.76328125 0.015625 0.0234375
0 0.33984375 0.5296875 0.0109375 0.015625
0 0.34296875 0.54921875 0.0109375 0.0171875
0 0.33203125 0.5046875 0.0078125 0.0125
0 0.20078125 0.13515625 0.0109375 0.0203125
0 0.27421875 0.42265625 0.0171875 0.0265625
0 0.25390625 0.396875 0.0140625 0.01875
0 0.22734375 0.28828125 0.0140625 0.0390625
0 0.2390625 0.16953125 0.009375 0.0171875
0 0.940625 0.56640625 0.009375 0.0203125
0 0.93984375 0.49765625 0.0078125 0.0171875
0 0.9359375 0.34296875 0.009375 0.0171875
0 0.9375 0.35859375 0.009375 0.0109375
0 0.934375 0.36328125 0.00625 0.0171875
0 0.93359375 0.18125 0.0109375 0.03125
