0 0.13359375 0.03828125 0.0140625 0.0171875
0 0.12421875 0.04765625 0.0109375 0.0171875
0 0.0984375 0.0765625 0.015625 0.01875
0 0.0859375 0.08125 0.0125 0.01875
0 0.06484375 0.25625 0.0140625 0.01875
0 0.06015625 0.296875 0.0140625 0.025
0 0.028125 0.4515625 0.0125 0.025
0 0.02265625 0.4796875 0.0078125 0.015625
0 0.01640625 0.4875 0.0078125 0.015625
0 0.32109375 0.3984375 0.0109375 0.01875
0 0.3015625 0.028125 0.015625 0.025
0 0.0046875 0.9921875 0.009375 0.015625
0 0.35 0.14140625 0.0125 0.0171875
0 0.56796875 0.14140625 0.0109375 0.0203125
0 0.66796875 0.140625 0.0109375 0.015625
0 0.8921875 0.4203125 0.028125 0.025
0 0.31015625 0.05 0.0203125 0.028125
0 0.0015625 0.64453125 0.003125 0.0296875
0 0.003125 0.95859375 0.00625 0.0359375
