0 0.86484375 0.828125 0.0234375 0.034375
0 0.4640625 0.38671875 0.046875 0.0484375
0 0.30234375 0.203125 0.0453125 0.040625
0 0.1328125 0.02265625 0.021875 0.0296875
0 0.19375 0.090625 0.040625 0.04375
0 0.37734375 0.28671875 0.0546875 0.0484375
0 0.41875 0.334375 0.021875 0.03125
0 0.59375 0.52421875 0.03125 0.0328125
0 0.62890625 0.55859375 0.0328125 0.0265625
0 0.66875 0.59921875 0.034375 0.0359375
0 0.696875 0.63125 0.01875 0.028125
0 0.74453125 0.690625 0.0296875 0.034375
0 0.903125 0.8703125 0.046875 0.05
0 0.81953125 0.77109375 0.0328125 0.0359375
