0 0.35078125 0.2390625 0.0140625 0.015625
0 0.34765625 0.65 0.0203125 0.03125
0 0.353125 0.18125 0.0125 0.028125
0 0.35234375 0.2234375 0.0140625 0.028125
0 0.35 0.26015625 0.0125 0.0296875
0 0.35234375 0.4078125 0.0109375 0.03125
0 0.3609375 0.44609375 0.0125 0.0234375
0 0.36015625 0.46328125 0.0078125 0.0234375
0 0.3609375 0.53671875 0.0125 0.0234375
0 0.35234375 0.5546875 0.0140625 0.034375
0 0.35859375 0.5765625 0.0109375 0.021875
0 0.35390625 0.78984375 0.0109375 0.0234375
0 0.34921875 0.8484375 0.0140625 0.028125
0 0.3515625 0.99296875 0.009375 0.0140625
