0 0.03671875 0.07109375 0.0171875 0.0359375
0 0.03359375 0.15859375 0.0171875 0.0328125
0 0.04140625 0.19296875 0.0203125 0.0328125
0 0.08671875 0.46640625 0.0171875 0.0328125
0 0.0859375 0.49921875 0.01875 0.0296875
0 0.659375 0.0640625 0.025 0.025
0 0.5578125 0.19453125 0.025 0.0453125
0 0.51328125 0.3140625 0.0296875 0.0375
0 0.4328125 0.57265625 0.015625 0.0234375
0 0.06328125 0.5875 0.0203125 0.040625
0 0.1453125 0.72890625 0.0125 0.0203125
0 0.12109375 0.8484375 0.0171875 0.03125
0 0.39921875 0.77734375 0.0265625 0.0359375
0 0.42109375 0.6671875 0.0203125 0.03125
0 0.50703125 0.46015625 0.0203125 0.0296875
0 0.04453125 0.4046875 0.0234375 0.034375
0 0.1671875 0.99375 0.025 0.0125
0 0.1140625 0.66875 0.0375 0.046875
