0 0.98359375 0.4 0.0234375 0.04375
0 0.96171875 0.3109375 0.0296875 0.05
0 0.45 0.46953125 0.025 0.0328125
0 0.46171875 0.36015625 0.0203125 0.0265625
0 0.46640625 0.55390625 0.0234375 0.0359375
0 0.2578125 0.9859375 0.021875 0.025
0 0.0765625 0.9234375 0.015625 0.040625
0 0.08125 0.703125 0.021875 0.04375
0 0.07734375 0.66171875 0.0234375 0.0203125
0 0.41015625 0.36640625 0.0171875 0.0296875
0 0.3703125 0.5015625 0.01875 0.05
0 0.35234375 0.54140625 0.0140625 0.0203125
0 0.346875 0.834375 0.034375 0.034375
0 0.98984375 0.45390625 0.0203125 0.0546875
