0 0.6171875 0.60234375 0.034375 0.0484375
0 0.8390625 0.83984375 0.028125 0.0328125
0 0.3234375 0.28203125 0.01875 0.0234375
0 0.2875 0.23515625 0.0125 0.0203125
0 0.4734375 0.4265625 0.040625 0.040625
0 0.39609375 0.35390625 0.0453125 0.0484375
0 0.5921875 0.56875 0.0125 0.015625
0 0.54296875 0.5203125 0.0203125 0.028125
0 0.565625 0.525 0.01875 0.025
0 0.66796875 0.65390625 0.0390625 0.0359375
0 0.7921875 0.7875 0.015625 0.04375
0 0.87421875 0.87734375 0.0171875 0.0203125
0 0.9015625 0.9046875 0.015625 0.015625
0 0.06953125 0.00546875 0.0359375 0.0109375
