0 0.89296875 0.29296875 0.0171875 0.0171875
0 0.865625 0.3140625 0.01875 0.01875
0 0.3015625 0.9171875 0.03125 0.040625
0 0.49609375 0.71015625 0.0265625 0.0328125
0 0.41796875 0.8046875 0.0390625 0.03125
0 0.5890625 0.61171875 0.046875 0.0484375
0 0.5046875 0.93671875 0.021875 0.0234375
0 0.521875 0.9125 0.01875 0.021875
0 0.5609375 0.8734375 0.0375 0.040625
0 0.75625 0.66796875 0.040625 0.0453125
0 0.6890625 0.50625 0.03125 0.0375
0 0.83125 0.58203125 0.034375 0.0359375
0 0.87578125 0.46953125 0.0203125 0.0265625
0 0.97578125 0.19921875 0.0328125 0.0359375
0 0.928125 0.24765625 0.034375 0.0359375
0 0.87578125 0.421875 0.0171875 0.025
