0 0.096875 0.20390625 0.034375 0.0296875
0 0.0515625 0.2375 0.0375 0.025
0 0.8734375 0.371875 0.025 0.028125
0 0.01328125 0.2703125 0.0265625 0.0375
0 0.92578125 0.31171875 0.0265625 0.0234375
0 0.51015625 0.92890625 0.0203125 0.0265625
0 0.475 0.96796875 0.040625 0.0515625
0 0.58828125 0.6890625 0.0171875 0.03125
0 0.63828125 0.6171875 0.0265625 0.01875
0 0.89921875 0.3390625 0.0171875 0.028125
0 0.3125 0.01328125 0.01875 0.0265625
0 0.2625 0.04609375 0.04375 0.0515625
0 0.22421875 0.10390625 0.0265625 0.0203125
0 0.1859375 0.14140625 0.0375 0.0359375
