0 0.26484375 0.3640625 0.0140625 0.028125
0 0.31484375 0.0859375 0.0078125 0.025
0 0.296875 0.1125 0.0125 0.025
0 0.28125 0.13984375 0.015625 0.0328125
0 0.28984375 0.209375 0.0109375 0.021875
0 0.26953125 0.1859375 0.0109375 0.028125
0 0.265625 0.23984375 0.015625 0.0359375
0 0.28125 0.2625 0.0125 0.028125
0 0.278125 0.396875 0.015625 0.03125
0 0.2765625 0.4453125 0.009375 0.025
0 0.27578125 0.5015625 0.0171875 0.034375
0 0.27734375 0.534375 0.0140625 0.025
0 0.2734375 0.6671875 0.021875 0.053125
0 0.27421875 0.58671875 0.0171875 0.0265625
0 0.2671875 0.7359375 0.028125 0.046875
0 0.27578125 0.815625 0.0140625 0.028125
0 0.2859375 0.9703125 0.028125 0.05
