0 0.71484375 0.71484375 0.0109375 0.0171875
0 0.70078125 0.73515625 0.0140625 0.0421875
0 0.70078125 0.79453125 0.0171875 0.0234375
0 0.71015625 0.87421875 0.0140625 0.0203125
0 0.709375 0.90234375 0.0125 0.0296875
0 0.73046875 0.89375 0.0078125 0.015625
0 0.7328125 0.92109375 0.0125 0.0171875
0 0.73046875 0.946875 0.0078125 0.01875
0 0.7375 0.9828125 0.009375 0.009375
0 0.71171875 0.3625 0.0109375 0.01875
0 0.715625 0.58984375 0.015625 0.0203125
0 0.71328125 0.52109375 0.0109375 0.0203125
0 0.70234375 0.553125 0.0171875 0.028125
0 0.690625 0.52265625 0.0125 0.0234375
0 0.69453125 0.48515625 0.0140625 0.0203125
0 0.71171875 0.47578125 0.0109375 0.0234375
0 0.73203125 0.196875 0.0140625 0.021875
0 0.696875 0.3734375 0.015625 0.03125
0 0.6953125 0.4453125 0.025 0.034375
