0 0.08046875 0.86015625 0.0234375 0.0234375
0 0.159375 0.7953125 0.025 0.025
0 0.29921875 0.64375 0.0203125 0.021875
0 0.25 0.69765625 0.034375 0.0359375
0 0.07890625 0.9515625 0.0203125 0.015625
0 0.10234375 0.9625 0.0234375 0.0125
0 0.1390625 0.87109375 0.01875 0.0171875
0 0.1453125 0.88828125 0.0125 0.0109375
0 0.1734375 0.97109375 0.021875 0.0234375
0 0.68984375 0.43984375 0.0171875 0.0203125
0 0.7125 0.4828125 0.015625 0.01875
0 0.6890625 0.50234375 0.015625 0.0234375
0 0.71640625 0.54609375 0.0234375 0.0296875
0 0.95859375 0.82421875 0.0171875 0.0203125
