0 0.34296875 0.5484375 0.0109375 0.015625
0 0.33515625 0.51484375 0.0171875 0.0359375
0 0.27578125 0.421875 0.0109375 0.021875
0 0.25234375 0.39609375 0.0109375 0.0203125
0 0.2265625 0.2875 0.0125 0.025
0 0.23984375 0.17265625 0.0109375 0.0171875
0 0.95546875 0.9671875 0.0234375 0.03125
0 0.9546875 0.93671875 0.0125 0.0203125
0 0.96015625 0.8046875 0.0265625 0.0375
0 0.95625 0.7734375 0.009375 0.015625
0 0.9515625 0.73359375 0.009375 0.0265625
0 0.94453125 0.6953125 0.0109375 0.025
0 0.94296875 0.6109375 0.0109375 0.01875
0 0.9421875 0.59375 0.00625 0.0125
0 0.9359375 0.353125 0.0125 0.04375
0 0.93359375 0.18203125 0.0140625 0.0328125
0 0.928125 0.0546875 0.0125 0.01875
0 0.9421875 0.56796875 0.009375 0.0265625
0 0.36953125 0.7625 0.0171875 0.025
