0 0.94765625 0.36328125 0.0203125 0.0328125
0 0.9375 0.56015625 0.015625 0.0359375
0 0.9375 0.65078125 0.01875 0.0265625
0 0.9375 0.74765625 0.01875 0.0671875
0 0.93984375 0.865625 0.0140625 0.025
0 0.9375 0.9046875 0.0125 0.021875
0 0.934375 0.98671875 0.015625 0.0265625
0 0.36796875 0.0890625 0.0109375 0.021875
0 0.534375 0.08125 0.025 0.021875
0 0.57734375 0.0875 0.0203125 0.01875
0 0.31328125 0.17421875 0.0140625 0.0203125
0 0.2984375 0.20234375 0.0125 0.0203125
0 0.2875 0.25 0.015625 0.01875
0 0.26640625 0.3296875 0.0140625 0.01875
0 0.2578125 0.396875 0.021875 0.0375
0 0.23671875 0.5375 0.0171875 0.034375
0 0.25 0.73515625 0.0125 0.0203125
0 0.23671875 0.946875 0.0140625 0.021875
0 0.69609375 0.10078125 0.0296875 0.0234375
0 0.9015625 0.1 0.0125 0.015625
0 0.9484375 0.14140625 0.009375 0.0171875
0 0.99453125 0.1796875 0.0109375 0.03125
0 0.96484375 0.3109375 0.0171875 0.028125
0 0.934375 0.47109375 0.0125 0.0453125
