0 0.2625 0.2140625 0.021875 0.04375
0 0.99296875 0.7296875 0.0140625 0.040625
0 0.971875 0.703125 0.009375 0.025
0 0.990625 0.61875 0.01875 0.028125
0 0.95859375 0.5921875 0.0171875 0.0375
0 0.95 0.5453125 0.015625 0.040625
0 0.89296875 0.4984375 0.0109375 0.025
0 0.8625 0.29765625 0.01875 0.0234375
0 0.98203125 0.38515625 0.0296875 0.0359375
0 0.97109375 0.28046875 0.0171875 0.0265625
0 0.81953125 0.196875 0.0203125 0.0375
0 0.96953125 0.1984375 0.0265625 0.0375
0 0.975 0.0 0.015625 0.0
0 0.959375 0.01328125 0.01875 0.0265625
0 0.28359375 0.94140625 0.0171875 0.0359375
0 0.0890625 0.75546875 0.01875 0.0265625
0 0.28046875 0.72890625 0.0234375 0.0453125
0 0.0875 0.4046875 0.0375 0.04375
0 0.24765625 0.1125 0.0296875 0.03125
0 0.20078125 0.17578125 0.0234375 0.0328125
0 0.153125 0.2390625 0.040625 0.0375
