0 0.38046875 0.38125 0.0078125 0.040625
0 0.39375 0.3953125 0.015625 0.05
0 0.39453125 0.43203125 0.0109375 0.0203125
0 0.3890625 0.4703125 0.0125 0.059375
0 0.39921875 0.54453125 0.0109375 0.0296875
0 0.396875 0.603125 0.01875 0.05625
0 0.3828125 0.66953125 0.0125 0.0140625
0 0.3765625 0.7 0.015625 0.034375
0 0.365625 0.75625 0.015625 0.028125
0 0.35625 0.80859375 0.021875 0.0390625
0 0.3515625 0.88359375 0.0125 0.0234375
0 0.34140625 0.9125 0.0109375 0.028125
0 0.34140625 0.93984375 0.0109375 0.0265625
0 0.35390625 0.2109375 0.0171875 0.0375
0 0.33984375 0.1609375 0.0265625 0.053125
