0 0.39609375 0.2859375 0.0140625 0.01875
0 0.315625 0.190625 0.01875 0.01875
0 0.9859375 0.975 0.01875 0.01875
0 0.64453125 0.58046875 0.0515625 0.0578125
0 0.56875 0.48671875 0.034375 0.0359375
0 0.50703125 0.415625 0.0265625 0.034375
0 0.2828125 0.14765625 0.034375 0.0390625
0 0.18359375 0.03203125 0.0546875 0.0578125
0 0.47109375 0.37265625 0.0328125 0.0421875
0 0.4359375 0.328125 0.05 0.040625
0 0.68359375 0.6328125 0.0140625 0.034375
0 0.6796875 0.65390625 0.0125 0.0421875
0 0.7046875 0.65546875 0.0125 0.0203125
0 0.73125 0.68828125 0.0125 0.0359375
0 0.77578125 0.7375 0.0234375 0.03125
0 0.80234375 0.76171875 0.0140625 0.0140625
0 0.85625 0.82109375 0.021875 0.0234375
