0 0.63125 0.85859375 0.01875 0.0390625
0 0.5609375 0.75625 0.0125 0.015625
0 0.64609375 0.90078125 0.0109375 0.0203125
0 0.5890625 0.7828125 0.03125 0.034375
0 0.50234375 0.709375 0.0109375 0.0125
0 0.48359375 0.6890625 0.0203125 0.025
0 0.39921875 0.63125 0.0359375 0.028125
0 0.30859375 0.53359375 0.0609375 0.0734375
0 0.26171875 0.3328125 0.0203125 0.034375
0 0.2546875 0.27265625 0.021875 0.0359375
0 0.23359375 0.14765625 0.0265625 0.0453125
0 0.19921875 0.046875 0.0265625 0.034375
0 0.175 0.01171875 0.03125 0.0234375
