0 0.29375 0.46875 0.009375 0.021875
0 0.2953125 0.58125 0.015625 0.05625
0 0.290625 0.51171875 0.00625 0.0328125
0 0.29921875 0.53359375 0.0078125 0.0328125
0 0.2953125 0.63828125 0.009375 0.0359375
0 0.29375 0.734375 0.0125 0.034375
0 0.27421875 0.92890625 0.0109375 0.0484375
0 0.296875 0.134375 0.021875 0.071875
0 0.3 0.2890625 0.015625 0.046875
0 0.29609375 0.3421875 0.0078125 0.015625
0 0.2875 0.9171875 0.0125 0.034375
0 0.28984375 0.94609375 0.0109375 0.0203125
0 0.2890625 0.9890625 0.0125 0.021875
0 0.29609375 0.853125 0.0140625 0.071875
