0 0.984375 0.87890625 0.015625 0.0328125
0 0.2234375 0.00859375 0.015625 0.0171875
0 0.2359375 0.04765625 0.015625 0.0515625
0 0.22578125 0.07734375 0.0109375 0.0265625
0 0.23359375 0.2078125 0.0109375 0.015625
0 0.240625 0.3 0.015625 0.028125
0 0.22734375 0.271875 0.0109375 0.028125
0 0.21796875 0.32265625 0.0109375 0.0328125
0 0.21640625 0.40703125 0.0078125 0.0171875
0 0.20390625 0.41484375 0.0140625 0.0328125
0 0.18828125 0.47578125 0.0140625 0.0359375
0 0.18359375 0.51875 0.0171875 0.040625
0 0.1328125 0.66171875 0.0125 0.0234375
0 0.1109375 0.73125 0.009375 0.025
0 0.16640625 0.54375 0.0109375 0.01875
0 0.1140625 0.78671875 0.0125 0.0234375
0 0.11953125 0.86484375 0.0140625 0.0296875
0 0.06484375 0.83984375 0.0171875 0.0234375
0 0.06640625 0.87734375 0.0140625 0.0296875
0 0.0640625 0.9578125 0.0125 0.040625
0 0.12109375 0.96640625 0.0109375 0.0203125
0 0.1109375 0.9953125 0.0125 0.009375
0 0.96640625 0.02265625 0.0140625 0.0296875
0 0.9640625 0.0890625 0.01875 0.04375
0 0.97109375 0.41953125 0.0140625 0.0328125
0 0.97578125 0.5296875 0.0171875 0.03125
0 0.80703125 0.24921875 0.0171875 0.0296875
0 0.8265625 0.31484375 0.0125 0.0328125
0 0.7796875 0.47578125 0.0125 0.0359375
0 0.7828125 0.55859375 0.0125 0.0203125
0 0.79375 0.6828125 0.01875 0.040625
0 0.79296875 0.8390625 0.0203125 0.065625
0 0.98046875 0.9078125 0.0109375 0.025
0 0.965625 0.984375 0.01875 0.03125
