0 0.01484375 0.51328125 0.0296875 0.0328125
0 0.07578125 0.4390625 0.0359375 0.034375
0 0.1234375 0.37890625 0.028125 0.0359375
0 0.27890625 0.18984375 0.0296875 0.0328125
0 0.346875 0.1078125 0.015625 0.015625
0 0.4453125 0.00234375 0.01875 0.0046875
0 0.55390625 0.996875 0.0328125 0.00625
0 0.63203125 0.93125 0.0359375 0.028125
0 0.66171875 0.8703125 0.0265625 0.021875
0 0.6953125 0.815625 0.025 0.025
0 0.725 0.7734375 0.0125 0.0625
0 0.7515625 0.77109375 0.021875 0.0234375
0 0.8171875 0.6734375 0.025 0.01875
0 0.83046875 0.64765625 0.0234375 0.0203125
0 0.8640625 0.64140625 0.025 0.0171875
0 0.85703125 0.6140625 0.0328125 0.03125
0 0.896875 0.57734375 0.025 0.0203125
0 0.9828125 0.52890625 0.034375 0.0265625
0 0.96171875 0.490625 0.0359375 0.0375
