0 0.09140625 0.009375 0.0078125 0.01875
0 0.0796875 0.04765625 0.0125 0.0265625
0 0.09453125 0.1421875 0.0140625 0.025
0 0.08828125 0.1703125 0.0078125 0.009375
0 0.1 0.3046875 0.009375 0.0375
0 0.09140625 0.3453125 0.0109375 0.015625
0 0.09765625 0.41171875 0.0109375 0.0234375
0 0.10703125 0.5140625 0.0078125 0.01875
0 0.11171875 0.5640625 0.0140625 0.028125
0 0.109375 0.5890625 0.0125 0.021875
0 0.115625 0.6125 0.00625 0.0125
0 0.1203125 0.67421875 0.00625 0.0140625
0 0.1203125 0.70078125 0.00625 0.0140625
0 0.11484375 0.703125 0.0078125 0.025
0 0.11953125 0.7625 0.0078125 0.021875
0 0.11015625 0.76171875 0.0078125 0.0265625
0 0.11171875 0.78828125 0.0078125 0.0171875
0 0.11640625 0.80390625 0.0078125 0.0140625
0 0.128125 0.871875 0.009375 0.021875
0 0.12109375 0.91875 0.0078125 0.021875
0 0.134375 0.9625 0.009375 0.021875
0 0.128125 0.996875 0.009375 0.00625
