0 0.1953125 0.22734375 0.009375 0.0171875
0 0.1890625 0.1953125 0.015625 0.01875
0 0.1828125 0.06796875 0.009375 0.0234375
0 0.1703125 0.0109375 0.021875 0.021875
0 0.2203125 0.971875 0.009375 0.028125
0 0.228125 0.94140625 0.009375 0.0234375
0 0.21171875 0.8890625 0.0109375 0.01875
0 0.22734375 0.88515625 0.0171875 0.0515625
0 0.22734375 0.79921875 0.0109375 0.0546875
0 0.22421875 0.75546875 0.0109375 0.0140625
0 0.221875 0.71015625 0.015625 0.0203125
0 0.2203125 0.6609375 0.034375 0.040625
0 0.22265625 0.615625 0.0234375 0.03125
0 0.209375 0.5359375 0.009375 0.015625
0 0.19765625 0.5140625 0.0078125 0.0125
0 0.2078125 0.51328125 0.009375 0.0234375
0 0.2171875 0.47421875 0.015625 0.0234375
0 0.203125 0.45625 0.0125 0.0375
0 0.2 0.41015625 0.021875 0.0203125
0 0.1875 0.359375 0.0125 0.0125
0 0.20390625 0.3125 0.0078125 0.0125
0 0.19140625 0.28984375 0.0171875 0.0453125
