0 0.80234375 0.6015625 0.0109375 0.021875
0 0.07890625 0.91953125 0.0234375 0.0265625
0 0.7203125 0.00234375 0.0125 0.0046875
0 0.7171875 0.0359375 0.0125 0.01875
0 0.72890625 0.0640625 0.0140625 0.021875
0 0.7359375 0.22578125 0.015625 0.0296875
0 0.7375 0.26328125 0.015625 0.0328125
0 0.7328125 0.36484375 0.009375 0.0203125
0 0.7421875 0.378125 0.009375 0.01875
0 0.7296875 0.48671875 0.009375 0.0171875
0 0.7375 0.5015625 0.00625 0.034375
0 0.80078125 0.53828125 0.0140625 0.0234375
0 0.74453125 0.65078125 0.0078125 0.0171875
0 0.75078125 0.6640625 0.0078125 0.015625
0 0.75234375 0.85546875 0.0140625 0.0359375
