0 0.475 0.18203125 0.0125 0.0265625
0 0.45859375 0.13203125 0.0078125 0.0203125
0 0.44765625 0.1046875 0.0078125 0.015625
0 0.43046875 0.06796875 0.0140625 0.0359375
0 0.50546875 0.3296875 0.0109375 0.015625
0 0.4234375 0.4125 0.009375 0.01875
0 0.5109375 0.48359375 0.009375 0.0328125
0 0.53359375 0.58125 0.0140625 0.01875
0 0.52421875 0.6234375 0.0109375 0.025
0 0.4515625 0.6703125 0.015625 0.034375
0 0.4453125 0.7 0.0125 0.021875
0 0.52734375 0.7140625 0.0109375 0.053125
0 0.53984375 0.68984375 0.0109375 0.0203125
0 0.54140625 0.7421875 0.0140625 0.028125
0 0.53671875 0.78125 0.0109375 0.046875
0 0.53359375 0.84140625 0.0109375 0.0203125
0 0.45859375 0.95234375 0.0140625 0.0171875
0 0.54921875 0.97578125 0.0140625 0.0203125
