0 0.903125 0.29140625 0.00625 0.0234375
0 0.91171875 0.69140625 0.0171875 0.0234375
0 0.159375 0.78984375 0.0125 0.0328125
0 0.21484375 0.2015625 0.0171875 0.021875
0 0.15859375 0.1953125 0.0109375 0.025
0 0.15234375 0.26171875 0.0078125 0.0203125
0 0.15 0.046875 0.009375 0.034375
0 0.30546875 0.059375 0.0109375 0.01875
0 0.2609375 0.37578125 0.0125 0.0171875
0 0.24296875 0.35 0.0109375 0.021875
0 0.1515625 0.421875 0.00625 0.021875
0 0.89453125 0.1265625 0.0109375 0.03125
0 0.8953125 0.2203125 0.009375 0.028125
