0 0.48359375 0.27734375 0.0078125 0.0234375
0 0.48671875 0.16328125 0.0078125 0.0296875
0 0.4953125 0.20546875 0.009375 0.0296875
0 0.38984375 0.2375 0.0078125 0.025
0 0.38125 0.265625 0.009375 0.021875
0 0.4953125 0.2640625 0.009375 0.03125
0 0.39296875 0.35234375 0.0078125 0.0140625
0 0.3921875 0.3671875 0.00625 0.01875
0 0.4140625 0.4515625 0.00625 0.034375
0 0.41015625 0.4859375 0.0109375 0.025
0 0.428125 0.56953125 0.009375 0.0484375
0 0.45625 0.61171875 0.009375 0.0171875
0 0.43671875 0.6109375 0.0078125 0.025
