0 0.56171875 0.4171875 0.0078125 0.01875
0 0.31484375 0.1953125 0.0203125 0.009375
0 0.278125 0.178125 0.021875 0.00625
0 0.5765625 0.6921875 0.00625 0.015625
0 0.4671875 0.2484375 0.0125 0.0125
0 0.4046875 0.37265625 0.015625 0.0234375
0 0.5765625 0.41328125 0.00625 0.0171875
0 0.56796875 0.51796875 0.0078125 0.0234375
0 0.4046875 0.50625 0.009375 0.0125
0 0.39921875 0.52890625 0.0078125 0.0171875
0 0.403125 0.59140625 0.009375 0.0203125
0 0.571875 0.6265625 0.00625 0.028125
0 0.56953125 0.70703125 0.0109375 0.0140625
0 0.50390625 0.04921875 0.0234375 0.0171875
0 0.5546875 0.02734375 0.01875 0.0140625
0 0.69375 0.03125 0.015625 0.009375
0 0.71171875 0.02421875 0.0140625 0.0078125
0 0.77734375 0.03046875 0.0203125 0.0078125
0 0.8421875 0.01015625 0.021875 0.0078125
0 0.81328125 0.01484375 0.0234375 0.0109375
0 0.8578125 0.1390625 0.025 0.009375
0 0.965625 0.09375 0.009375 0.034375
0 0.92421875 0.19609375 0.0203125 0.0078125
0 0.95390625 0.1796875 0.0078125 0.025
0 0.9421875 0.165625 0.01875 0.009375
0 0.96171875 0.1890625 0.0171875 0.009375
0 0.9796875 0.18515625 0.01875 0.0109375
0 0.865625 0.19765625 0.01875 0.0078125
0 0.81171875 0.19765625 0.0265625 0.0078125
0 0.83828125 0.1984375 0.0265625 0.009375
0 0.7875 0.18828125 0.01875 0.0078125
0 0.7625 0.16015625 0.0125 0.0078125
0 0.7453125 0.1734375 0.021875 0.009375
0 0.7625 0.1796875 0.021875 0.009375
0 0.6625 0.1765625 0.025 0.00625
0 0.653125 0.18515625 0.0125 0.0078125
0 0.6515625 0.1984375 0.025 0.009375
0 0.62734375 0.18203125 0.0265625 0.0109375
0 0.565625 0.1890625 0.01875 0.01875
0 0.56953125 0.2328125 0.0078125 0.01875
0 0.4421875 0.178125 0.021875 0.009375
0 0.35703125 0.18203125 0.0296875 0.0171875
0 0.39375 0.19375 0.015625 0.015625
0 0.40234375 0.21328125 0.0078125 0.0234375
0 0.3 0.1171875 0.034375 0.00625
0 0.24140625 0.14609375 0.0078125 0.0390625
0 0.15390625 0.0140625 0.0203125 0.0125
0 0.1609375 0.20078125 0.021875 0.0109375
0 0.1953125 0.2015625 0.015625 0.0125
0 0.25546875 0.19765625 0.0140625 0.0078125
0 0.15703125 0.18515625 0.0296875 0.0109375
0 0.5734375 0.75234375 0.009375 0.0234375
0 0.56015625 0.78984375 0.0109375 0.0140625
0 0.40625 0.7140625 0.00625 0.009375
0 0.44453125 0.75546875 0.0078125 0.0234375
0 0.578125 0.82265625 0.009375 0.0296875
0 0.575 0.99921875 0.00625 0.0015625
