0 0.85546875 0.15 0.0140625 0.040625
0 0.86328125 0.11953125 0.0109375 0.0234375
0 0.859375 0.04296875 0.0125 0.0140625
0 0.85703125 0.221875 0.0078125 0.015625
0 0.86328125 0.2296875 0.0078125 0.03125
0 0.85234375 0.34765625 0.0109375 0.0140625
0 0.865625 0.3578125 0.009375 0.025
0 0.8609375 0.415625 0.01875 0.028125
0 0.85234375 0.49453125 0.0109375 0.0234375
0 0.86015625 0.53046875 0.0109375 0.0171875
0 0.85234375 0.665625 0.0140625 0.015625
0 0.86328125 0.69765625 0.0109375 0.0234375
0 0.8515625 0.73046875 0.009375 0.0203125
0 0.859375 0.740625 0.009375 0.01875
0 0.8671875 0.7703125 0.015625 0.025
0 0.853125 0.77890625 0.0125 0.0140625
0 0.85625 0.91640625 0.0125 0.0640625
0 0.8671875 0.92890625 0.009375 0.0265625
