0 0.090625 0.49921875 0.00625 0.0203125
0 0.09609375 0.546875 0.0109375 0.04375
0 0.0953125 0.6296875 0.009375 0.021875
0 0.08984375 0.65859375 0.0109375 0.0203125
0 0.10703125 0.6765625 0.0078125 0.01875
0 0.046875 0.7421875 0.0125 0.01875
0 0.1078125 0.77734375 0.009375 0.0390625
0 0.1015625 0.86484375 0.009375 0.0328125
0 0.11796875 0.98671875 0.0109375 0.0265625
0 0.0859375 0.3921875 0.009375 0.040625
0 0.08671875 0.34375 0.0078125 0.034375
0 0.071875 0.05546875 0.009375 0.0171875
0 0.07734375 0.3484375 0.0078125 0.021875
0 0.05703125 0.28828125 0.0140625 0.0203125
0 0.07734375 0.3109375 0.0109375 0.021875
0 0.071875 0.2078125 0.015625 0.034375
0 0.065625 0.1609375 0.009375 0.028125
0 0.06953125 0.134375 0.0078125 0.03125
0 0.07734375 0.11328125 0.0078125 0.0203125
0 0.08125 0.50703125 0.009375 0.0296875
