0 0.440625 0.12109375 0.009375 0.0328125
0 0.44375 0.01171875 0.0125 0.0234375
0 0.44765625 0.0 0.0078125 0.0
0 0.44609375 0.10234375 0.0109375 0.0453125
0 0.45390625 0.16875 0.0078125 0.021875
0 0.45859375 0.2109375 0.0109375 0.01875
0 0.465625 0.34375 0.009375 0.015625
0 0.45234375 0.33125 0.0171875 0.065625
0 0.44921875 0.40625 0.0171875 0.05625
0 0.4578125 0.4875 0.009375 0.025
0 0.4421875 0.03203125 0.0125 0.0171875
0 0.4484375 0.50625 0.009375 0.021875
0 0.46328125 0.528125 0.0078125 0.0125
0 0.46640625 0.60234375 0.0109375 0.0328125
0 0.4515625 0.59296875 0.01875 0.0296875
0 0.45390625 0.66015625 0.0109375 0.0328125
0 0.465625 0.6296875 0.0125 0.01875
0 0.47265625 0.76328125 0.0078125 0.0171875
0 0.4578125 0.8125 0.0125 0.021875
0 0.47109375 0.80625 0.0078125 0.021875
0 0.47734375 0.8296875 0.0109375 0.025
0 0.478125 0.9328125 0.009375 0.01875
0 0.48671875 0.9890625 0.0140625 0.021875
