0 0.21015625 0.0109375 0.0078125 0.01875
0 0.1984375 0.221875 0.00625 0.025
0 0.1984375 0.27421875 0.00625 0.0171875
0 0.20390625 0.3421875 0.0046875 0.03125
0 0.19609375 0.36171875 0.0078125 0.0171875
0 0.2109375 0.296875 0.00625 0.046875
0 0.20390625 0.28203125 0.0046875 0.0140625
0 0.2 0.4125 0.00625 0.021875
0 0.21953125 0.43203125 0.0078125 0.0265625
0 0.21015625 0.45625 0.0109375 0.0375
0 0.21640625 0.5109375 0.0078125 0.021875
0 0.2046875 0.609375 0.009375 0.015625
0 0.22578125 0.66484375 0.0078125 0.0328125
0 0.21875 0.70078125 0.00625 0.0203125
0 0.221875 0.73203125 0.00625 0.0203125
0 0.23125 0.7515625 0.009375 0.028125
0 0.2125 0.80859375 0.009375 0.0234375
0 0.2296875 0.834375 0.00625 0.0125
0 0.2265625 0.85 0.009375 0.025
0 0.2234375 0.896875 0.00625 0.03125
0 0.23203125 0.909375 0.0078125 0.0375
0 0.2375 0.88515625 0.00625 0.0203125
0 0.2375 0.96484375 0.009375 0.0296875
0 0.2171875 0.98515625 0.00625 0.0234375
0 0.23125 0.99375 0.009375 0.0125
0 0.9 0.00078125 0.00625 0.0015625
0 0.8984375 0.08203125 0.009375 0.0296875
0 0.89921875 0.14296875 0.0109375 0.0328125
0 0.9 0.18671875 0.00625 0.0140625
0 0.9078125 0.27421875 0.009375 0.0234375
0 0.909375 0.3046875 0.009375 0.0125
0 0.9078125 0.3234375 0.00625 0.009375
0 0.915625 0.31796875 0.009375 0.0109375
0 0.91796875 0.45078125 0.0078125 0.0359375
0 0.93203125 0.61875 0.0109375 0.025
0 0.9234375 0.6390625 0.0125 0.021875
0 0.93359375 0.66015625 0.0078125 0.0203125
0 0.946875 0.85390625 0.009375 0.0265625
0 0.94296875 0.88359375 0.0078125 0.0234375
0 0.95234375 0.98359375 0.0109375 0.0203125
