0 0.009375 0.07734375 0.009375 0.0171875
0 0.0171875 0.1125 0.009375 0.021875
0 0.17265625 0.146875 0.0078125 0.015625
0 0.17109375 0.16875 0.0109375 0.015625
0 0.171875 0.23671875 0.009375 0.0203125
0 0.165625 0.28515625 0.0125 0.0265625
0 0.0203125 0.22109375 0.009375 0.0265625
0 0.01171875 0.26015625 0.0078125 0.0203125
0 0.0140625 0.309375 0.009375 0.015625
0 0.01953125 0.28046875 0.0078125 0.0140625
0 0.165625 0.34296875 0.009375 0.0171875
0 0.17421875 0.36953125 0.0109375 0.0203125
0 0.01953125 0.41015625 0.0078125 0.0296875
0 0.02734375 0.4296875 0.0078125 0.0125
0 0.16171875 0.3984375 0.0109375 0.015625
0 0.16484375 0.50546875 0.0078125 0.0234375
0 0.1734375 0.51640625 0.009375 0.0265625
0 0.0578125 0.84296875 0.009375 0.0359375
0 0.06640625 0.86640625 0.0078125 0.0265625
0 0.08125 0.790625 0.015625 0.015625
0 0.10078125 0.725 0.0109375 0.0375
0 0.08046875 0.9828125 0.0078125 0.0125
0 0.0828125 0.99375 0.009375 0.0125
0 0.0671875 0.99375 0.009375 0.0125
0 0.06953125 0.971875 0.0078125 0.009375
