0 0.52578125 0.0015625 0.0078125 0.003125
0 0.54140625 0.01796875 0.0078125 0.0140625
0 0.5421875 0.04375 0.009375 0.015625
0 0.53828125 0.0703125 0.0078125 0.025
0 0.53515625 0.125 0.0078125 0.028125
0 0.5453125 0.2328125 0.009375 0.028125
0 0.53203125 0.23671875 0.0109375 0.0265625
0 0.540625 0.275 0.009375 0.01875
0 0.540625 0.3421875 0.0125 0.03125
0 0.5359375 0.384375 0.009375 0.01875
0 0.54765625 0.93125 0.0046875 0.015625
0 0.54765625 0.803125 0.0078125 0.03125
0 0.5453125 0.60546875 0.00625 0.0140625
0 0.54296875 0.50859375 0.0078125 0.0265625
