0 0.8890625 0.50546875 0.009375 0.0453125
0 0.1765625 0.06484375 0.015625 0.0578125
0 0.178125 0.1796875 0.009375 0.021875
0 0.171875 0.2421875 0.0125 0.025
0 0.15625 0.43671875 0.0125 0.0203125
0 0.15390625 0.53984375 0.0140625 0.0265625
0 0.165625 0.4609375 0.0125 0.01875
0 0.16171875 0.51484375 0.0109375 0.0140625
0 0.1484375 0.60625 0.009375 0.01875
0 0.14921875 0.63046875 0.0078125 0.0171875
0 0.15390625 0.65 0.0109375 0.0125
0 0.1453125 0.72734375 0.0125 0.0296875
0 0.13515625 0.7890625 0.0109375 0.021875
0 0.1453125 0.7953125 0.009375 0.0375
0 0.1375 0.83046875 0.009375 0.0203125
0 0.128125 0.90234375 0.009375 0.0140625
0 0.128125 0.9234375 0.00625 0.025
0 0.13671875 0.940625 0.0109375 0.03125
0 0.134375 0.9953125 0.009375 0.009375
0 0.8734375 0.6328125 0.009375 0.028125
0 0.86015625 0.690625 0.0109375 0.015625
0 0.85703125 0.71171875 0.0078125 0.0203125
0 0.8484375 0.89921875 0.0125 0.0234375
