0 0.428125 0.08984375 0.009375 0.0203125
0 0.42734375 0.10859375 0.0078125 0.0140625
0 0.43359375 0.1265625 0.0078125 0.01875
0 0.4265625 0.15390625 0.00625 0.0234375
0 0.42734375 0.196875 0.0078125 0.025
0 0.41796875 0.21953125 0.0140625 0.0296875
0 0.43359375 0.2484375 0.0109375 0.025
0 0.42265625 0.25625 0.0109375 0.040625
0 0.428125 0.30078125 0.0125 0.0484375
0 0.43671875 0.30546875 0.0078125 0.0171875
0 0.4328125 0.3421875 0.015625 0.01875
0 0.43828125 0.36171875 0.0078125 0.0171875
0 0.4265625 0.4171875 0.009375 0.025
0 0.4328125 0.44921875 0.0125 0.0296875
0 0.43046875 0.49609375 0.0140625 0.0296875
0 0.44609375 0.5671875 0.0078125 0.028125
0 0.43515625 0.56953125 0.0109375 0.0359375
0 0.43671875 0.61171875 0.0140625 0.0484375
0 0.4421875 0.65234375 0.009375 0.0203125
0 0.434375 0.66953125 0.0125 0.0234375
0 0.43125 0.6921875 0.009375 0.015625
0 0.45390625 0.70078125 0.0078125 0.0234375
0 0.440625 0.75078125 0.01875 0.0578125
0 0.4546875 0.75390625 0.009375 0.0109375
0 0.44140625 0.7984375 0.0078125 0.021875
0 0.45 0.8078125 0.009375 0.021875
0 0.44296875 0.83359375 0.0109375 0.0296875
0 0.45546875 0.91015625 0.0234375 0.0546875
0 0.4484375 0.95546875 0.009375 0.0265625
0 0.45859375 0.95703125 0.0109375 0.0203125
0 0.45390625 0.990625 0.0203125 0.01875
