0 0.21796875 0.07265625 0.0109375 0.0203125
0 0.23515625 0.09609375 0.0109375 0.0234375
0 0.21796875 0.11875 0.0078125 0.01875
0 0.2265625 0.0375 0.0125 0.0375
0 0.228125 0.2984375 0.009375 0.01875
0 0.2171875 0.37890625 0.00625 0.0484375
0 0.2328125 0.38125 0.009375 0.0625
0 0.22734375 0.446875 0.0109375 0.021875
0 0.2296875 0.4953125 0.009375 0.01875
0 0.2171875 0.5296875 0.009375 0.028125
0 0.23046875 0.67265625 0.0109375 0.0203125
0 0.2328125 0.7765625 0.009375 0.025
0 0.234375 0.80703125 0.0125 0.0359375
0 0.21953125 0.8265625 0.0140625 0.01875
0 0.23203125 0.88671875 0.0046875 0.0171875
0 0.234375 0.91171875 0.00625 0.0296875
0 0.2234375 0.9171875 0.00625 0.015625
0 0.2234375 0.940625 0.009375 0.028125
0 0.23671875 0.94453125 0.0078125 0.0234375
0 0.94921875 0.00625 0.0078125 0.0125
0 0.96015625 0.02421875 0.0078125 0.0171875
0 0.96171875 0.0859375 0.0078125 0.01875
0 0.95234375 0.10546875 0.0078125 0.0328125
0 0.96171875 0.16171875 0.0109375 0.0140625
0 0.9515625 0.2109375 0.0125 0.021875
0 0.96484375 0.23671875 0.0078125 0.0265625
0 0.95859375 0.26875 0.0046875 0.015625
0 0.96484375 0.3171875 0.0078125 0.03125
0 0.96328125 0.365625 0.0109375 0.015625
0 0.95703125 0.50078125 0.0078125 0.0453125
0 0.96796875 0.490625 0.0078125 0.015625
0 0.959375 0.54296875 0.0125 0.0171875
0 0.9609375 0.64140625 0.0125 0.0265625
0 0.96640625 0.68984375 0.0140625 0.0546875
0 0.97109375 0.76953125 0.0078125 0.0328125
0 0.96640625 0.803125 0.0109375 0.028125
0 0.97734375 0.81953125 0.0078125 0.0234375
0 0.97578125 0.95546875 0.0109375 0.0265625
0 0.9859375 0.9953125 0.0125 0.009375
