0 0.55234375 0.415625 0.0078125 0.015625
0 0.55234375 0.43203125 0.0046875 0.0140625
0 0.55234375 0.453125 0.0046875 0.015625
0 0.56796875 0.575 0.0078125 0.025
0 0.56484375 0.6890625 0.0109375 0.01875
0 0.5609375 0.71484375 0.00625 0.0171875
0 0.571875 0.76171875 0.003125 0.0140625
0 0.56875 0.8390625 0.00625 0.021875
0 0.5765625 0.86875 0.009375 0.034375
0 0.565625 0.87421875 0.009375 0.0203125
0 0.58046875 0.91484375 0.0109375 0.0234375
0 0.57890625 0.940625 0.0078125 0.01875
0 0.5359375 0.02109375 0.009375 0.0296875
0 0.55234375 0.0921875 0.0078125 0.01875
0 0.540625 0.10859375 0.009375 0.0171875
0 0.54609375 0.13515625 0.0046875 0.0140625
0 0.5421875 0.1484375 0.00625 0.0125
0 0.55625 0.1484375 0.009375 0.025
0 0.5453125 0.18359375 0.00625 0.0140625
0 0.546875 0.2296875 0.009375 0.03125
0 0.55859375 0.32265625 0.0078125 0.0265625
