0 0.2078125 0.0265625 0.009375 0.028125
0 0.2140625 0.1 0.009375 0.0125
0 0.20390625 0.12890625 0.0109375 0.0203125
0 0.2171875 0.16640625 0.009375 0.0203125
0 0.20546875 0.21796875 0.0140625 0.0328125
0 0.20078125 0.39765625 0.0140625 0.0328125
0 0.2125 0.43828125 0.00625 0.0328125
0 0.209375 0.52890625 0.00625 0.0171875
0 0.20546875 0.55546875 0.0109375 0.0328125
0 0.21796875 0.5984375 0.0109375 0.025
0 0.2125 0.63828125 0.0125 0.0296875
0 0.20703125 0.72578125 0.0109375 0.0453125
0 0.20078125 0.7875 0.0109375 0.028125
0 0.19609375 0.9 0.0078125 0.01875
0 0.2125 0.90078125 0.0125 0.0234375
0 0.2078125 0.93359375 0.00625 0.0140625
0 0.2015625 0.9484375 0.00625 0.028125
0 0.21640625 0.95546875 0.0078125 0.0203125
0 0.85078125 0.071875 0.0109375 0.021875
0 0.85859375 0.2078125 0.0109375 0.034375
0 0.87109375 0.29765625 0.0109375 0.0171875
0 0.86640625 0.41015625 0.0109375 0.0328125
0 0.8671875 0.459375 0.009375 0.01875
0 0.87421875 0.55234375 0.0140625 0.0421875
0 0.878125 0.63046875 0.009375 0.0265625
0 0.8921875 0.65 0.009375 0.0375
0 0.89375 0.81875 0.009375 0.015625
0 0.9234375 0.8375 0.0125 0.009375
0 0.884375 0.77265625 0.0125 0.0234375
0 0.89296875 0.90703125 0.0140625 0.0203125
0 0.89375 0.96796875 0.00625 0.0171875
0 0.9 0.98984375 0.00625 0.0203125
