0 0.74375 0.071875 0.040625 0.04375
0 0.70703125 0.10078125 0.0328125 0.0328125
0 0.6125 0.25546875 0.028125 0.0390625
0 0.553125 0.33984375 0.015625 0.0140625
0 0.4359375 0.546875 0.025 0.021875
0 0.48046875 0.45234375 0.0171875 0.0421875
0 0.490625 0.46171875 0.015625 0.0328125
0 0.36953125 0.6578125 0.0171875 0.03125
0 0.3484375 0.6796875 0.015625 0.04375
0 0.23671875 0.86328125 0.0296875 0.0359375
0 0.18046875 0.94453125 0.0203125 0.0265625
0 0.19921875 0.92890625 0.0296875 0.0359375
0 0.33203125 0.6984375 0.0171875 0.025
0 0.30234375 0.77421875 0.0265625 0.0328125
0 0.4484375 0.51328125 0.021875 0.0421875
0 0.7703125 0.01328125 0.03125 0.0265625
