0 0.465625 0.0796875 0.015625 0.05625
0 0.45703125 0.12265625 0.0140625 0.0171875
0 0.4578125 0.15390625 0.0125 0.0234375
0 0.46015625 0.1921875 0.0171875 0.034375
0 0.45390625 0.2203125 0.0078125 0.025
0 0.459375 0.2390625 0.00625 0.0125
0 0.47109375 0.32109375 0.0171875 0.0203125
0 0.46484375 0.46640625 0.0171875 0.0453125
0 0.45859375 0.5234375 0.0171875 0.046875
0 0.46484375 0.6421875 0.0140625 0.028125
0 0.45234375 0.67578125 0.0203125 0.0390625
0 0.4578125 0.75078125 0.015625 0.0328125
0 0.4640625 0.715625 0.00625 0.01875
0 0.4515625 0.83203125 0.0125 0.0296875
0 0.45078125 0.86171875 0.0140625 0.0140625
0 0.45625 0.91015625 0.0125 0.0234375
0 0.45 0.925 0.0125 0.015625
0 0.45859375 0.93828125 0.0171875 0.0234375
