0 0.09609375 0.4734375 0.0109375 0.025
0 0.08984375 0.5203125 0.0109375 0.015625
0 0.09375 0.60234375 0.015625 0.0421875
0 0.09453125 0.69921875 0.0296875 0.0484375
0 0.10703125 0.815625 0.0140625 0.015625
0 0.1046875 0.89921875 0.01875 0.0703125
0 0.10625 0.971875 0.015625 0.05
0 0.06640625 0.02578125 0.0140625 0.0234375
0 0.07578125 0.05234375 0.0109375 0.0171875
0 0.0703125 0.10078125 0.01875 0.0265625
0 0.0671875 0.1296875 0.0125 0.015625
0 0.05703125 0.16875 0.0171875 0.0375
0 0.0765625 0.17265625 0.0125 0.0265625
0 0.078125 0.225 0.021875 0.05625
0 0.08046875 0.38359375 0.0328125 0.0484375
0 0.084375 0.47109375 0.0125 0.0390625
