0 0.56953125 0.78125 0.0140625 0.034375
0 0.5609375 0.64921875 0.01875 0.0265625
0 0.56015625 0.6203125 0.0109375 0.021875
0 0.55703125 0.5765625 0.0140625 0.021875
0 0.55390625 0.48359375 0.0203125 0.0515625
0 0.55625 0.3671875 0.009375 0.015625
0 0.54765625 0.3765625 0.0109375 0.040625
0 0.546875 0.3109375 0.009375 0.015625
0 0.53828125 0.21640625 0.0140625 0.0171875
0 0.5296875 0.1625 0.009375 0.015625
0 0.5375 0.19140625 0.009375 0.0203125
0 0.5390625 0.12578125 0.009375 0.0140625
0 0.528125 0.1140625 0.009375 0.0375
0 0.53046875 0.0203125 0.0109375 0.040625
0 0.57421875 0.98203125 0.0140625 0.0265625
