0 0.128125 0.46875 0.009375 0.059375
0 0.1203125 0.4421875 0.00625 0.015625
0 0.2984375 0.2609375 0.009375 0.025
0 0.2859375 0.26640625 0.009375 0.0484375
0 0.121875 0.5390625 0.00625 0.009375
0 0.1359375 0.56015625 0.009375 0.0171875
0 0.1421875 0.58984375 0.009375 0.0234375
0 0.30234375 0.5765625 0.0109375 0.01875
0 0.29921875 0.5359375 0.0109375 0.028125
0 0.296875 0.49921875 0.0125 0.0328125
0 0.29609375 0.61328125 0.0078125 0.0140625
0 0.30546875 0.68046875 0.0078125 0.0203125
0 0.265625 0.65234375 0.00625 0.0078125
0 0.27890625 0.64375 0.0140625 0.021875
0 0.13984375 0.68671875 0.0078125 0.0140625
0 0.13046875 0.70703125 0.0078125 0.0328125
0 0.1296875 0.6609375 0.009375 0.01875
0 0.30546875 0.79453125 0.0109375 0.0328125
0 0.290625 0.90078125 0.021875 0.0359375
0 0.146875 0.89453125 0.00625 0.0171875
0 0.29765625 0.9234375 0.0109375 0.009375
0 0.3 0.95390625 0.00625 0.0140625
0 0.2984375 0.971875 0.00625 0.01875
0 0.1625 0.96171875 0.009375 0.0265625
0 0.16484375 0.9875 0.0109375 0.025
0 0.13515625 0.40078125 0.0078125 0.0296875
0 0.2953125 0.33515625 0.009375 0.0359375
0 0.29609375 0.384375 0.0078125 0.021875
0 0.13359375 0.31640625 0.0109375 0.0421875
0 0.12890625 0.2 0.0109375 0.028125
0 0.28359375 0.21484375 0.0109375 0.0203125
0 0.284375 0.07734375 0.00625 0.0109375
0 0.15859375 0.04453125 0.0109375 0.0140625
0 0.27890625 0.0984375 0.0078125 0.021875
