0 0.15546875 0.83515625 0.0109375 0.0515625
0 0.0609375 0.10625 0.015625 0.021875
0 0.1234375 0.059375 0.025 0.025
0 0.14453125 0.090625 0.0109375 0.0125
0 0.13984375 0.10625 0.0140625 0.040625
0 0.0125 0.17890625 0.015625 0.0203125
0 0.0078125 0.25390625 0.015625 0.0203125
0 0.00390625 0.31953125 0.0078125 0.0140625
0 0.00703125 0.3578125 0.0140625 0.01875
0 0.00546875 0.4015625 0.0109375 0.025
0 0.00234375 0.43203125 0.0046875 0.0171875
0 0.0015625 0.50546875 0.003125 0.0140625
0 0.00078125 0.56171875 0.0015625 0.0265625
0 0.00625 0.59375 0.0125 0.0375
0 0.00390625 0.65078125 0.0078125 0.0171875
0 0.16171875 0.4859375 0.0078125 0.021875
0 0.14921875 0.234375 0.0140625 0.05
0 0.159375 0.378125 0.00625 0.0125
0 0.1515625 0.15078125 0.0125 0.0390625
0 0.16171875 0.58046875 0.0140625 0.0234375
0 0.1625 0.6046875 0.009375 0.015625
0 0.15546875 0.6375 0.0078125 0.028125
0 0.00234375 0.7296875 0.0046875 0.01875
0 0.00234375 0.8109375 0.0046875 0.015625
0 0.1671875 0.8828125 0.009375 0.034375
0 0.0046875 0.8953125 0.00625 0.040625
0 0.01640625 0.92109375 0.0109375 0.0328125
0 0.1640625 0.96640625 0.009375 0.0234375
