0 0.58359375 0.30234375 0.0109375 0.0296875
0 0.58828125 0.4109375 0.0046875 0.021875
0 0.5796875 0.41640625 0.009375 0.0109375
0 0.590625 0.4734375 0.009375 0.021875
0 0.5921875 0.59296875 0.00625 0.0140625
0 0.5953125 0.6796875 0.009375 0.01875
0 0.58125 0.69375 0.00625 0.0125
0 0.59375 0.7015625 0.00625 0.00625
0 0.58203125 0.671875 0.0078125 0.0125
0 0.5859375 0.875 0.009375 0.021875
0 0.59375 0.9140625 0.009375 0.015625
0 0.590625 0.971875 0.009375 0.021875
0 0.58203125 0.271875 0.0078125 0.028125
0 0.575 0.00546875 0.00625 0.0109375
0 0.5765625 0.0609375 0.009375 0.021875
0 0.5765625 0.09453125 0.00625 0.0171875
0 0.5765625 0.1171875 0.00625 0.01875
