0 0.90625 0.09296875 0.015625 0.0234375
0 0.19609375 0.30234375 0.0109375 0.0140625
0 0.2171875 0.36875 0.01875 0.04375
0 0.19140625 0.215625 0.0171875 0.034375
0 0.1890625 0.259375 0.015625 0.028125
0 0.153125 0.05390625 0.0125 0.0234375
0 0.17578125 0.13125 0.0171875 0.028125
0 0.209375 0.32421875 0.0125 0.0328125
0 0.2 0.3265625 0.0125 0.028125
0 0.24375 0.61953125 0.021875 0.0359375
0 0.26015625 0.6859375 0.0140625 0.028125
0 0.315625 0.9984375 0.0125 0.003125
0 0.99609375 0.55 0.0078125 0.028125
0 0.95859375 0.390625 0.0171875 0.034375
0 0.9640625 0.35234375 0.015625 0.0296875
