0 0.61640625 0.0171875 0.0109375 0.01875
0 0.47109375 0.078125 0.0078125 0.01875
0 0.4625 0.1015625 0.009375 0.028125
0 0.4625 0.121875 0.009375 0.00625
0 0.484375 0.13515625 0.009375 0.0109375
0 0.4734375 0.14765625 0.009375 0.0078125
0 0.47890625 0.16953125 0.0078125 0.0078125
0 0.48359375 0.1890625 0.0109375 0.025
0 0.62109375 0.12265625 0.0109375 0.0203125
0 0.6234375 0.21796875 0.009375 0.0296875
0 0.6265625 0.24375 0.00625 0.01875
0 0.62421875 0.296875 0.0078125 0.025
0 0.52109375 0.33984375 0.0046875 0.0140625
0 0.459375 0.3 0.009375 0.009375
0 0.5015625 0.25703125 0.00625 0.0203125
0 0.51015625 0.25546875 0.0078125 0.0265625
0 0.51015625 0.29765625 0.0109375 0.0171875
0 0.4609375 0.36796875 0.009375 0.0140625
0 0.4625 0.38046875 0.00625 0.0109375
0 0.621875 0.4265625 0.009375 0.0125
0 0.53984375 0.4203125 0.0046875 0.0125
0 0.534375 0.45 0.00625 0.0125
0 0.61171875 0.57421875 0.0109375 0.0171875
0 0.584375 0.7984375 0.00625 0.021875
0 0.58671875 0.72578125 0.0078125 0.0109375
0 0.5828125 0.8875 0.009375 0.015625
