0 0.64140625 0.0140625 0.0109375 0.028125
0 0.65546875 0.1515625 0.0078125 0.01875
0 0.653125 0.19921875 0.009375 0.0390625
0 0.65078125 0.25625 0.0171875 0.034375
0 0.6546875 0.2890625 0.015625 0.025
0 0.6578125 0.41640625 0.028125 0.0609375
0 0.6671875 0.5625 0.021875 0.05
0 0.66171875 0.6328125 0.0203125 0.040625
0 0.66875 0.83984375 0.021875 0.0296875
0 0.66484375 0.94453125 0.0171875 0.0171875
0 0.68515625 0.9640625 0.0203125 0.025
0 0.63046875 0.01640625 0.0109375 0.0328125
0 0.00546875 0.88515625 0.0109375 0.0390625
