0 0.376035 0.402109 0.004385 0.007314
0 0.193525 0.168481 0.005947 0.006475
0 0.480466 0.534241 0.004556 0.004458
0 0.421631 0.461506 0.005352 0.005796
0 0.304255 0.310381 0.006997 0.006416
0 0.257642 0.251628 0.005127 0.005698
0 0.186409 0.161616 0.005952 0.006475
0 0.585747 0.663762 0.005410 0.006392
0 0.705698 0.821460 0.004443 0.004785
0 0.644856 0.739724 0.008745 0.010796
0 0.556401 0.633342 0.005654 0.005454
0 0.362744 0.385422 0.006885 0.008198
0 0.321650 0.330442 0.010986 0.013608
0 0.539941 0.611072 0.007227 0.008618
0 0.588020 0.672205 0.006782 0.006782
0 0.655728 0.758713 0.004521 0.007192
0 0.503809 0.562600 0.005273 0.004976
0 0.521655 0.586135 0.005273 0.004976
0 0.710178 0.827754 0.005757 0.005547
0 0.406321 0.438071 0.009526 0.010244
0 0.264426 0.251199 0.007368 0.007446
0 0.444932 0.491301 0.005010 0.007397
0 0.735649 0.859783 0.003789 0.005542
0 0.756355 0.885283 0.011079 0.012393
0 0.462129 0.509463 0.005010 0.007402
0 0.567312 0.646484 0.004370 0.005947
0 0.490542 0.544773 0.004561 0.004458
0 0.454727 0.502632 0.005010 0.007402
0 0.499033 0.556277 0.005273 0.004976
0 0.562329 0.640332 0.005615 0.006348
