0 0.470688 0.887957 0.002529 0.004360
0 0.466355 0.692026 0.001763 0.003779
0 0.466873 0.689890 0.001831 0.003862
0 0.461157 0.459519 0.002100 0.004683
0 0.465107 0.650142 0.002090 0.004443
0 0.465469 0.647480 0.001855 0.002148
0 0.468716 0.800420 0.002344 0.005156
0 0.471094 0.850488 0.001855 0.004004
0 0.472988 0.854500 0.003320 0.002847
0 0.469893 0.856990 0.001895 0.002163
0 0.457373 0.176714 0.005566 0.005518
0 0.460349 0.294919 0.003511 0.007007
0 0.463733 0.515620 0.002056 0.003223
0 0.469238 0.836611 0.002295 0.006396
0 0.470146 0.775122 0.002197 0.004541
0 0.468022 0.775146 0.002930 0.005762
0 0.465037 0.544265 0.002827 0.003179
0 0.465066 0.552026 0.002593 0.004053
0 0.465269 0.529875 0.002510 0.003306
0 0.463994 0.484888 0.002197 0.004785
0 0.469067 0.471313 0.005029 0.004834
0 0.462063 0.396582 0.002642 0.005469
0 0.465532 0.657571 0.002637 0.004009
0 0.464788 0.641724 0.002817 0.004053
0 0.464854 0.638843 0.002490 0.004248
0 0.466863 0.636548 0.002964 0.004834
0 0.466333 0.632715 0.002881 0.004785
0 0.464348 0.615356 0.003110 0.005029
0 0.464763 0.611252 0.003257 0.005132
0 0.466946 0.572449 0.004077 0.008569
0 0.462061 0.474321 0.003369 0.006738
0 0.460527 0.421997 0.003906 0.005908
0 0.459792 0.393560 0.002300 0.003174
0 0.462017 0.390337 0.003906 0.004248
0 0.459915 0.347070 0.002642 0.005469
0 0.461157 0.159131 0.005615 0.005078
0 0.456340 0.155168 0.003823 0.004702
0 0.454805 0.051216 0.003271 0.003711
0 0.453555 0.041250 0.002930 0.003691
0 0.457888 0.230869 0.003286 0.006709
0 0.460283 0.257090 0.006162 0.005752
0 0.459668 0.325867 0.002637 0.006323
0 0.459668 0.251887 0.006025 0.006851
0 0.234895 0.030867 0.008218 0.005610
0 0.232361 0.037646 0.008354 0.006846
0 0.470825 0.880847 0.002295 0.005640
