0 0.911902 0.505623 0.005249 0.004829
0 0.861958 0.410957 0.005039 0.008818
0 0.888503 0.470093 0.007651 0.017285
0 0.318191 0.390205 0.008159 0.007822
0 0.960967 0.589856 0.008877 0.010034
0 0.948760 0.576802 0.004521 0.005342
0 0.919634 0.523765 0.009072 0.011133
0 0.843203 0.375652 0.008135 0.007642
0 0.207554 0.206001 0.004404 0.005879
0 0.756641 0.248481 0.012695 0.015420
0 0.747766 0.232202 0.005669 0.004961
0 0.770833 0.271333 0.005317 0.004893
0 0.218174 0.232603 0.005742 0.011807
0 0.810454 0.329031 0.010156 0.012749
0 0.869365 0.428979 0.007559 0.008740
0 0.834883 0.359119 0.005166 0.004761
0 0.870845 0.442144 0.004980 0.005586
0 0.904092 0.503594 0.004814 0.004814
0 0.186692 0.175789 0.005415 0.005249
0 0.194316 0.175542 0.005898 0.006064
0 0.966421 0.599692 0.005352 0.007061
