0 0.799365 0.233105 0.006719 0.009658
0 0.806504 0.282441 0.005039 0.007139
0 0.824456 0.345955 0.011128 0.017007
0 0.821936 0.327268 0.005249 0.006089
0 0.862896 0.475894 0.005459 0.005664
0 0.870334 0.532966 0.008267 0.008970
0 0.316655 0.093408 0.005244 0.006064
0 0.309607 0.091196 0.005903 0.005576
0 0.321030 0.156250 0.005918 0.012207
0 0.315283 0.120598 0.005947 0.008218
0 0.830303 0.371147 0.004453 0.005137
0 0.832959 0.379536 0.004883 0.004111
0 0.840330 0.355210 0.005747 0.007559
0 0.389324 0.449446 0.008218 0.008423
0 0.906641 0.735190 0.007451 0.012207
0 0.912087 0.760464 0.006509 0.005459
0 0.849082 0.438376 0.009209 0.016060
0 0.876792 0.599695 0.007578 0.016294
0 0.872104 0.553271 0.007559 0.010859
