0 0.752490 0.761519 0.004023 0.004551
0 0.647073 0.140576 0.011616 0.008887
0 0.668835 0.120664 0.004810 0.004180
0 0.689658 0.091433 0.004922 0.003853
0 0.535867 0.290857 0.007368 0.010200
0 0.839326 0.633647 0.005381 0.005098
0 0.808669 0.697881 0.005952 0.006230
0 0.772212 0.726985 0.011357 0.012046
0 0.583481 0.961641 0.011357 0.009678
0 0.575930 0.970457 0.008218 0.006802
0 0.738621 0.774500 0.009673 0.020776
0 0.687927 0.825112 0.003755 0.005664
0 0.811196 0.669585 0.003662 0.004687
0 0.595728 0.943564 0.003672 0.004023
0 0.642617 0.877954 0.004375 0.004375
0 0.643501 0.885127 0.004707 0.004375
0 0.826936 0.648845 0.006997 0.018198
0 0.692200 0.097363 0.004028 0.005039
0 0.666279 0.852615 0.014814 0.009448
