0 0.435422 0.368696 0.006069 0.009570
0 0.581228 0.145852 0.007183 0.008872
0 0.393010 0.038147 0.007056 0.008315
0 0.121343 0.401958 0.005068 0.005381
0 0.121021 0.418606 0.007764 0.006050
0 0.375781 0.084036 0.004375 0.005249
0 0.380330 0.078960 0.004370 0.004199
0 0.386365 0.070212 0.005249 0.005249
0 0.833367 0.585920 0.006323 0.009575
0 0.394341 0.054175 0.007539 0.008223
0 0.349292 0.114834 0.007705 0.007393
0 0.626633 0.084341 0.004897 0.004902
0 0.839973 0.178643 0.004829 0.005879
0 0.733184 0.334016 0.007188 0.005425
0 0.359775 0.872251 0.004551 0.005771
0 0.326621 0.927800 0.006826 0.007700
0 0.686768 0.399163 0.005420 0.010122
0 0.802698 0.628647 0.007349 0.006299
0 0.319521 0.142720 0.006045 0.006650
0 0.231277 0.260618 0.005249 0.006821
0 0.039121 0.535737 0.007861 0.007861
0 0.629971 0.079172 0.005078 0.005444
0 0.562800 0.177319 0.006558 0.007432
0 0.578765 0.153701 0.004668 0.004814
0 0.542310 0.212622 0.007861 0.008350
0 0.519795 0.240454 0.004355 0.005615
0 0.419678 0.393833 0.008301 0.009600
0 0.392620 0.431628 0.007769 0.008608
0 0.328718 0.509949 0.005103 0.005103
0 0.259900 0.610696 0.004810 0.003940
0 0.818521 0.233364 0.004521 0.006562
0 0.742046 0.305464 0.004375 0.004668
0 0.746387 0.300291 0.006348 0.003901
0 0.693789 0.384783 0.003965 0.006763
0 0.682800 0.409988 0.003647 0.005542
0 0.650955 0.483501 0.007173 0.004199
0 0.638845 0.494258 0.005229 0.004639
0 0.608315 0.512229 0.006475 0.004722
0 0.401426 0.802661 0.003496 0.005420
0 0.371643 0.851953 0.004409 0.005879
0 0.385593 0.839160 0.005483 0.004395
0 0.363115 0.865874 0.003965 0.004375
0 0.908933 0.485984 0.006089 0.008608
0 0.477246 0.305459 0.009092 0.011592
