0 0.339597 0.633164 0.007603 0.005547
0 0.537634 0.862095 0.006860 0.006533
0 0.635061 0.239067 0.007173 0.006826
0 0.654761 0.278379 0.012178 0.010078
0 0.435569 0.143318 0.006509 0.008608
0 0.289216 0.898108 0.007192 0.008628
0 0.683025 0.163682 0.007534 0.006680
0 0.654053 0.300139 0.005625 0.008579
0 0.636003 0.418201 0.006216 0.006216
0 0.636445 0.405920 0.005918 0.008286
0 0.597197 0.591624 0.006162 0.008140
0 0.592432 0.631311 0.009121 0.012573
0 0.585676 0.652546 0.007349 0.006929
0 0.274150 0.904446 0.005664 0.008188
0 0.666704 0.181006 0.009863 0.007891
0 0.401626 0.352473 0.009932 0.010767
0 0.439434 0.043359 0.007559 0.015537
0 0.713684 0.065808 0.007788 0.010015
0 0.656587 0.074451 0.008164 0.008462
0 0.378267 0.497034 0.005537 0.007876
0 0.407917 0.297942 0.012095 0.010835
0 0.308240 0.861343 0.006743 0.009961
0 0.311448 0.850781 0.006050 0.009375
0 0.332090 0.661726 0.007012 0.006577
0 0.302566 0.767925 0.007153 0.006406
0 0.386650 0.438948 0.006416 0.013999
0 0.385894 0.410901 0.009238 0.009028
0 0.419929 0.220369 0.007349 0.009448
0 0.301948 0.775076 0.005918 0.005425
0 0.331931 0.746660 0.006655 0.013906
0 0.697852 0.119365 0.006807 0.007559
0 0.560996 0.772627 0.007139 0.010918
0 0.558184 0.789949 0.005039 0.006929
0 0.546040 0.853445 0.008926 0.013472
0 0.409600 0.285183 0.006299 0.011128
0 0.426941 0.199634 0.009741 0.013330
0 0.675918 0.098137 0.007695 0.008579
0 0.688164 0.154351 0.006504 0.006504
0 0.372578 0.518550 0.008223 0.008223
