0 0.358242 0.328926 0.002520 0.002461
0 0.633911 0.831597 0.003174 0.008311
0 0.598711 0.185586 0.004336 0.005918
0 0.543269 0.048972 0.004897 0.006831
0 0.567410 0.065979 0.005913 0.007739
0 0.568406 0.080544 0.005854 0.006694
0 0.574211 0.098660 0.007505 0.007378
0 0.578979 0.149221 0.005713 0.005591
0 0.563745 0.212744 0.006885 0.007715
0 0.351228 0.227632 0.006069 0.007998
0 0.346636 0.172095 0.004883 0.006738
0 0.337266 0.119753 0.003418 0.004438
0 0.351367 0.250366 0.004297 0.006494
0 0.378501 0.809873 0.004463 0.004805
0 0.378638 0.815991 0.004248 0.004248
0 0.397402 0.938530 0.003613 0.005664
0 0.385156 0.948706 0.004980 0.005908
0 0.384399 0.970547 0.004199 0.005469
0 0.324336 0.074761 0.009121 0.010635
0 0.357395 0.313037 0.004536 0.004102
0 0.357471 0.317920 0.003906 0.004922
0 0.572407 0.105703 0.004307 0.004316
0 0.593459 0.118184 0.005063 0.005146
0 0.366411 0.382905 0.003984 0.006094
0 0.368723 0.442207 0.004634 0.005566
0 0.381741 0.550610 0.003911 0.006494
0 0.378794 0.698645 0.004463 0.004712
0 0.360400 0.331079 0.002637 0.004248
0 0.367588 0.429521 0.005000 0.005723
0 0.381743 0.529033 0.002881 0.004785
0 0.379336 0.669453 0.003320 0.004639
0 0.391772 0.684844 0.002881 0.004736
0 0.401685 0.781250 0.003760 0.009668
0 0.572837 0.035076 0.005596 0.003384
0 0.604592 0.275850 0.005083 0.006777
0 0.607705 0.368245 0.002881 0.003384
0 0.607920 0.375024 0.003984 0.005566
0 0.610088 0.386274 0.003516 0.005449
0 0.590820 0.128179 0.004102 0.004385
0 0.598684 0.260171 0.006060 0.004346
0 0.598198 0.267910 0.004688 0.004980
0 0.622319 0.604048 0.003818 0.008789
0 0.616882 0.563091 0.004077 0.005713
0 0.593491 0.081592 0.004395 0.004590
0 0.835024 0.399756 0.004736 0.007520
0 0.386646 0.978296 0.003760 0.004932
0 0.628071 0.748174 0.004297 0.007812
0 0.629197 0.764458 0.004292 0.005811
0 0.628857 0.782085 0.004395 0.005615
0 0.630176 0.840654 0.005029 0.004346
0 0.633232 0.857664 0.002812 0.004009
0 0.621726 0.624639 0.003022 0.005215
0 0.594214 0.246191 0.005713 0.006641
0 0.380273 0.499902 0.005469 0.006152
0 0.380288 0.508047 0.004814 0.007344
