0 0.138633 0.106509 0.004688 0.003857
0 0.583975 0.290718 0.002734 0.005273
0 0.609302 0.395381 0.003760 0.006641
0 0.593247 0.443518 0.002734 0.006177
0 0.135288 0.162634 0.002832 0.003804
0 0.584048 0.227271 0.004043 0.006270
0 0.590991 0.095210 0.003516 0.004834
0 0.574141 0.192188 0.003564 0.005518
0 0.349280 0.172605 0.003560 0.004058
0 0.349058 0.167827 0.003809 0.006582
0 0.114536 0.032966 0.003936 0.008315
0 0.134165 0.199102 0.003809 0.007031
0 0.372861 0.511584 0.003789 0.006128
0 0.120601 0.062612 0.003418 0.004639
