0 0.516885 0.856860 0.005664 0.010498
0 0.442188 0.215200 0.004785 0.006709
0 0.426047 0.278425 0.005591 0.009966
0 0.422781 0.291846 0.010073 0.013350
0 0.394194 0.402275 0.010498 0.007002
0 0.391792 0.432305 0.006045 0.008564
0 0.378777 0.488220 0.004849 0.005688
0 0.314272 0.732959 0.005615 0.010449
0 0.284167 0.835188 0.005688 0.009331
0 0.281238 0.845188 0.005952 0.009624
0 0.746184 0.083789 0.007397 0.009141
0 0.690024 0.089666 0.008271 0.007837
0 0.726135 0.135852 0.007974 0.007202
0 0.656194 0.250891 0.009976 0.009370
0 0.672009 0.290889 0.010884 0.008770
0 0.539644 0.777034 0.006348 0.010581
0 0.534668 0.792224 0.007168 0.008628
0 0.510063 0.864629 0.007139 0.008818
0 0.702681 0.146016 0.005176 0.006904
0 0.573701 0.657617 0.006289 0.007812
0 0.581741 0.638364 0.006909 0.009443
0 0.589360 0.598530 0.006104 0.007910
0 0.641860 0.428989 0.005039 0.007139
0 0.643960 0.417651 0.005459 0.007559
0 0.669365 0.312571 0.005039 0.007769
0 0.690886 0.194788 0.007349 0.008188
0 0.708037 0.178979 0.004824 0.005879
0 0.714971 0.169636 0.006094 0.006929
0 0.706758 0.112754 0.006045 0.010137
0 0.281130 0.758320 0.005396 0.004668
0 0.282839 0.752256 0.005444 0.006758
0 0.243657 0.885698 0.006895 0.009072
0 0.258894 0.879712 0.008345 0.009434
0 0.320020 0.648145 0.005176 0.006250
0 0.330566 0.619709 0.005459 0.006089
0 0.371714 0.508540 0.006299 0.008818
0 0.412551 0.344255 0.005669 0.008608
0 0.449924 0.193193 0.009028 0.010078
0 0.475342 0.039404 0.007617 0.015234
0 0.463716 0.139038 0.005967 0.006787
