0 0.957727 0.294221 0.005796 0.011841
0 0.859683 0.494712 0.003857 0.005859
0 0.868220 0.477620 0.008071 0.010825
0 0.860364 0.487852 0.011206 0.006885
0 0.847964 0.521716 0.003555 0.007651
0 0.947151 0.310171 0.005923 0.009053
0 0.905520 0.382476 0.004175 0.005469
0 0.909001 0.386780 0.005347 0.012124
0 0.810684 0.648862 0.003779 0.005020
0 0.870938 0.461587 0.004199 0.006738
0 0.885110 0.435901 0.005073 0.007349
0 0.975925 0.258672 0.005952 0.013604
0 0.923813 0.351108 0.010859 0.010859
0 0.721213 0.913005 0.006050 0.012397
0 0.764470 0.805588 0.005747 0.009976
0 0.876638 0.457302 0.004829 0.004409
0 0.937937 0.319458 0.004829 0.005039
