0 0.535889 0.423713 0.004053 0.003462
0 0.335686 0.863235 0.006509 0.005249
0 0.135793 0.372668 0.005835 0.004497
0 0.679714 0.871602 0.007466 0.005527
0 0.387019 0.273259 0.006997 0.007876
0 0.980469 0.522622 0.009229 0.007324
0 0.401733 0.905896 0.005039 0.005796
0 0.492632 0.980557 0.006006 0.006250
0 0.500664 0.987148 0.006250 0.004199
0 0.504619 0.993618 0.005762 0.005029
0 0.073745 0.622183 0.003281 0.003281
0 0.064998 0.615381 0.003521 0.003281
0 0.065920 0.309199 0.005591 0.006318
0 0.299082 0.188037 0.007861 0.008770
0 0.504468 0.394165 0.004932 0.004834
0 0.587312 0.471372 0.005396 0.005391
0 0.378979 0.265005 0.008164 0.008018
0 0.843931 0.678699 0.005693 0.004077
0 0.626389 0.509333 0.004009 0.003325
0 0.472009 0.361016 0.004302 0.004131
0 0.472095 0.353674 0.003457 0.002446
0 0.468889 0.348274 0.004468 0.005991
0 0.293064 0.177590 0.009448 0.008745
0 0.448188 0.942419 0.008203 0.007593
0 0.028635 0.577324 0.006558 0.006270
0 0.402664 0.899048 0.005552 0.005625
0 0.862124 0.730588 0.004023 0.009556
0 0.645386 0.531296 0.006064 0.004429
0 0.488765 0.380269 0.006377 0.005430
0 0.349314 0.211672 0.007651 0.005874
0 0.318169 0.210239 0.008740 0.007559
0 0.655994 0.845642 0.006694 0.006968
0 0.594656 0.796125 0.008853 0.008267
0 0.538604 0.740874 0.010000 0.010732
0 0.524514 0.728896 0.008735 0.008027
0 0.480247 0.695134 0.011899 0.010483
0 0.429502 0.920796 0.006689 0.006689
0 0.321687 0.811116 0.007788 0.011333
0 0.161382 0.390959 0.005078 0.005806
0 0.250325 0.480457 0.005366 0.005366
0 0.623772 0.819028 0.006548 0.007812
0 0.689529 0.879746 0.006050 0.007305
0 0.549534 0.441072 0.004663 0.004810
0 0.716138 0.575195 0.005713 0.005371
0 0.337170 0.829478 0.011313 0.005244
0 0.261479 0.752493 0.006396 0.003276
0 0.025220 0.523223 0.008350 0.008047
0 0.324543 0.855198 0.009917 0.006851
0 0.886057 0.435325 0.008921 0.009097
0 0.144673 0.634426 0.007139 0.006089
0 0.083713 0.580977 0.005552 0.005625
0 0.274487 0.808225 0.004619 0.003989
0 0.258320 0.746187 0.005879 0.004619
