0 0.814854 0.055818 0.003857 0.005903
0 0.818628 0.315625 0.005713 0.010547
0 0.818555 0.333760 0.002930 0.004941
0 0.813208 0.307393 0.002686 0.004355
0 0.814233 0.299478 0.003662 0.005322
0 0.815076 0.217725 0.003687 0.005371
0 0.814990 0.213135 0.003760 0.003906
0 0.810413 0.213306 0.003833 0.003955
0 0.813599 0.174106 0.003418 0.004590
0 0.815210 0.130381 0.005127 0.007988
0 0.814673 0.241821 0.003467 0.004639
0 0.820752 0.363647 0.003613 0.005908
0 0.821899 0.370630 0.004541 0.003662
0 0.819448 0.341533 0.003350 0.004746
0 0.823467 0.374204 0.003770 0.004346
0 0.811665 0.273394 0.003174 0.005859
0 0.813403 0.228792 0.002441 0.004438
0 0.810698 0.142329 0.003711 0.005371
0 0.817212 0.112920 0.003076 0.004346
0 0.816392 0.067783 0.003516 0.004805
0 0.813813 0.065405 0.003516 0.005225
0 0.818533 0.051812 0.007671 0.005479
0 0.812375 0.197771 0.004048 0.004946
0 0.809519 0.193499 0.005757 0.003696
