0 0.583921 0.290376 0.002695 0.004512
0 0.114380 0.030703 0.002881 0.002979
0 0.135398 0.162554 0.003081 0.004248
0 0.120723 0.062412 0.003662 0.004980
0 0.614600 0.814429 0.002930 0.004443
0 0.579043 0.174312 0.001953 0.002490
0 0.590818 0.094834 0.003647 0.003242
0 0.812834 0.410498 0.004771 0.006152
0 0.817886 0.418545 0.004736 0.007715
0 0.367642 0.403062 0.002930 0.004590
0 0.584116 0.227900 0.003906 0.006982
0 0.134033 0.198853 0.002754 0.006211
0 0.609380 0.395166 0.002930 0.004834
0 0.144004 0.334282 0.002637 0.004346
0 0.589976 0.317368 0.002393 0.003271
0 0.114780 0.033601 0.003096 0.004185
0 0.604370 0.190356 0.002686 0.003076
0 0.138857 0.106812 0.005420 0.004248
0 0.579409 0.172358 0.002197 0.002393
0 0.574360 0.191602 0.002734 0.004395
0 0.573506 0.198340 0.004150 0.003418
0 0.372910 0.511724 0.003467 0.005957
0 0.593516 0.443389 0.003076 0.005859
0 0.136292 0.155371 0.005493 0.003027
0 0.590269 0.306333 0.002148 0.003418
