0 0.511526 0.897864 0.005386 0.007368
0 0.469231 0.017314 0.008159 0.009385
0 0.422727 0.052566 0.011616 0.008501
0 0.465410 0.837017 0.006611 0.005430
0 0.463523 0.830408 0.007085 0.005903
0 0.514729 0.908916 0.005669 0.012188
0 0.576692 0.361770 0.004370 0.005425
0 0.485784 0.141050 0.006802 0.006553
0 0.490696 0.107163 0.005542 0.004785
0 0.572134 0.350757 0.006895 0.006895
0 0.533860 0.250408 0.004897 0.006997
0 0.516328 0.950215 0.007139 0.008818
0 0.427136 0.694695 0.005640 0.009575
0 0.435266 0.723701 0.006929 0.005039
0 0.399263 0.579988 0.009238 0.007349
0 0.358472 0.479102 0.008770 0.007559
0 0.486990 0.205112 0.009165 0.011279
0 0.285786 0.275479 0.008398 0.008398
0 0.513655 0.170100 0.005425 0.005249
0 0.478269 0.796416 0.008843 0.013262
0 0.394971 0.562544 0.013057 0.022852
0 0.318132 0.372290 0.013755 0.008066
0 0.315000 0.360732 0.007832 0.013711
0 0.693599 0.721274 0.008838 0.007480
0 0.243372 0.175369 0.004536 0.006235
0 0.266296 0.222844 0.007817 0.006460
0 0.218445 0.135291 0.013423 0.011606
0 0.452012 0.064065 0.006270 0.007437
0 0.716140 0.783201 0.006509 0.011548
0 0.629519 0.530029 0.008149 0.010029
0 0.489766 0.117253 0.007363 0.006802
0 0.645193 0.567957 0.008149 0.013169
0 0.505588 0.962612 0.006196 0.006680
0 0.481797 0.071377 0.008564 0.007344
0 0.714407 0.794539 0.010610 0.009790
0 0.688804 0.705996 0.007793 0.011807
0 0.649851 0.588352 0.004897 0.008813
0 0.524597 0.230356 0.012964 0.010166
