0 0.860352 0.551011 0.003857 0.007129
0 0.856709 0.678132 0.003955 0.003706
0 0.853657 0.674204 0.003613 0.004150
0 0.838145 0.282256 0.004102 0.003711
0 0.837925 0.285720 0.004053 0.004292
0 0.837085 0.332844 0.002979 0.004741
0 0.856934 0.547446 0.003516 0.004395
0 0.859248 0.722710 0.003271 0.004883
0 0.861455 0.406709 0.004004 0.003711
0 0.858511 0.410688 0.003936 0.005811
0 0.837861 0.297778 0.004102 0.003857
0 0.866821 0.844858 0.004102 0.005615
0 0.869915 0.855669 0.003599 0.004209
0 0.845288 0.402773 0.004199 0.008057
0 0.843628 0.394856 0.004102 0.006216
0 0.859863 0.698533 0.004102 0.005464
0 0.859546 0.779614 0.004248 0.005420
0 0.859385 0.693835 0.003906 0.004370
