0 0.868145 0.851758 0.003809 0.004688
0 0.858696 0.411221 0.004404 0.008086
0 0.377979 0.130781 0.003906 0.007090
0 0.383079 0.070012 0.004829 0.007046
0 0.853608 0.673994 0.003633 0.005332
0 0.856433 0.678213 0.003491 0.004395
0 0.869609 0.855371 0.003418 0.004785
0 0.861455 0.406318 0.004102 0.004688
0 0.845466 0.403047 0.005835 0.009775
0 0.843218 0.394854 0.005557 0.009141
0 0.376951 0.066619 0.005278 0.005796
0 0.380371 0.102227 0.003223 0.006299
0 0.376035 0.133931 0.003828 0.005967
0 0.837896 0.282869 0.003223 0.004194
0 0.838115 0.286335 0.004053 0.003716
0 0.862395 0.448638 0.005845 0.005312
0 0.854253 0.623647 0.003223 0.005127
0 0.837046 0.333472 0.002832 0.005469
0 0.838228 0.297554 0.002979 0.003174
0 0.830596 0.166311 0.004287 0.004995
0 0.847007 0.079370 0.005518 0.008545
0 0.859326 0.722766 0.003867 0.005483
0 0.842222 0.069424 0.004395 0.006445
0 0.858179 0.787871 0.003955 0.006123
0 0.864678 0.832163 0.003105 0.003926
0 0.866687 0.844919 0.003940 0.006538
0 0.856445 0.642986 0.003516 0.005435
0 0.857471 0.708643 0.002930 0.005469
0 0.857690 0.743423 0.003027 0.004814
0 0.861340 0.744326 0.005396 0.005684
0 0.860950 0.750356 0.005396 0.007490
0 0.861726 0.774006 0.005356 0.005503
0 0.859602 0.779133 0.004653 0.005015
0 0.860920 0.782837 0.004067 0.004639
0 0.864966 0.822344 0.005078 0.006055
0 0.859146 0.612036 0.006865 0.010791
0 0.857676 0.654973 0.004727 0.006919
0 0.854683 0.661467 0.005654 0.006255
