0 0.601587 0.765422 0.004102 0.004312
0 0.822266 0.721963 0.005762 0.008203
0 0.128945 0.645908 0.004932 0.006738
0 0.151909 0.718093 0.004893 0.004351
0 0.147659 0.774604 0.002534 0.004541
0 0.154197 0.780850 0.004360 0.004854
0 0.576675 0.245425 0.002686 0.004004
0 0.578638 0.470522 0.002637 0.005371
0 0.585786 0.630591 0.003311 0.004150
0 0.573657 0.136138 0.002197 0.006592
0 0.577241 0.258989 0.002725 0.007920
0 0.154980 0.597412 0.004590 0.009082
0 0.582202 0.624097 0.003857 0.006982
0 0.582852 0.629736 0.002539 0.004883
0 0.579243 0.629419 0.002725 0.004053
0 0.577700 0.631809 0.003740 0.004253
