0 0.351587 0.227490 0.003760 0.006543
0 0.610256 0.386455 0.003130 0.005273
0 0.608333 0.375576 0.003804 0.006006
0 0.567395 0.066455 0.004419 0.006934
0 0.622302 0.603599 0.003784 0.008789
0 0.381655 0.528682 0.002832 0.006689
0 0.381497 0.550286 0.003794 0.006821
0 0.629932 0.764902 0.003369 0.006104
0 0.616914 0.563555 0.003467 0.006348
0 0.628125 0.747266 0.003809 0.006250
0 0.622119 0.625029 0.003418 0.005527
0 0.594119 0.246096 0.005620 0.005864
0 0.598096 0.267844 0.003418 0.005317
0 0.634756 0.830576 0.003594 0.009785
0 0.368604 0.442212 0.004053 0.005371
