0 0.101711 0.039951 0.004204 0.010596
0 0.817427 0.563823 0.004570 0.009424
0 0.800725 0.154680 0.004380 0.006362
0 0.573267 0.265889 0.006592 0.007510
0 0.802456 0.401675 0.005518 0.008447
0 0.803809 0.409883 0.005859 0.006797
0 0.808569 0.462832 0.005029 0.006953
0 0.806526 0.432610 0.004917 0.005454
0 0.135513 0.596416 0.004834 0.006006
0 0.142305 0.613291 0.003857 0.006738
0 0.134463 0.569956 0.004980 0.006885
0 0.139321 0.567271 0.004346 0.006689
0 0.134578 0.478018 0.006138 0.008164
0 0.134500 0.466865 0.006851 0.008311
0 0.122302 0.400793 0.005063 0.006479
0 0.128076 0.410107 0.003848 0.006279
0 0.117600 0.403274 0.004146 0.006987
0 0.807974 0.267246 0.004521 0.006758
0 0.805869 0.284807 0.004160 0.006450
