0 0.598052 0.267837 0.003076 0.004248
0 0.622742 0.603540 0.003394 0.008447
0 0.622095 0.625083 0.003076 0.005146
0 0.628442 0.748608 0.004736 0.008936
0 0.635020 0.829978 0.003535 0.009663
0 0.351475 0.227861 0.003418 0.005957
0 0.608184 0.375591 0.002832 0.004834
0 0.610293 0.386343 0.002910 0.004521
0 0.617021 0.563516 0.003369 0.005762
0 0.368213 0.442075 0.006250 0.006689
0 0.346604 0.172456 0.003179 0.003906
0 0.594485 0.245332 0.003364 0.006016
0 0.633555 0.857654 0.003613 0.005054
0 0.381665 0.528872 0.003076 0.006250
0 0.381731 0.550757 0.004673 0.007080
0 0.542280 0.049131 0.004639 0.004395
0 0.567444 0.066440 0.002368 0.005635
0 0.573701 0.097971 0.002871 0.002778
0 0.575552 0.099678 0.002295 0.003271
0 0.593560 0.118027 0.002930 0.002979
