0 0.590649 0.196626 0.002783 0.005127
0 0.374150 0.535571 0.002393 0.003955
0 0.374277 0.504292 0.003437 0.005186
0 0.360645 0.324604 0.003320 0.005322
0 0.374150 0.532393 0.001904 0.002100
0 0.375735 0.540500 0.004302 0.003374
0 0.389897 0.740376 0.003232 0.004893
0 0.390371 0.706699 0.004199 0.007178
0 0.592705 0.178638 0.002988 0.004346
0 0.362476 0.150684 0.003271 0.006934
0 0.357178 0.320083 0.003418 0.004150
0 0.835417 0.638508 0.005063 0.006479
0 0.826284 0.481584 0.005498 0.009702
0 0.357456 0.268745 0.003516 0.005273
0 0.356296 0.171194 0.004976 0.005962
0 0.590605 0.210098 0.006494 0.008154
