0 0.211089 0.926418 0.003799 0.003628
0 0.361870 0.453271 0.006045 0.008818
0 0.097153 0.251519 0.004033 0.009072
0 0.108567 0.260305 0.004282 0.009321
0 0.332903 0.314163 0.004546 0.007700
0 0.542119 0.146650 0.006797 0.006211
0 0.531848 0.184377 0.005601 0.005249
0 0.163862 0.699917 0.004619 0.004619
0 0.629680 0.698689 0.004956 0.006851
0 0.802175 0.349878 0.004858 0.004375
0 0.797974 0.369541 0.004375 0.005977
0 0.804097 0.376670 0.004023 0.008926
0 0.098508 0.191899 0.007554 0.008770
0 0.051948 0.074231 0.006953 0.010581
0 0.786384 0.240823 0.005874 0.006089
0 0.681443 0.924063 0.005542 0.009570
0 0.535554 0.086174 0.006509 0.005669
0 0.532427 0.190957 0.005166 0.005176
0 0.594248 0.381692 0.004551 0.007524
0 0.555125 0.281062 0.003628 0.006528
0 0.600259 0.558577 0.004375 0.006851
0 0.584822 0.431729 0.005542 0.007305
0 0.575151 0.245090 0.004727 0.006646
0 0.659719 0.840000 0.004722 0.006299
0 0.645239 0.783250 0.005391 0.005396
0 0.615337 0.598584 0.005322 0.003809
0 0.329766 0.302661 0.006582 0.005566
0 0.408811 0.747773 0.005806 0.007256
0 0.198926 0.872407 0.006123 0.005391
0 0.386426 0.628921 0.005684 0.007002
0 0.309607 0.199978 0.005776 0.005425
0 0.564873 0.306917 0.004619 0.006079
0 0.559297 0.297456 0.004814 0.010059
0 0.546960 0.226040 0.004253 0.005713
0 0.546960 0.218203 0.004009 0.006562
0 0.055442 0.089067 0.006802 0.007559
0 0.140093 0.521912 0.005039 0.004282
0 0.293757 0.111323 0.005249 0.004199
0 0.294541 0.116748 0.004375 0.004199
0 0.316150 0.227893 0.005542 0.008315
0 0.326104 0.268330 0.006299 0.009072
0 0.375637 0.528621 0.006646 0.007349
0 0.368303 0.481973 0.008706 0.010449
0 0.354500 0.438889 0.004839 0.005142
0 0.305623 0.192046 0.005591 0.008994
0 0.200225 0.853018 0.008359 0.004619
0 0.174968 0.711375 0.006216 0.007349
