0 0.360222 0.385908 0.002280 0.007510
0 0.364778 0.389705 0.001772 0.002280
0 0.356470 0.391306 0.001689 0.003462
0 0.360181 0.413835 0.001855 0.007505
0 0.359631 0.429487 0.002446 0.005566
0 0.359211 0.433325 0.001606 0.001436
0 0.350073 0.490027 0.001348 0.003208
0 0.344883 0.508843 0.001436 0.001689
0 0.340188 0.543416 0.002329 0.004048
0 0.338008 0.560425 0.002227 0.009922
0 0.340237 0.564678 0.002026 0.005059
0 0.341704 0.563816 0.001719 0.007798
0 0.337554 0.589587 0.002734 0.006479
0 0.336897 0.594800 0.002026 0.003340
0 0.337012 0.655085 0.002178 0.005063
0 0.339333 0.656702 0.002183 0.004360
0 0.333115 0.793513 0.002188 0.007046
0 0.332202 0.802810 0.001338 0.010083
0 0.333538 0.802383 0.001821 0.003887
0 0.331108 0.827473 0.002549 0.010571
0 0.329216 0.893921 0.002026 0.007510
0 0.326304 0.927122 0.003457 0.006245
0 0.325925 0.937207 0.002700 0.008691
0 0.330776 0.953110 0.001436 0.004727
0 0.332549 0.952434 0.002109 0.002534
0 0.326318 0.971128 0.001270 0.004004
0 0.324878 0.970151 0.001807 0.007422
0 0.324878 0.978550 0.001514 0.003711
0 0.328369 0.979475 0.001855 0.003804
0 0.330273 0.976328 0.001465 0.004150
0 0.329980 0.980796 0.001172 0.003906
0 0.584998 0.254202 0.002798 0.007524
0 0.580186 0.345872 0.002793 0.006079
0 0.581074 0.375571 0.002275 0.005908
0 0.584028 0.375994 0.002451 0.005903
0 0.584534 0.380930 0.001938 0.004136
0 0.584814 0.399248 0.001699 0.005830
0 0.585024 0.403970 0.001855 0.002881
0 0.583828 0.409438 0.001709 0.004053
0 0.579678 0.410635 0.001807 0.005664
0 0.585684 0.409390 0.001807 0.005420
0 0.587600 0.849211 0.003062 0.005249
0 0.585195 0.853877 0.002627 0.006709
0 0.587749 0.855552 0.001895 0.004229
0 0.584492 0.868582 0.001758 0.004849
0 0.584316 0.874348 0.001826 0.005698
0 0.585479 0.877122 0.001758 0.005493
0 0.581294 0.876035 0.003516 0.005273
0 0.587268 0.910698 0.002319 0.006045
0 0.580520 0.901982 0.001479 0.005625
0 0.580344 0.910137 0.001548 0.009424
0 0.578938 0.920049 0.001548 0.004219
0 0.587095 0.917239 0.001826 0.003237
0 0.585283 0.935889 0.002227 0.003340
0 0.580361 0.936562 0.002695 0.003867
0 0.579600 0.940078 0.002109 0.003398
0 0.579629 0.944502 0.002168 0.005332
0 0.586338 0.948662 0.001523 0.003809
0 0.580718 0.957988 0.002822 0.011191
0 0.582827 0.964648 0.002930 0.011523
0 0.582847 0.981560 0.002197 0.004302
0 0.582761 0.986328 0.002192 0.004727
0 0.817615 0.896304 0.004663 0.006270
0 0.817834 0.911687 0.003354 0.002622
0 0.814773 0.887922 0.002769 0.002915
0 0.817834 0.881433 0.002183 0.003062
0 0.817678 0.771079 0.002280 0.002275
0 0.818042 0.698721 0.003848 0.003496
