0 0.627280 0.253403 0.002637 0.003545
0 0.629304 0.241611 0.002026 0.003037
0 0.632090 0.544551 0.003848 0.006074
0 0.628621 0.467834 0.002280 0.004390
0 0.643149 0.491279 0.001348 0.003691
0 0.645933 0.494209 0.002344 0.002988
0 0.644373 0.427144 0.004253 0.006680
0 0.415146 0.884705 0.004199 0.005073
0 0.398184 0.268618 0.002109 0.003516
0 0.632231 0.621670 0.001318 0.004453
0 0.634915 0.621772 0.001616 0.003037
0 0.634468 0.744043 0.001621 0.002432
0 0.632219 0.754182 0.001548 0.003022
0 0.632266 0.860298 0.001436 0.003125
0 0.635703 0.891675 0.001924 0.003750
0 0.627239 0.942998 0.002124 0.005977
0 0.867739 0.910142 0.003037 0.008750
0 0.872961 0.905586 0.002310 0.003281
0 0.857595 0.973054 0.002065 0.003159
0 0.840469 0.914229 0.001689 0.002617
0 0.860327 0.898706 0.001465 0.003984
0 0.861968 0.905562 0.001816 0.003750
0 0.855115 0.868806 0.005591 0.006196
0 0.857058 0.875127 0.004614 0.005225
0 0.854446 0.820071 0.002632 0.003442
0 0.853586 0.805996 0.002329 0.003242
0 0.853838 0.789849 0.002832 0.003545
0 0.854951 0.776433 0.002832 0.006479
0 0.853584 0.762661 0.003340 0.003848
0 0.852405 0.735166 0.003501 0.007725
0 0.855540 0.737424 0.002769 0.005249
0 0.837334 0.724683 0.001719 0.002227
0 0.841111 0.616296 0.003140 0.004761
0 0.839187 0.627180 0.001519 0.002026
0 0.832097 0.638975 0.001519 0.003135
0 0.835754 0.510520 0.001821 0.003950
0 0.836614 0.416357 0.002124 0.004355
0 0.835581 0.363091 0.002734 0.003037
0 0.824641 0.280747 0.002065 0.004375
0 0.826963 0.180776 0.002920 0.004131
0 0.820525 0.148337 0.002671 0.004614
