0 0.767244 0.029985 0.007310 0.008564
0 0.787363 0.055037 0.003936 0.005249
0 0.796475 0.067649 0.002041 0.002476
0 0.808203 0.078857 0.001689 0.004385
0 0.853718 0.140046 0.002319 0.001968
0 0.856602 0.151121 0.002041 0.003306
0 0.871262 0.169683 0.002251 0.002744
0 0.893096 0.196450 0.001934 0.001992
0 0.898943 0.202903 0.001772 0.004067
0 0.905083 0.210408 0.002021 0.005825
0 0.918389 0.225776 0.001406 0.002754
0 0.882598 0.182612 0.002334 0.004961
0 0.135474 0.274004 0.002451 0.003672
0 0.139307 0.283330 0.001406 0.003516
0 0.141802 0.287349 0.001172 0.005186
0 0.147676 0.298403 0.001953 0.002197
0 0.160684 0.322583 0.001855 0.004678
0 0.214543 0.361975 0.001685 0.005132
0 0.225125 0.373750 0.002036 0.006328
0 0.210757 0.432949 0.001816 0.003809
0 0.220542 0.447896 0.002168 0.006514
0 0.233276 0.457634 0.002344 0.005093
0 0.232256 0.460605 0.001699 0.003398
0 0.246816 0.480415 0.002041 0.003867
0 0.266404 0.505410 0.001958 0.004639
0 0.267229 0.502532 0.002534 0.006499
0 0.303347 0.549343 0.002319 0.004849
0 0.294136 0.537813 0.001895 0.002881
0 0.317520 0.570044 0.003027 0.006201
0 0.348799 0.610715 0.002021 0.003970
0 0.283020 0.446946 0.002671 0.007046
0 0.307310 0.478750 0.002227 0.005977
0 0.273821 0.516492 0.001831 0.004497
0 0.451414 0.739351 0.003208 0.010801
0 0.489524 0.733306 0.002368 0.008857
0 0.546084 0.863208 0.001855 0.002197
0 0.602979 0.879424 0.002461 0.002578
0 0.611709 0.890469 0.002344 0.004512
0 0.653867 0.939888 0.002539 0.004150
0 0.656436 0.944070 0.002598 0.003794
0 0.660298 0.936477 0.005273 0.003940
0 0.558420 0.878235 0.002866 0.006079
0 0.149202 0.304922 0.001831 0.004502
0 0.423499 0.637205 0.001460 0.003159
0 0.166079 0.717131 0.002773 0.005542
0 0.138740 0.712168 0.002275 0.003711
0 0.133965 0.705557 0.001523 0.002988
0 0.150254 0.692402 0.002578 0.002109
0 0.151748 0.698403 0.002295 0.006885
0 0.161060 0.709858 0.001523 0.001992
0 0.105503 0.671160 0.002109 0.005483
0 0.122483 0.676152 0.002603 0.002529
0 0.122834 0.658503 0.002319 0.003237
0 0.117070 0.647810 0.001270 0.004536
0 0.100300 0.643105 0.003374 0.003232
0 0.094111 0.642964 0.002109 0.003232
0 0.115205 0.639236 0.002109 0.002251
0 0.110737 0.642983 0.001709 0.002051
0 0.106172 0.631812 0.001289 0.001875
0 0.076055 0.613767 0.002461 0.002573
0 0.093032 0.611470 0.001904 0.004346
0 0.171680 0.674707 0.002461 0.002578
0 0.144937 0.710605 0.001904 0.002148
0 0.145327 0.713389 0.002002 0.002441
0 0.186912 0.733677 0.001821 0.004980
0 0.187793 0.739133 0.001582 0.003745
0 0.188018 0.745854 0.001660 0.004199
0 0.199290 0.756045 0.002183 0.006113
0 0.197563 0.757529 0.001826 0.003867
0 0.194329 0.763154 0.001265 0.002734
0 0.184871 0.770154 0.004292 0.002954
0 0.179048 0.758486 0.002344 0.002832
0 0.196326 0.773162 0.002671 0.006470
0 0.198892 0.775447 0.002041 0.006401
0 0.260090 0.785901 0.001968 0.004780
0 0.232976 0.828743 0.002026 0.004390
0 0.264939 0.849209 0.002700 0.006074
0 0.251812 0.854199 0.003125 0.005879
0 0.253984 0.858005 0.002363 0.002534
0 0.257473 0.862629 0.003726 0.008276
0 0.246748 0.848459 0.002529 0.004214
0 0.248552 0.802087 0.003462 0.004302
0 0.217217 0.812002 0.002109 0.001641
0 0.201057 0.783538 0.001831 0.003306
0 0.201162 0.787021 0.001895 0.004219
0 0.223247 0.782458 0.004082 0.003022
0 0.174082 0.755535 0.003164 0.007124
0 0.321074 0.857278 0.004219 0.004810
0 0.305549 0.874446 0.002192 0.005229
0 0.268442 0.869634 0.002285 0.004570
0 0.280576 0.879109 0.003281 0.004253
0 0.284346 0.881968 0.003281 0.004131
0 0.307017 0.909556 0.004150 0.004658
0 0.379077 0.988440 0.003545 0.005366
0 0.387834 0.997937 0.002603 0.004126
0 0.397773 0.975098 0.002246 0.002295
0 0.395503 0.975732 0.002100 0.002881
0 0.300337 0.899995 0.002051 0.002461
0 0.286182 0.846382 0.001807 0.002881
0 0.207920 0.741174 0.003799 0.008081
