0 0.359050 0.882180 0.001548 0.001831
0 0.359224 0.879651 0.001475 0.003374
0 0.323315 0.840933 0.002246 0.005566
0 0.321909 0.819233 0.002100 0.003760
0 0.372007 0.793125 0.003613 0.003955
0 0.319700 0.668462 0.002446 0.003711
0 0.319402 0.664958 0.002192 0.003628
0 0.319192 0.660447 0.002612 0.004897
0 0.352375 0.630083 0.002124 0.004961
0 0.360542 0.570991 0.002461 0.002812
0 0.357234 0.565999 0.001899 0.005063
0 0.357410 0.557314 0.002954 0.003164
0 0.356604 0.550251 0.002603 0.004780
0 0.359763 0.532573 0.002095 0.003223
0 0.362571 0.529106 0.001362 0.004688
0 0.364353 0.528496 0.001997 0.005615
0 0.362117 0.488032 0.002729 0.005566
0 0.360669 0.447451 0.001270 0.002490
0 0.358711 0.437139 0.001709 0.001904
0 0.359614 0.434673 0.001270 0.002051
0 0.358955 0.431890 0.001221 0.002344
0 0.360591 0.429302 0.001758 0.002344
0 0.359512 0.417317 0.001475 0.004292
0 0.360952 0.413484 0.002109 0.003237
0 0.361025 0.410002 0.002393 0.003726
0 0.358633 0.408669 0.002109 0.005415
0 0.360498 0.394573 0.002041 0.003374
0 0.359844 0.362490 0.002588 0.005029
0 0.357476 0.361050 0.001758 0.004785
0 0.355815 0.360244 0.001562 0.003564
0 0.357720 0.375332 0.002637 0.003760
0 0.357891 0.371841 0.002686 0.003027
0 0.357402 0.369058 0.002002 0.002637
0 0.356475 0.366177 0.001807 0.003125
0 0.359600 0.368276 0.001709 0.002930
0 0.354155 0.340869 0.002109 0.005156
0 0.352896 0.326514 0.001582 0.003047
0 0.356382 0.329971 0.001523 0.003867
0 0.356821 0.326426 0.001582 0.003223
0 0.350786 0.244907 0.001318 0.002881
0 0.352202 0.243540 0.001318 0.004150
0 0.351677 0.220510 0.002026 0.006782
0 0.312554 0.499209 0.002461 0.004805
0 0.311587 0.457754 0.001611 0.003613
0 0.311758 0.448550 0.003223 0.007373
0 0.312148 0.423403 0.001660 0.004932
0 0.311582 0.408428 0.001465 0.003223
0 0.308164 0.379309 0.002529 0.004136
0 0.308586 0.365642 0.001519 0.004302
0 0.310610 0.366274 0.001855 0.002871
0 0.310864 0.362349 0.002529 0.004639
0 0.309485 0.338179 0.002319 0.004570
0 0.307058 0.334419 0.001968 0.005488
0 0.310254 0.308037 0.002988 0.006504
0 0.307354 0.309854 0.002812 0.004980
0 0.305867 0.293323 0.002798 0.007173
0 0.306709 0.274712 0.003359 0.005879
0 0.347854 0.167148 0.001938 0.003379
0 0.331147 0.157275 0.001943 0.004219
0 0.332581 0.154998 0.001772 0.002700
0 0.332856 0.136006 0.002227 0.005869
0 0.335437 0.129424 0.003140 0.004453
0 0.339993 0.101885 0.002124 0.003848
0 0.337310 0.117629 0.001621 0.003950
0 0.337310 0.114390 0.001416 0.002734
0 0.337310 0.112212 0.001416 0.002227
0 0.336956 0.109629 0.002329 0.002529
0 0.333210 0.108718 0.001519 0.003950
0 0.334683 0.063757 0.001748 0.003149
0 0.114172 0.886145 0.003374 0.005063
0 0.134172 0.821650 0.001558 0.003662
0 0.136221 0.822383 0.001855 0.003564
0 0.147124 0.861182 0.001816 0.002578
0 0.114424 0.869971 0.002490 0.003125
0 0.112207 0.837554 0.002441 0.003906
0 0.114624 0.834600 0.002100 0.003760
0 0.113564 0.821787 0.002432 0.005586
0 0.124951 0.699473 0.001904 0.002881
0 0.100244 0.680718 0.002197 0.003369
0 0.099146 0.676030 0.002148 0.003760
0 0.092930 0.663804 0.002197 0.004639
0 0.094956 0.662803 0.001465 0.002930
0 0.094468 0.660020 0.001855 0.002441
0 0.090476 0.651191 0.002446 0.003291
0 0.090352 0.647224 0.001855 0.003462
0 0.088323 0.647183 0.001519 0.003545
0 0.089634 0.642837 0.002783 0.003799
0 0.090562 0.638491 0.003291 0.005400
0 0.104270 0.642922 0.003374 0.006665
0 0.090435 0.631897 0.001621 0.002632
0 0.088762 0.630935 0.001313 0.002534
0 0.089927 0.628860 0.001416 0.002427
0 0.087312 0.583547 0.001685 0.002954
0 0.110652 0.564319 0.001938 0.003628
0 0.108584 0.563179 0.001855 0.003379
0 0.137886 0.588621 0.001748 0.005249
0 0.102197 0.716470 0.002393 0.005977
0 0.121343 0.688335 0.001758 0.002783
0 0.121709 0.685405 0.001611 0.002686
0 0.093916 0.542178 0.003037 0.007412
0 0.088386 0.518596 0.001899 0.003022
0 0.086172 0.531077 0.003936 0.003657
0 0.103354 0.513779 0.001934 0.004746
0 0.104434 0.504402 0.002109 0.004097
0 0.103496 0.500300 0.001641 0.003169
0 0.107686 0.508943 0.002168 0.003110
0 0.106924 0.505662 0.001699 0.003110
0 0.109824 0.502646 0.002695 0.003516
0 0.102612 0.478833 0.002637 0.004199
0 0.102588 0.475000 0.002295 0.003271
0 0.102627 0.468862 0.002041 0.002744
0 0.102625 0.466438 0.001899 0.001968
0 0.101924 0.464045 0.002041 0.002251
0 0.083613 0.457007 0.001953 0.004199
0 0.083467 0.449463 0.001758 0.003955
0 0.106904 0.459180 0.001758 0.002002
0 0.109175 0.458911 0.001514 0.002539
0 0.107563 0.455103 0.001709 0.001953
0 0.101802 0.460107 0.001221 0.001904
0 0.101362 0.458032 0.001514 0.002441
0 0.102412 0.455737 0.001758 0.002148
0 0.102290 0.452271 0.002197 0.004492
0 0.104243 0.447949 0.002197 0.004053
0 0.131929 0.446753 0.001904 0.003418
0 0.106196 0.436743 0.002197 0.003125
0 0.091860 0.418462 0.002227 0.003945
0 0.080952 0.404375 0.002676 0.004980
0 0.102451 0.404365 0.001855 0.003320
0 0.103574 0.402241 0.001465 0.002002
0 0.103330 0.399604 0.001367 0.002588
0 0.103843 0.393477 0.001904 0.002637
0 0.103623 0.390498 0.001562 0.002832
0 0.107385 0.384622 0.001899 0.003091
0 0.102043 0.384763 0.002036 0.003940
0 0.098386 0.380015 0.003022 0.003867
0 0.092971 0.378926 0.002319 0.004502
0 0.088367 0.374849 0.001831 0.003936
0 0.091226 0.340911 0.001709 0.003472
0 0.106116 0.350042 0.001909 0.003364
0 0.106238 0.347063 0.002056 0.002593
0 0.100718 0.334961 0.002148 0.005078
0 0.103232 0.331714 0.001709 0.003076
0 0.102378 0.328662 0.001855 0.002832
0 0.099692 0.327124 0.001953 0.002881
0 0.102061 0.325244 0.001709 0.003516
0 0.111011 0.313193 0.001172 0.003320
0 0.112842 0.310239 0.001904 0.003662
0 0.114624 0.308164 0.001270 0.002246
0 0.088975 0.303818 0.002432 0.004961
0 0.080313 0.239575 0.002051 0.002402
0 0.086113 0.238169 0.002285 0.004160
0 0.084922 0.224802 0.002041 0.003306
0 0.073342 0.195002 0.001968 0.004009
0 0.073447 0.191350 0.002041 0.003452
0 0.086655 0.151030 0.002832 0.004453
0 0.328831 0.908235 0.002319 0.004370
0 0.085693 0.146121 0.002529 0.005366
0 0.080076 0.064016 0.002534 0.004048
0 0.080681 0.060120 0.002124 0.002935
0 0.080662 0.045669 0.001948 0.003281
0 0.078960 0.031575 0.002187 0.005952
0 0.084246 0.039534 0.002065 0.003159
0 0.085947 0.033945 0.002305 0.005586
0 0.122983 0.918943 0.002539 0.004595
0 0.148604 0.938853 0.002549 0.006318
0 0.121995 0.949849 0.002065 0.003770
0 0.118230 0.949666 0.002798 0.004370
0 0.103804 0.528052 0.001953 0.006104
0 0.106123 0.528052 0.001904 0.006396
0 0.076443 0.119578 0.002700 0.003882
0 0.090505 0.272727 0.003237 0.002739
0 0.095884 0.276104 0.003164 0.003867
0 0.107310 0.281375 0.004785 0.004849
0 0.118833 0.594790 0.003545 0.003545
0 0.358557 0.866968 0.002388 0.002881
0 0.363433 0.945752 0.001924 0.003545
0 0.368696 0.953145 0.002734 0.002529
0 0.362979 0.950208 0.001621 0.003950
0 0.368342 0.956282 0.002026 0.002124
