0 0.074448 0.463486 0.002754 0.004688
0 0.117300 0.510471 0.003037 0.005737
0 0.121265 0.574092 0.003223 0.005859
0 0.116863 0.686304 0.003745 0.004961
0 0.126133 0.750117 0.002930 0.004805
0 0.106797 0.786470 0.004004 0.004834
0 0.101094 0.830386 0.002812 0.004629
0 0.092908 0.900835 0.003892 0.006807
0 0.095645 0.871377 0.002930 0.004219
0 0.130498 0.871274 0.003271 0.006250
0 0.120952 0.942402 0.002871 0.004980
0 0.110488 0.987380 0.003525 0.006196
0 0.112332 0.859697 0.002632 0.005215
0 0.079307 0.745437 0.003291 0.005903
0 0.100029 0.459092 0.003281 0.006621
0 0.070117 0.450154 0.003340 0.005454
0 0.090898 0.477371 0.003799 0.005737
0 0.119507 0.668462 0.002109 0.003633
0 0.107588 0.675459 0.001855 0.002783
0 0.117822 0.695730 0.002227 0.004048
0 0.119705 0.767639 0.003062 0.006411
0 0.129043 0.816309 0.003281 0.007168
0 0.131958 0.892402 0.002676 0.004375
0 0.131670 0.903447 0.003936 0.006611
0 0.115352 0.924692 0.003340 0.006973
0 0.110581 0.978506 0.002197 0.003320
0 0.086965 0.548228 0.003765 0.009355
0 0.344485 0.496133 0.005542 0.006270
0 0.314885 0.501597 0.003501 0.005830
0 0.308120 0.515596 0.002676 0.005225
0 0.301377 0.557087 0.002793 0.004253
0 0.299797 0.565288 0.002310 0.006074
0 0.300649 0.574158 0.003037 0.003647
0 0.323794 0.629888 0.001943 0.004619
0 0.321667 0.652429 0.002554 0.004009
0 0.300405 0.644651 0.002549 0.004009
0 0.304719 0.642341 0.002427 0.004009
0 0.301377 0.638333 0.002793 0.004497
0 0.301472 0.678335 0.002446 0.004639
0 0.337087 0.756162 0.003716 0.006836
0 0.307986 0.799033 0.001938 0.004893
0 0.307773 0.852520 0.002393 0.005137
0 0.349929 0.985391 0.002866 0.004307
0 0.310872 0.707815 0.003462 0.005229
0 0.351423 0.802334 0.003647 0.004863
0 0.335918 0.405369 0.003037 0.004614
0 0.115239 0.326018 0.003643 0.005591
0 0.111257 0.376736 0.003208 0.005229
0 0.111975 0.386270 0.002612 0.005400
0 0.085383 0.504297 0.004810 0.008604
0 0.084434 0.523103 0.004082 0.008892
0 0.087515 0.536475 0.002695 0.004131
0 0.077568 0.573806 0.004551 0.005249
0 0.081084 0.595591 0.003037 0.004980
0 0.079946 0.605537 0.003545 0.004658
0 0.075728 0.608872 0.004150 0.005811
0 0.079575 0.558901 0.004307 0.005908
