0 0.901245 0.272632 0.002617 0.005820
0 0.895508 0.286724 0.002109 0.005820
0 0.909006 0.316550 0.002446 0.004722
0 0.913394 0.312627 0.002109 0.004131
0 0.904324 0.318535 0.002358 0.001436
0 0.902805 0.316465 0.001353 0.002363
0 0.893650 0.322036 0.002280 0.003711
0 0.901824 0.525002 0.002036 0.003306
0 0.864102 0.525515 0.002275 0.005073
0 0.860432 0.554785 0.001606 0.003545
0 0.882244 0.532593 0.003882 0.003711
0 0.875630 0.535562 0.003848 0.008047
0 0.876475 0.586582 0.001953 0.002734
0 0.857112 0.619275 0.002251 0.004702
0 0.878628 0.590464 0.002295 0.002734
0 0.896426 0.580942 0.001660 0.003906
0 0.898062 0.579404 0.001709 0.004053
0 0.912666 0.568232 0.001582 0.002637
0 0.911143 0.567910 0.001230 0.002461
0 0.910967 0.587773 0.002051 0.003633
0 0.911436 0.584199 0.002051 0.003633
0 0.695542 0.228032 0.001748 0.004023
0 0.651533 0.157917 0.001211 0.001821
0 0.649609 0.159031 0.001826 0.003442
0 0.649661 0.155693 0.001724 0.003037
0 0.654077 0.104512 0.002480 0.002920
0 0.669895 0.093503 0.002622 0.005396
0 0.668508 0.073455 0.003062 0.004956
0 0.665740 0.066240 0.002476 0.003936
0 0.664502 0.053628 0.002334 0.004668
0 0.663772 0.048599 0.001753 0.004229
0 0.661177 0.039702 0.002334 0.003936
0 0.001089 0.528271 0.001934 0.006738
0 0.000942 0.537002 0.001641 0.004980
0 0.001641 0.463928 0.001924 0.004048
0 0.003047 0.447341 0.001719 0.003950
0 0.003401 0.444456 0.001616 0.002026
0 0.003250 0.441521 0.001519 0.003442
0 0.001072 0.438179 0.001821 0.005059
0 0.003857 0.434382 0.002129 0.005571
0 0.004517 0.425776 0.001416 0.002734
0 0.005615 0.248401 0.001748 0.005396
0 0.005908 0.264368 0.002041 0.002622
0 0.003430 0.281206 0.003208 0.007725
0 0.004026 0.305261 0.001099 0.003628
0 0.006135 0.304880 0.001938 0.005063
0 0.008032 0.311926 0.001182 0.003120
0 0.002368 0.357415 0.001924 0.002974
0 0.002720 0.417688 0.002275 0.007349
0 0.004292 0.408242 0.002275 0.005947
0 0.007180 0.391270 0.002446 0.004199
0 0.688877 0.361309 0.001836 0.006562
0 0.648418 0.567588 0.002637 0.005771
0 0.681465 0.597402 0.002617 0.007422
0 0.681802 0.604910 0.002451 0.006245
0 0.643887 0.504390 0.002100 0.005664
0 0.689229 0.413760 0.001953 0.006592
0 0.689351 0.386548 0.002520 0.009072
0 0.688213 0.372478 0.001318 0.005571
0 0.912285 0.581123 0.001523 0.002637
0 0.649355 0.185039 0.001230 0.002168
0 0.648916 0.182754 0.001289 0.002168
0 0.649004 0.179678 0.001699 0.003398
0 0.650937 0.182285 0.001816 0.002754
0 0.694788 0.212422 0.001724 0.005977
0 0.696416 0.231707 0.002100 0.002974
0 0.910527 0.580566 0.001875 0.002930
0 0.910557 0.576113 0.002402 0.005156
0 0.906777 0.601260 0.001172 0.002100
0 0.908555 0.601599 0.001416 0.001753
0 0.908530 0.599546 0.001270 0.001953
0 0.906426 0.598921 0.001465 0.002002
0 0.906655 0.596704 0.001270 0.002246
0 0.907119 0.618369 0.001582 0.003223
0 0.905859 0.611484 0.002109 0.004336
0 0.904189 0.620215 0.002051 0.006094
0 0.901934 0.613242 0.002344 0.004922
0 0.900996 0.617930 0.001641 0.004219
0 0.903687 0.639609 0.002197 0.003711
0 0.898240 0.641660 0.001362 0.003516
0 0.902896 0.659253 0.001221 0.001855
0 0.898413 0.655056 0.001416 0.001851
0 0.899021 0.652068 0.001675 0.002280
0 0.881348 0.653628 0.002617 0.003545
0 0.878901 0.651350 0.001436 0.003208
0 0.879429 0.622817 0.001338 0.003584
0 0.879500 0.626367 0.001479 0.003232
0 0.873733 0.634805 0.002036 0.002812
0 0.874226 0.631396 0.001899 0.003867
0 0.875869 0.637756 0.001758 0.002954
0 0.866091 0.727310 0.002329 0.004355
0 0.895339 0.737693 0.002251 0.004780
0 0.901238 0.673879 0.001519 0.003540
0 0.856848 0.644221 0.002427 0.004556
0 0.874219 0.667300 0.001758 0.002227
0 0.871846 0.667300 0.001699 0.002227
0 0.871646 0.686431 0.001416 0.002832
0 0.866479 0.691553 0.001904 0.003125
0 0.872078 0.679954 0.003442 0.004253
0 0.863975 0.682080 0.002227 0.002832
0 0.863269 0.700103 0.002632 0.004248
0 0.863872 0.735645 0.002461 0.003457
0 0.858228 0.758071 0.002051 0.001953
0 0.858545 0.755605 0.001807 0.001807
0 0.857520 0.751724 0.001318 0.002637
0 0.890146 0.739604 0.001699 0.003398
0 0.891846 0.745112 0.001348 0.003164
0 0.893984 0.749448 0.001406 0.002344
0 0.893516 0.746548 0.001289 0.002988
0 0.887773 0.759790 0.001523 0.002754
0 0.887715 0.757476 0.001289 0.001992
0 0.864688 0.759497 0.001641 0.002871
0 0.866416 0.758970 0.001582 0.002988
0 0.864248 0.775845 0.001699 0.003223
0 0.885869 0.771714 0.002051 0.005039
0 0.889063 0.774263 0.002344 0.003223
0 0.887356 0.800840 0.002358 0.003291
0 0.884783 0.799910 0.001938 0.002612
0 0.890527 0.795996 0.001367 0.002295
0 0.888477 0.794922 0.001563 0.002881
0 0.888354 0.788647 0.001904 0.003418
0 0.890942 0.793579 0.001221 0.002344
0 0.887449 0.806846 0.000933 0.002529
0 0.885718 0.806636 0.001689 0.003965
0 0.887280 0.824690 0.001943 0.002954
0 0.886604 0.821484 0.001772 0.003125
0 0.866653 0.845029 0.002476 0.003789
0 0.886116 0.843645 0.002622 0.003647
0 0.881890 0.840654 0.002041 0.004375
0 0.877773 0.856006 0.001855 0.004248
0 0.874146 0.869189 0.001758 0.004004
0 0.882202 0.885938 0.001758 0.003320
0 0.883521 0.876831 0.001855 0.003076
0 0.879834 0.871729 0.002295 0.003809
0 0.874756 0.878223 0.001904 0.002734
0 0.880347 0.878394 0.001758 0.003076
0 0.883594 0.880518 0.001514 0.003320
0 0.880591 0.889526 0.001270 0.002588
0 0.878979 0.887085 0.001367 0.002979
0 0.877783 0.885083 0.001025 0.002393
0 0.876599 0.906392 0.002446 0.004131
0 0.879424 0.903860 0.002529 0.003286
0 0.858962 0.903311 0.001772 0.004893
0 0.850061 0.910020 0.002192 0.004980
0 0.874109 0.895212 0.002192 0.006411
0 0.876008 0.930691 0.002446 0.004136
0 0.905476 0.937759 0.002310 0.002793
0 0.866108 0.948694 0.001582 0.004253
0 0.874556 0.920549 0.001436 0.003540
0 0.867808 0.913840 0.002783 0.004302
0 0.875308 0.935735 0.002178 0.004360
0 0.887964 0.965715 0.002529 0.003022
0 0.868474 0.960491 0.001938 0.003374
0 0.871890 0.974456 0.001689 0.003120
0 0.870879 0.969985 0.002363 0.004473
0 0.869993 0.964753 0.002446 0.003794
0 0.850979 0.998928 0.003647 0.002144
0 0.857686 0.998711 0.003643 0.002578
0 0.868181 0.999075 0.003062 0.001851
0 0.865850 0.988015 0.002188 0.002769
0 0.867891 0.985901 0.002188 0.003208
0 0.865049 0.982476 0.002334 0.005684
0 0.851663 0.994363 0.004536 0.006548
0 0.865645 0.994993 0.005293 0.005796
0 0.668115 0.890725 0.002100 0.004409
0 0.671370 0.871033 0.003149 0.005249
0 0.671160 0.878066 0.003569 0.007139
0 0.001843 0.974436 0.001968 0.002319
0 0.004023 0.972078 0.002812 0.002251
0 0.062947 0.980803 0.002183 0.001899
0 0.065981 0.980586 0.004131 0.002188
0 0.319165 0.995483 0.001943 0.002676
0 0.316372 0.995117 0.002187 0.002676
0 0.315762 0.991836 0.003887 0.003887
0 0.490330 0.989146 0.003208 0.002109
0 0.672117 0.847007 0.002798 0.005596
0 0.678369 0.779663 0.001943 0.003887
0 0.678186 0.774558 0.002065 0.005591
0 0.642268 0.952397 0.002329 0.004248
0 0.641763 0.946675 0.002734 0.005771
0 0.638826 0.925820 0.002935 0.005566
0 0.637905 0.888164 0.002432 0.005469
0 0.637358 0.882778 0.002520 0.004785
0 0.641731 0.818098 0.002026 0.004556
0 0.679143 0.756760 0.001724 0.003442
0 0.647446 0.622639 0.002451 0.004897
0 0.647534 0.618176 0.001572 0.004370
0 0.688550 0.429827 0.001719 0.003237
0 0.688647 0.437876 0.001709 0.005166
0 0.639597 0.427317 0.001938 0.003374
0 0.639683 0.424451 0.001436 0.002192
0 0.643496 0.374954 0.001689 0.002192
0 0.641682 0.373267 0.001938 0.004385
0 0.640037 0.385376 0.001519 0.002617
0 0.686675 0.381411 0.001338 0.001826
0 0.689556 0.395686 0.001475 0.003940
0 0.686982 0.410327 0.001895 0.005244
0 0.691416 0.245134 0.002676 0.006440
0 0.694270 0.247566 0.002310 0.004497
0 0.694199 0.273354 0.001758 0.006152
0 0.692222 0.276479 0.001514 0.002832
0 0.692490 0.304121 0.001514 0.004004
0 0.690708 0.303950 0.001270 0.004150
0 0.692991 0.318516 0.001606 0.001748
0 0.692915 0.316038 0.002041 0.002622
0 0.689636 0.347458 0.002476 0.004810
0 0.641807 0.355420 0.001514 0.003613
0 0.643987 0.308530 0.001362 0.003857
0 0.644158 0.312803 0.001509 0.003418
0 0.641814 0.309092 0.001519 0.003125
0 0.647319 0.280352 0.001406 0.002881
0 0.647249 0.277261 0.001265 0.003164
0 0.918484 0.390237 0.002622 0.004810
0 0.896873 0.386204 0.001724 0.003960
0 0.893328 0.392529 0.002124 0.003027
0 0.895149 0.396777 0.001519 0.001826
0 0.892466 0.396584 0.003037 0.002837
0 0.899456 0.389902 0.001821 0.002832
0 0.899858 0.393694 0.002227 0.002944
0 0.900161 0.396929 0.001621 0.002529
0 0.899353 0.403010 0.002026 0.002944
0 0.898440 0.406809 0.001821 0.004263
0 0.911755 0.397188 0.001724 0.002441
0 0.869607 0.384229 0.001821 0.003887
0 0.894819 0.374932 0.002676 0.003281
0 0.897615 0.360256 0.001772 0.003208
0 0.885425 0.363760 0.001689 0.002783
0 0.897109 0.363589 0.001436 0.002275
0 0.910020 0.356123 0.001943 0.004727
0 0.920564 0.340134 0.001772 0.003120
0 0.920566 0.343550 0.001270 0.003203
0 0.898713 0.342327 0.001938 0.002788
0 0.893437 0.341650 0.001182 0.002109
0 0.897827 0.338318 0.001855 0.004556
0 0.899724 0.327646 0.001938 0.002783
0 0.897615 0.330347 0.001938 0.005146
0 0.899685 0.322290 0.001519 0.003037
0 0.647988 0.264426 0.001338 0.003374
0 0.645422 0.267944 0.001265 0.004219
0 0.643804 0.264392 0.001406 0.004429
0 0.647822 0.172754 0.001074 0.002148
0 0.647529 0.175073 0.000977 0.002197
0 0.918411 0.395559 0.002769 0.005249
0 0.911479 0.491199 0.001943 0.004644
0 0.909790 0.489258 0.001436 0.003965
0 0.914080 0.452412 0.001519 0.002529
0 0.915933 0.447939 0.001855 0.001855
0 0.913022 0.455913 0.002109 0.003125
0 0.894565 0.443652 0.001865 0.002461
0 0.897119 0.442744 0.001934 0.002520
0 0.897231 0.440254 0.001709 0.001875
0 0.897700 0.438320 0.001592 0.002227
0 0.891494 0.440811 0.003574 0.004043
0 0.893862 0.447139 0.001885 0.003691
0 0.891841 0.447813 0.001221 0.002109
0 0.897783 0.463735 0.001270 0.002812
0 0.897815 0.460322 0.001196 0.003164
0 0.900068 0.455227 0.001904 0.003657
0 0.897852 0.451677 0.001826 0.004712
0 0.868193 0.500706 0.001289 0.002163
0 0.878843 0.489014 0.001689 0.002275
0 0.913733 0.517280 0.002280 0.004473
0 0.912566 0.497722 0.001616 0.001968
0 0.906162 0.475630 0.001338 0.002744
0 0.914634 0.469585 0.001826 0.002041
0 0.916006 0.467791 0.002178 0.001831
0 0.903315 0.468176 0.002109 0.001899
0 0.877791 0.455979 0.001685 0.002388
0 0.879553 0.460554 0.003208 0.003501
0 0.880867 0.456399 0.002915 0.005396
0 0.911514 0.561118 0.001689 0.002363
0 0.911001 0.547019 0.001611 0.003657
0 0.910830 0.543889 0.001826 0.002603
0 0.913640 0.521841 0.001753 0.002744
0 0.908220 0.528203 0.002319 0.001826
0 0.904778 0.531682 0.002319 0.002603
0 0.893530 0.533406 0.002598 0.003374
0 0.901230 0.528767 0.001963 0.003657
0 0.915166 0.088337 0.002461 0.004429
0 0.916047 0.083591 0.002388 0.004360
0 0.926821 0.137446 0.002129 0.004863
0 0.928137 0.127017 0.002329 0.006680
0 0.916709 0.162087 0.002178 0.002671
0 0.916182 0.174250 0.002109 0.005200
0 0.915020 0.188174 0.001475 0.003232
0 0.908445 0.195991 0.001968 0.002246
0 0.907815 0.192969 0.001265 0.002812
0 0.899910 0.246443 0.002632 0.004858
0 0.908262 0.237634 0.001719 0.004048
0 0.911274 0.210750 0.003291 0.003198
0 0.905244 0.213486 0.002529 0.003799
0 0.893303 0.219504 0.002769 0.005249
0 0.891265 0.502620 0.004229 0.004810
0 0.913013 0.242004 0.001855 0.004302
0 0.902170 0.263987 0.001265 0.002700
0 0.899641 0.265925 0.002446 0.004897
0 0.899346 0.262046 0.001855 0.003037
0 0.908457 0.282292 0.001689 0.003374
0 0.910483 0.278118 0.001689 0.003286
