0 0.383503 0.214846 0.002729 0.008188
0 0.386023 0.217156 0.002310 0.004829
0 0.411218 0.224504 0.002310 0.005669
0 0.382744 0.242200 0.001113 0.002935
0 0.374473 0.284546 0.002100 0.004551
0 0.376470 0.286523 0.002275 0.004199
0 0.378132 0.295532 0.002798 0.005078
0 0.373718 0.307585 0.003521 0.010688
0 0.367949 0.336807 0.002187 0.004492
0 0.371287 0.342700 0.002310 0.005830
0 0.367778 0.358604 0.001768 0.004102
0 0.362187 0.378726 0.001514 0.002832
0 0.361582 0.381265 0.001563 0.002832
0 0.368140 0.381265 0.001172 0.003467
0 0.366440 0.405972 0.001855 0.005615
0 0.369053 0.403701 0.001416 0.003516
0 0.369321 0.408120 0.001660 0.004346
0 0.356641 0.423975 0.001660 0.004102
0 0.367334 0.428687 0.002246 0.004736
0 0.353208 0.467783 0.001816 0.002871
0 0.373452 0.509468 0.002754 0.006797
0 0.365542 0.509790 0.001348 0.002051
0 0.368672 0.508867 0.001816 0.007148
0 0.369644 0.514126 0.001465 0.003457
0 0.366685 0.519663 0.001758 0.004570
0 0.368208 0.520981 0.001992 0.003809
0 0.344724 0.508953 0.001899 0.004292
0 0.364094 0.580559 0.001968 0.002036
0 0.366426 0.584233 0.001562 0.004785
0 0.330918 0.598833 0.001406 0.002695
0 0.357290 0.654185 0.002227 0.005469
0 0.353240 0.658538 0.004253 0.003442
0 0.336594 0.715989 0.001724 0.006177
0 0.323115 0.819248 0.002275 0.007002
0 0.325054 0.826252 0.002109 0.005483
0 0.324507 0.830977 0.002197 0.002949
0 0.313455 0.868013 0.001636 0.001934
0 0.305129 0.913164 0.002319 0.006895
0 0.306572 0.920967 0.002812 0.007031
0 0.303970 0.921565 0.002393 0.006538
0 0.306768 0.933867 0.001367 0.002295
0 0.332876 0.775688 0.001973 0.008086
0 0.329465 0.782686 0.002183 0.005762
0 0.652383 0.161465 0.002939 0.007695
0 0.652192 0.168701 0.003340 0.005977
0 0.652595 0.196646 0.001724 0.004961
0 0.655735 0.247019 0.002729 0.007495
0 0.642815 0.280686 0.001821 0.003140
0 0.651838 0.262156 0.002026 0.004351
0 0.639512 0.300439 0.002637 0.005977
0 0.573799 0.657766 0.002480 0.005249
0 0.589863 0.651509 0.006045 0.009375
0 0.604155 0.592292 0.003301 0.003589
0 0.604436 0.574258 0.002739 0.004639
0 0.583352 0.710835 0.002534 0.003643
0 0.581675 0.742102 0.001826 0.003657
0 0.579741 0.742136 0.001475 0.003306
0 0.580620 0.744810 0.001406 0.001758
0 0.569585 0.790439 0.002520 0.003867
0 0.554956 0.827173 0.003584 0.007666
0 0.552146 0.842290 0.003022 0.005273
0 0.544038 0.879487 0.002402 0.004512
0 0.542368 0.882388 0.002109 0.003984
0 0.534961 0.902393 0.001992 0.002637
0 0.531870 0.936821 0.003213 0.008262
0 0.531875 0.962102 0.002109 0.006118
0 0.529407 0.956392 0.002710 0.010127
0 0.526694 0.986548 0.002051 0.003750
0 0.535359 0.913538 0.002534 0.006479
0 0.561335 0.810647 0.001782 0.007524
0 0.581936 0.727146 0.002192 0.004390
0 0.583799 0.705493 0.001348 0.005508
0 0.832288 0.186609 0.007310 0.007056
0 0.911362 0.187029 0.005879 0.006929
0 0.931331 0.200654 0.006685 0.004736
0 0.838892 0.363103 0.003643 0.007729
0 0.849609 0.356106 0.004082 0.005103
0 0.826624 0.338379 0.002837 0.004150
0 0.819639 0.358474 0.002832 0.004458
0 0.842612 0.349102 0.002432 0.006582
0 0.835422 0.360947 0.002300 0.009111
0 0.833738 0.374255 0.002671 0.006538
0 0.817290 0.402397 0.001924 0.002432
0 0.814854 0.392690 0.001602 0.005566
0 0.811768 0.415332 0.001816 0.002402
0 0.823193 0.418936 0.001465 0.003047
0 0.814150 0.432529 0.002041 0.002949
0 0.811709 0.455969 0.002637 0.004741
0 0.805645 0.456086 0.002695 0.007563
0 0.810361 0.467163 0.002754 0.005918
0 0.806826 0.487942 0.002354 0.009028
0 0.802769 0.506550 0.001855 0.002397
0 0.808481 0.504695 0.002148 0.002788
0 0.805674 0.501914 0.001904 0.006104
0 0.803965 0.517358 0.001992 0.004980
0 0.808242 0.528638 0.001641 0.003984
0 0.803086 0.532388 0.002109 0.003281
0 0.795586 0.529839 0.001992 0.003457
0 0.797725 0.533618 0.001582 0.008789
0 0.800068 0.534966 0.001934 0.006094
0 0.796611 0.540474 0.001816 0.003281
0 0.795935 0.568650 0.002427 0.005161
0 0.798467 0.566675 0.002637 0.006885
0 0.791736 0.569004 0.001519 0.002832
0 0.795510 0.628206 0.002729 0.008911
0 0.786753 0.620054 0.002832 0.001924
0 0.790398 0.620815 0.002026 0.006885
0 0.797637 0.620205 0.001924 0.004658
0 0.795640 0.659292 0.002275 0.006836
0 0.795681 0.665957 0.002192 0.006494
0 0.818547 0.675532 0.001685 0.002363
0 0.820447 0.675491 0.001938 0.004136
0 0.784595 0.671631 0.002480 0.006855
0 0.802554 0.692896 0.002285 0.006504
0 0.803462 0.698872 0.002227 0.005332
0 0.779045 0.698147 0.002329 0.007798
0 0.775352 0.700427 0.002227 0.006685
0 0.775200 0.707666 0.002529 0.006582
0 0.801411 0.717029 0.002451 0.004897
0 0.805601 0.715144 0.001689 0.004497
0 0.803647 0.747603 0.001816 0.006563
0 0.804819 0.753491 0.001934 0.004512
0 0.805288 0.763188 0.002100 0.007520
0 0.775801 0.740098 0.001465 0.003633
0 0.776387 0.745632 0.001230 0.002876
0 0.774980 0.747744 0.002168 0.001934
0 0.768037 0.752197 0.001406 0.004863
0 0.767910 0.759175 0.001611 0.004541
0 0.806064 0.774995 0.002676 0.006074
0 0.808569 0.792305 0.001758 0.004922
0 0.802983 0.823586 0.001758 0.006050
0 0.804673 0.828579 0.002178 0.005205
0 0.760635 0.816401 0.002002 0.003174
0 0.762979 0.805415 0.002002 0.003955
0 0.760049 0.807002 0.002295 0.007812
0 0.764541 0.774441 0.003027 0.006802
0 0.769453 0.777087 0.003779 0.007056
0 0.756357 0.835674 0.001758 0.003662
0 0.759595 0.855107 0.002344 0.006934
0 0.762378 0.857598 0.001758 0.004199
0 0.753350 0.860525 0.002129 0.008403
0 0.751528 0.867920 0.002529 0.006592
0 0.762209 0.880120 0.002026 0.004868
0 0.758311 0.871418 0.002529 0.008306
0 0.757788 0.864561 0.002490 0.004150
0 0.795562 0.875940 0.002812 0.006187
0 0.795771 0.881953 0.001826 0.002881
0 0.763774 0.825830 0.001563 0.004150
0 0.762188 0.828052 0.002002 0.006934
0 0.784209 0.939702 0.002197 0.010059
0 0.755522 0.942793 0.002930 0.003760
0 0.745166 0.921479 0.001660 0.006348
0 0.752686 0.920186 0.002246 0.004443
0 0.747827 0.897471 0.001709 0.006152
0 0.752490 0.895278 0.001660 0.005908
0 0.751611 0.890493 0.002051 0.003564
0 0.741580 0.951311 0.002192 0.009282
0 0.743142 0.966331 0.001938 0.004897
0 0.740396 0.961143 0.002637 0.006738
