0 0.316541 0.854663 0.004741 0.007773
0 0.317847 0.837856 0.005039 0.006299
0 0.362991 0.784658 0.004829 0.011338
0 0.351748 0.663840 0.004375 0.007876
0 0.344399 0.697607 0.003672 0.006123
0 0.343086 0.717290 0.004199 0.006650
0 0.349626 0.630120 0.004009 0.005464
0 0.346223 0.626960 0.003042 0.004985
0 0.345435 0.619429 0.004131 0.006924
0 0.343914 0.566272 0.004009 0.007778
0 0.346304 0.507900 0.003340 0.007188
0 0.344570 0.476260 0.003789 0.006270
0 0.343552 0.471008 0.003208 0.005396
0 0.344280 0.462336 0.004663 0.009331
0 0.340344 0.460876 0.002622 0.005249
0 0.330781 0.415491 0.005586 0.007534
0 0.331936 0.386636 0.004497 0.009355
0 0.329199 0.403220 0.003887 0.009233
0 0.350159 0.408079 0.004253 0.005103
0 0.348035 0.401943 0.003159 0.007412
0 0.344570 0.401943 0.002793 0.004492
0 0.346455 0.394229 0.003887 0.005586
0 0.341899 0.381895 0.003281 0.004736
0 0.341777 0.370171 0.003525 0.006563
0 0.333818 0.373694 0.003643 0.008745
0 0.331206 0.363975 0.003281 0.004863
0 0.336125 0.330439 0.003403 0.008750
0 0.332603 0.328982 0.002676 0.006558
0 0.115930 0.912393 0.004048 0.008203
0 0.109146 0.900649 0.003848 0.007188
0 0.111606 0.891436 0.004961 0.007793
0 0.122852 0.874744 0.006270 0.007290
0 0.117256 0.845161 0.004668 0.009336
0 0.105740 0.840630 0.005103 0.007412
0 0.100793 0.836838 0.003892 0.005347
0 0.096077 0.788494 0.002837 0.005366
0 0.087063 0.766116 0.003442 0.008403
0 0.086760 0.718076 0.003442 0.008506
0 0.097830 0.713032 0.004009 0.011299
0 0.089233 0.684866 0.003779 0.008188
0 0.092498 0.646216 0.003354 0.006416
0 0.091895 0.637148 0.004834 0.009375
0 0.094961 0.625920 0.004668 0.009331
0 0.094404 0.611670 0.004150 0.006377
0 0.092583 0.597546 0.002939 0.006274
0 0.099973 0.588484 0.003540 0.006987
0 0.099368 0.599116 0.004556 0.006982
0 0.097197 0.554946 0.004902 0.008926
0 0.104646 0.379963 0.002915 0.006558
0 0.095632 0.381196 0.002769 0.006270
0 0.093884 0.399495 0.003354 0.004370
0 0.112676 0.437549 0.003643 0.006563
0 0.098694 0.435891 0.002954 0.005825
0 0.098145 0.443484 0.002363 0.005991
0 0.101521 0.449263 0.003042 0.007256
0 0.105193 0.459136 0.003628 0.006748
0 0.087793 0.455415 0.002920 0.006562
0 0.091497 0.452803 0.004253 0.007900
0 0.094475 0.434031 0.003403 0.007290
0 0.102544 0.494409 0.002334 0.006855
0 0.106533 0.478232 0.003340 0.006279
0 0.107427 0.504631 0.004082 0.007437
0 0.119124 0.558506 0.003882 0.006074
0 0.103848 0.547156 0.005400 0.012739
0 0.997881 0.382334 0.003516 0.008496
0 0.991321 0.334961 0.003354 0.008164
0 0.994470 0.351873 0.005249 0.006851
0 0.992778 0.324609 0.004521 0.010205
0 0.990447 0.315496 0.005103 0.008022
0 0.071672 0.204321 0.005796 0.007051
0 0.082634 0.198528 0.004028 0.007056
0 0.076333 0.208228 0.005039 0.007812
0 0.099246 0.314043 0.004897 0.009277
0 0.103721 0.250044 0.004131 0.007773
0 0.100442 0.255754 0.004858 0.009233
0 0.102520 0.334524 0.003281 0.005347
0 0.101426 0.347402 0.003281 0.006807
0 0.348657 0.678989 0.002441 0.008105
0 0.361943 0.715520 0.003779 0.009829
0 0.335464 0.436655 0.006299 0.007344
0 0.092041 0.724087 0.002363 0.008926
0 0.089866 0.619971 0.004282 0.011426
0 0.098364 0.608604 0.003926 0.010840
0 0.088538 0.499907 0.004009 0.005625
0 0.113965 0.347439 0.003643 0.006313
0 0.112690 0.341123 0.002793 0.006318
0 0.109014 0.228191 0.004375 0.009917
0 0.104927 0.122688 0.004375 0.010083
0 0.098669 0.118618 0.006440 0.007529
0 0.116997 0.143535 0.005039 0.007139
0 0.115527 0.133877 0.004619 0.011338
0 0.089189 0.592375 0.003643 0.011733
0 0.100449 0.529158 0.003125 0.005903
0 0.087891 0.493718 0.004375 0.006313
0 0.103293 0.198779 0.004536 0.008564
0 0.117151 0.198655 0.004536 0.009321
0 0.088679 0.251309 0.005542 0.008311
0 0.348157 0.587380 0.003765 0.007896
0 0.347620 0.577937 0.003403 0.005591
0 0.346353 0.691438 0.003672 0.006128
0 0.346609 0.606921 0.004614 0.011177
0 0.367488 0.933982 0.003462 0.007007
0 0.367056 0.890818 0.004375 0.009097
0 0.319312 0.928643 0.003340 0.005771
0 0.321687 0.969146 0.002974 0.007002
0 0.318662 0.898655 0.006475 0.009976
