0 0.286746 0.088977 0.003296 0.010581
0 0.267783 0.081208 0.002900 0.007583
0 0.264653 0.083333 0.001494 0.004956
0 0.279600 0.083252 0.002041 0.002334
0 0.274934 0.083469 0.003208 0.002769
0 0.257874 0.100967 0.007583 0.001895
0 0.283682 0.112339 0.003203 0.008604
0 0.316194 0.100090 0.009917 0.003940
0 0.314226 0.106213 0.002769 0.007437
0 0.310217 0.102131 0.002329 0.005688
0 0.349875 0.096882 0.011079 0.002476
0 0.363582 0.094185 0.004956 0.002334
0 0.379182 0.093750 0.002915 0.002041
0 0.387710 0.095645 0.005684 0.002041
0 0.245530 0.045225 0.002065 0.008740
0 0.232627 0.030725 0.001494 0.008989
0 0.209597 0.104368 0.007046 0.002310
0 0.197266 0.104790 0.006924 0.001943
0 0.173391 0.104246 0.009966 0.002065
0 0.161667 0.106553 0.006196 0.002305
0 0.296438 0.153562 0.003530 0.013354
0 0.334819 0.281895 0.004199 0.010146
0 0.351448 0.477461 0.004409 0.010918
0 0.421738 0.091750 0.006123 0.005835
0 0.464023 0.088982 0.006123 0.002915
0 0.471895 0.091021 0.003789 0.002627
0 0.470012 0.039487 0.004253 0.012949
0 0.454067 0.024089 0.003887 0.008384
0 0.495220 0.006548 0.003945 0.008711
0 0.496790 0.015051 0.001821 0.004858
0 0.497092 0.023506 0.002026 0.004756
0 0.498613 0.042390 0.003037 0.007896
0 0.501028 0.054045 0.002329 0.009165
0 0.500188 0.059766 0.001616 0.005273
0 0.500925 0.065564 0.001968 0.004077
0 0.505461 0.083774 0.002183 0.005908
0 0.562268 0.082698 0.006079 0.002954
0 0.568511 0.083499 0.004385 0.002534
0 0.698257 0.067710 0.004375 0.003887
0 0.650740 0.084438 0.005103 0.001943
0 0.509739 0.110161 0.004858 0.006807
0 0.516833 0.128765 0.002427 0.006924
0 0.518352 0.134534 0.001821 0.005347
0 0.520022 0.145977 0.003394 0.009307
0 0.524973 0.159951 0.003794 0.009492
0 0.524460 0.170608 0.002534 0.006509
0 0.531230 0.185757 0.003799 0.012021
0 0.533728 0.198342 0.002319 0.005698
0 0.538293 0.226487 0.002729 0.016411
0 0.541204 0.231958 0.003257 0.014746
0 0.543706 0.229495 0.002520 0.007456
0 0.546941 0.239492 0.003774 0.012959
0 0.553774 0.274265 0.003154 0.006929
0 0.554846 0.285293 0.002524 0.004287
0 0.562849 0.307422 0.003286 0.011299
0 0.565823 0.344502 0.003589 0.007529
0 0.569895 0.359775 0.003501 0.007090
0 0.567969 0.365769 0.003154 0.004028
0 0.570630 0.411211 0.002100 0.005342
0 0.571855 0.420005 0.002979 0.008926
0 0.575625 0.446868 0.002187 0.005337
0 0.576040 0.452949 0.002480 0.005908
0 0.576042 0.467500 0.003208 0.007295
0 0.576772 0.509348 0.002100 0.005952
0 0.579268 0.521951 0.002715 0.007876
0 0.581448 0.572795 0.002261 0.006343
0 0.579294 0.572288 0.002046 0.004741
0 0.581804 0.587380 0.003325 0.007700
0 0.579705 0.596921 0.004028 0.011206
0 0.583547 0.627771 0.003062 0.005425
0 0.581272 0.634336 0.002710 0.008057
0 0.581384 0.650210 0.002065 0.005771
0 0.583550 0.650120 0.002129 0.005835
0 0.582483 0.666682 0.002681 0.010269
0 0.584248 0.695066 0.002676 0.004985
0 0.586951 0.699077 0.002007 0.003037
0 0.586997 0.974636 0.006934 0.011343
0 0.764587 0.717039 0.003267 0.005444
0 0.768037 0.716494 0.004355 0.003633
0 0.996267 0.612576 0.007261 0.011431
0 0.996270 0.572471 0.004717 0.009619
