0 0.127446 0.951260 0.001807 0.002832
0 0.310967 0.708306 0.002363 0.003965
0 0.345063 0.496406 0.002695 0.003398
0 0.315122 0.501309 0.001973 0.003799
0 0.309287 0.518555 0.002617 0.004219
0 0.301206 0.557197 0.001289 0.002402
0 0.299448 0.564023 0.001875 0.003281
0 0.299675 0.573774 0.002603 0.004287
0 0.121580 0.573955 0.002427 0.002939
0 0.118188 0.579727 0.002939 0.004150
0 0.106709 0.415029 0.002617 0.003301
0 0.068193 0.406528 0.002363 0.003379
0 0.100361 0.459429 0.001758 0.003809
0 0.090686 0.477239 0.001606 0.002388
0 0.084604 0.504170 0.001758 0.003096
0 0.084199 0.520601 0.001514 0.002197
0 0.087583 0.535935 0.001748 0.003062
0 0.086416 0.547451 0.002041 0.003936
0 0.115232 0.924133 0.001548 0.004146
0 0.129014 0.817871 0.001523 0.002988
0 0.116116 0.813181 0.001772 0.003120
0 0.116934 0.729702 0.001758 0.003105
0 0.121311 0.744006 0.002319 0.003745
0 0.103452 0.666382 0.002881 0.002676
0 0.117200 0.685986 0.001772 0.003037
0 0.076409 0.621506 0.002065 0.004614
0 0.084155 0.725889 0.002529 0.004219
0 0.091929 0.789009 0.002490 0.001758
0 0.107239 0.786641 0.002241 0.002295
0 0.087974 0.782920 0.001514 0.002490
0 0.084873 0.775620 0.002051 0.002832
0 0.129902 0.799766 0.002002 0.002344
0 0.125288 0.795225 0.001855 0.002930
0 0.128804 0.793369 0.001758 0.003027
0 0.109814 0.844258 0.002197 0.004395
0 0.108350 0.839888 0.002197 0.002490
0 0.120996 0.881770 0.002529 0.004468
0 0.131375 0.904299 0.002026 0.004302
0 0.109971 0.987048 0.002041 0.003940
0 0.098340 0.924805 0.002754 0.002109
0 0.093110 0.901846 0.002285 0.002812
0 0.088955 0.881284 0.001904 0.001660
0 0.083562 0.877776 0.002251 0.002319
0 0.095540 0.871489 0.001821 0.002432
0 0.112629 0.860371 0.003442 0.005674
