0 0.088721 0.489990 0.002187 0.002041
0 0.089238 0.210884 0.002305 0.002188
0 0.071816 0.126836 0.001113 0.003643
0 0.106726 0.219580 0.003745 0.004248
0 0.099868 0.265447 0.002617 0.003628
0 0.098115 0.437585 0.002109 0.001968
0 0.097554 0.441206 0.002393 0.002598
0 0.102334 0.440608 0.002529 0.002251
0 0.106729 0.446514 0.001758 0.002812
0 0.102053 0.461387 0.001685 0.002178
0 0.084651 0.449819 0.002603 0.002812
0 0.087534 0.456499 0.002598 0.002676
0 0.102698 0.580322 0.001616 0.004658
0 0.101208 0.654683 0.001860 0.003125
0 0.101758 0.641394 0.001602 0.002358
0 0.099141 0.618403 0.001943 0.003799
0 0.098550 0.614141 0.002617 0.003711
0 0.091843 0.601062 0.002358 0.002700
0 0.090264 0.356484 0.001807 0.003320
0 0.100967 0.390869 0.001230 0.002461
0 0.082246 0.395381 0.002227 0.002578
0 0.100439 0.393594 0.001348 0.002168
0 0.108232 0.397051 0.002285 0.002402
0 0.100703 0.413867 0.001406 0.002520
0 0.101963 0.417471 0.001699 0.002812
0 0.116641 0.515085 0.002529 0.004897
0 0.086558 0.516221 0.001865 0.002578
0 0.086831 0.512522 0.002041 0.002251
0 0.091401 0.507109 0.001621 0.002393
0 0.090632 0.504929 0.001763 0.002251
0 0.091050 0.502292 0.001758 0.002319
0 0.142625 0.619294 0.001577 0.002427
0 0.110117 0.740217 0.001924 0.003140
0 0.134773 0.759253 0.001821 0.002734
0 0.110669 0.773784 0.001758 0.002461
0 0.114360 0.771323 0.001406 0.003027
0 0.357300 0.300510 0.002773 0.003940
0 0.330889 0.565620 0.001416 0.002295
0 0.361499 0.925869 0.001514 0.002246
0 0.362695 0.887642 0.002363 0.002617
0 0.344968 0.982822 0.001431 0.002188
0 0.344336 0.985437 0.001348 0.002036
0 0.337927 0.993213 0.001177 0.002148
0 0.340615 0.987144 0.001514 0.002734
0 0.334980 0.991499 0.001221 0.002148
0 0.330786 0.999067 0.001807 0.001563
0 0.332810 0.995063 0.001362 0.001953
0 0.336621 0.998286 0.001660 0.002051
0 0.363384 0.999214 0.002393 0.001367
0 0.373296 0.994702 0.001123 0.002881
0 0.374126 0.990698 0.001123 0.002100
0 0.357954 0.951362 0.001465 0.002686
0 0.358491 0.946699 0.002051 0.003125
0 0.472004 0.995789 0.003022 0.002739
0 0.681687 0.995789 0.002603 0.002251
0 0.674797 0.998672 0.001899 0.002393
0 0.509775 0.989153 0.003525 0.002427
0 0.550537 0.989211 0.003643 0.002065
0 0.874243 0.980364 0.004961 0.002026
0 0.879355 0.980364 0.004248 0.002632
0 0.935398 0.980515 0.004761 0.002329
0 0.949321 0.979402 0.003037 0.001724
0 0.986196 0.984189 0.002168 0.002109
0 0.989683 0.984248 0.002344 0.001758
0 0.999297 0.975132 0.001406 0.002109
0 0.113975 0.806934 0.002441 0.003711
0 0.112827 0.795215 0.002100 0.002246
0 0.109824 0.793896 0.001758 0.002539
0 0.112783 0.823315 0.002979 0.004590
0 0.122473 0.856147 0.001821 0.003848
0 0.122588 0.906982 0.001875 0.002637
0 0.125103 0.935615 0.002041 0.003164
0 0.130698 0.962632 0.001992 0.002812
0 0.129673 0.967144 0.002285 0.003633
0 0.134976 0.981851 0.001875 0.003047
0 0.135063 0.986011 0.002285 0.003047
0 0.132456 0.993599 0.001758 0.002988
0 0.137144 0.996470 0.002930 0.003457
0 0.142622 0.999099 0.002168 0.001802
0 0.146929 0.994067 0.002109 0.002637
0 0.149185 0.994565 0.001582 0.001992
0 0.149536 0.997466 0.002402 0.002168
0 0.145815 0.999304 0.002578 0.001392
0 0.149595 0.986772 0.001699 0.002578
0 0.148833 0.991343 0.002520 0.002344
0 0.307654 0.245764 0.002915 0.003501
0 0.111182 0.247854 0.001768 0.002700
0 0.117949 0.532803 0.002275 0.003037
0 0.089089 0.568303 0.003022 0.003657
0 0.089805 0.576880 0.001855 0.003027
0 0.088364 0.579783 0.001709 0.002300
0 0.087852 0.585129 0.001758 0.003608
0 0.108311 0.493298 0.007861 0.009370
0 0.108765 0.501914 0.004531 0.006650
0 0.105344 0.467903 0.003354 0.005103
0 0.120872 0.458208 0.003501 0.006709
0 0.092366 0.480952 0.003354 0.004082
