0 0.292302 0.080557 0.003940 0.004082
0 0.294563 0.086606 0.004663 0.004521
0 0.279771 0.102263 0.001602 0.004976
0 0.272900 0.104963 0.002354 0.004644
0 0.275220 0.109224 0.001611 0.001855
0 0.280898 0.115928 0.001465 0.003125
0 0.303677 0.069243 0.001807 0.004053
0 0.314651 0.037817 0.002280 0.002617
0 0.308169 0.047896 0.001816 0.002285
0 0.302104 0.047456 0.001875 0.002227
0 0.307495 0.050591 0.002344 0.002754
0 0.322515 0.005146 0.002363 0.005820
0 0.261538 0.152026 0.002832 0.005469
0 0.253691 0.136687 0.002529 0.002935
0 0.269084 0.135806 0.001929 0.005977
0 0.287866 0.124285 0.002617 0.008892
0 0.232061 0.163770 0.003516 0.002441
0 0.233281 0.169507 0.003906 0.004248
0 0.242827 0.182056 0.002783 0.002783
0 0.209980 0.201216 0.002754 0.003750
0 0.208706 0.184275 0.002529 0.005874
0 0.197266 0.238098 0.002637 0.010024
0 0.185354 0.221467 0.002026 0.004556
0 0.227314 0.247190 0.002529 0.004253
0 0.226824 0.195659 0.002915 0.004375
0 0.231731 0.198523 0.001333 0.001831
0 0.191555 0.246582 0.002915 0.006377
0 0.185852 0.255562 0.003354 0.006416
0 0.176738 0.280640 0.002041 0.004150
0 0.165298 0.286143 0.001953 0.005566
0 0.141628 0.290483 0.002534 0.004961
0 0.151250 0.297351 0.001924 0.003442
0 0.159839 0.300178 0.002539 0.006665
0 0.157891 0.298342 0.002344 0.006567
0 0.141960 0.304087 0.003628 0.007764
0 0.131138 0.312031 0.002051 0.004795
0 0.134788 0.310305 0.001851 0.002739
0 0.151738 0.366921 0.002354 0.005229
0 0.176875 0.302910 0.006074 0.010205
0 0.151118 0.277454 0.004863 0.010571
0 0.132698 0.361589 0.005835 0.004780
0 0.102124 0.355439 0.002109 0.004395
0 0.115249 0.330947 0.004385 0.004463
0 0.112590 0.335291 0.001772 0.002358
0 0.093127 0.392649 0.003374 0.006665
0 0.087742 0.375029 0.002632 0.004561
0 0.083735 0.381958 0.002930 0.005225
0 0.004568 0.597051 0.002632 0.003242
0 0.462246 0.305396 0.004668 0.007871
0 0.479126 0.277595 0.002363 0.006753
0 0.470137 0.285991 0.002109 0.004473
0 0.078711 0.388860 0.003848 0.010327
0 0.082205 0.438923 0.002183 0.006440
0 0.103682 0.448064 0.003457 0.004556
0 0.074849 0.402451 0.002178 0.004570
0 0.069871 0.417988 0.002446 0.005400
0 0.049419 0.452141 0.002871 0.005229
0 0.017559 0.559260 0.002529 0.003022
0 0.477607 0.274136 0.002363 0.001855
0 0.418206 0.281624 0.002183 0.004360
0 0.421370 0.280815 0.002603 0.006680
0 0.435332 0.254380 0.002676 0.005830
0 0.434731 0.258174 0.002402 0.003633
0 0.410813 0.291133 0.002534 0.003848
0 0.397009 0.317896 0.002690 0.003398
0 0.388628 0.330347 0.002930 0.005801
0 0.374048 0.350898 0.003174 0.006641
0 0.345728 0.393140 0.002490 0.004346
0 0.392698 0.411582 0.002700 0.004473
0 0.368870 0.358564 0.002349 0.003809
0 0.431130 0.352219 0.001968 0.003657
0 0.415325 0.377974 0.001685 0.001973
0 0.457473 0.218870 0.001938 0.006577
0 0.468584 0.204863 0.002109 0.004502
0 0.452549 0.234338 0.002812 0.006118
0 0.449875 0.233708 0.002388 0.003726
0 0.529224 0.199751 0.002236 0.005977
0 0.523015 0.204575 0.002026 0.004727
0 0.536846 0.185344 0.001826 0.005835
0 0.563635 0.139700 0.002251 0.002739
0 0.556533 0.121453 0.002246 0.004780
0 0.574841 0.101372 0.002183 0.004082
0 0.568564 0.105864 0.001875 0.004834
0 0.584233 0.091421 0.001709 0.008398
0 0.587397 0.086689 0.002285 0.003223
0 0.594634 0.081387 0.002578 0.003516
0 0.611487 0.047202 0.002603 0.003096
0 0.435320 0.344951 0.001567 0.003516
0 0.344668 0.478535 0.001992 0.002695
0 0.345664 0.472383 0.001758 0.002695
0 0.291968 0.507605 0.009912 0.007437
0 0.304944 0.523352 0.003794 0.005688
0 0.258213 0.532319 0.004521 0.010791
0 0.275271 0.566802 0.003062 0.008604
0 0.285508 0.493127 0.002920 0.003501
0 0.228311 0.667546 0.003496 0.003208
0 0.172031 0.662446 0.002920 0.002334
0 0.175405 0.722678 0.002793 0.004370
0 0.167568 0.733796 0.002432 0.004497
0 0.127534 0.739141 0.002549 0.003281
0 0.108850 0.824575 0.003677 0.004199
0 0.933372 0.742866 0.002769 0.004229
0 0.915583 0.772175 0.002476 0.003062
0 0.896133 0.805562 0.001289 0.002773
0 0.955898 0.716770 0.002041 0.003354
0 0.998740 0.652852 0.002197 0.005313
0 0.922422 0.766084 0.002109 0.005313
0 0.911748 0.779287 0.002197 0.006074
0 0.907192 0.787219 0.002197 0.006753
