0 0.629229 0.948369 0.002871 0.002363
0 0.637644 0.989143 0.002183 0.004077
0 0.623450 0.979160 0.001548 0.003652
0 0.626367 0.977930 0.002598 0.002041
0 0.677859 0.819800 0.001821 0.002529
0 0.919229 0.045654 0.001318 0.002432
0 0.913862 0.034395 0.001221 0.002100
0 0.919250 0.060322 0.001128 0.001953
0 0.646475 0.681238 0.001943 0.005103
0 0.639927 0.570642 0.001318 0.002935
0 0.642205 0.564719 0.001616 0.002837
0 0.643311 0.549988 0.002627 0.004722
0 0.005049 0.327173 0.002012 0.002588
0 0.852070 0.904082 0.001406 0.003984
0 0.889248 0.801982 0.001758 0.003584
0 0.905505 0.659604 0.001606 0.001465
0 0.905408 0.662070 0.001323 0.003174
0 0.912588 0.579243 0.002295 0.004492
0 0.862454 0.588013 0.001851 0.004375
0 0.892944 0.508652 0.001416 0.003037
0 0.912627 0.462314 0.001465 0.001514
0 0.910625 0.459336 0.001465 0.002393
0 0.898350 0.459033 0.001270 0.003955
0 0.636938 0.951372 0.001172 0.002100
0 0.914863 0.530349 0.001338 0.001831
0 0.913218 0.531401 0.001758 0.002529
0 0.896846 0.514026 0.001318 0.004458
0 0.897395 0.477351 0.002769 0.007173
0 0.893855 0.527998 0.001616 0.006309
0 0.911763 0.518396 0.001963 0.002739
0 0.897485 0.468298 0.002002 0.002173
0 0.911785 0.375337 0.002935 0.003779
0 0.906973 0.379360 0.002939 0.004199
0 0.899509 0.334990 0.001899 0.003516
0 0.897500 0.330088 0.001416 0.006641
0 0.690898 0.367607 0.000977 0.002197
0 0.871929 0.729106 0.002051 0.002461
0 0.856028 0.682354 0.002534 0.004561
0 0.855574 0.707007 0.001821 0.002432
0 0.910439 0.638713 0.003545 0.005063
0 0.910237 0.643169 0.002534 0.003037
0 0.910439 0.647222 0.003340 0.003848
0 0.909932 0.651169 0.003545 0.003237
0 0.887002 0.821479 0.002100 0.004023
0 0.866030 0.820911 0.001768 0.001860
0 0.919399 0.062178 0.001318 0.002051
0 0.863967 0.822302 0.001860 0.003120
0 0.885820 0.835085 0.002197 0.003716
0 0.888015 0.837322 0.002026 0.003120
0 0.887720 0.852046 0.002783 0.003711
0 0.890754 0.857065 0.002446 0.003457
0 0.887549 0.858247 0.001602 0.003125
0 0.885854 0.870078 0.002773 0.003643
0 0.852856 0.861030 0.001699 0.002637
0 0.862964 0.744687 0.001758 0.002344
0 0.872524 0.696885 0.001406 0.002227
0 0.873931 0.693750 0.001875 0.003105
0 0.877046 0.919124 0.002021 0.003716
0 0.851426 0.938394 0.001758 0.005615
0 0.891499 0.654966 0.002578 0.002695
0 0.858879 0.617473 0.002358 0.003462
0 0.865081 0.619585 0.002788 0.004473
0 0.866179 0.614226 0.002446 0.004390
0 0.886101 0.885989 0.002700 0.004468
0 0.892432 0.455076 0.002051 0.002485
0 0.893604 0.458469 0.001660 0.001860
0 0.916641 0.449263 0.001758 0.004160
0 0.916934 0.457847 0.002461 0.004922
0 0.642622 0.368525 0.001660 0.002490
0 0.642476 0.371138 0.001465 0.002734
0 0.915422 0.513437 0.000981 0.002529
0 0.890554 0.502734 0.003140 0.003545
0 0.896526 0.500051 0.001519 0.002632
0 0.895869 0.503445 0.001826 0.002329
0 0.914473 0.510942 0.001338 0.002461
0 0.908870 0.551580 0.001519 0.003950
0 0.910488 0.553396 0.001113 0.002720
0 0.891252 0.563726 0.001313 0.002744
0 0.892568 0.384163 0.002021 0.003647
0 0.898137 0.384819 0.002427 0.004355
0 0.893833 0.348877 0.001924 0.005166
0 0.919033 0.404468 0.002461 0.004990
0 0.878721 0.685486 0.001582 0.002915
0 0.897378 0.404573 0.002041 0.003794
0 0.892468 0.404048 0.001167 0.002100
0 0.896177 0.393501 0.001465 0.002100
0 0.893677 0.437085 0.002197 0.003418
0 0.895923 0.448167 0.002197 0.004204
0 0.897852 0.452197 0.001758 0.003174
0 0.897754 0.455588 0.002344 0.002827
0 0.898462 0.463767 0.001709 0.002095
0 0.897656 0.465940 0.001758 0.002241
0 0.920132 0.064226 0.001318 0.001860
0 0.923359 0.119600 0.001934 0.003398
0 0.914443 0.144675 0.001758 0.002671
0 0.914092 0.147490 0.001338 0.002812
0 0.913672 0.150476 0.001758 0.003022
0 0.912969 0.152939 0.001338 0.002041
0 0.926479 0.190928 0.001367 0.002148
0 0.926626 0.193149 0.001758 0.002295
0 0.926870 0.195371 0.001465 0.001855
0 0.914619 0.224871 0.001748 0.002769
0 0.914111 0.238210 0.002188 0.004370
0 0.919780 0.239653 0.002441 0.002539
0 0.906074 0.256885 0.001611 0.004443
0 0.911362 0.303633 0.001875 0.003867
0 0.909570 0.272825 0.003770 0.003403
0 0.904102 0.276470 0.003525 0.004863
0 0.892378 0.281389 0.004619 0.004497
0 0.885168 0.308264 0.001313 0.002124
0 0.887141 0.310391 0.002427 0.003545
0 0.889167 0.313328 0.001821 0.002329
0 0.898013 0.324971 0.001709 0.003320
0 0.909180 0.340557 0.001611 0.003027
0 0.906614 0.344780 0.001177 0.002100
0 0.868325 0.446577 0.002002 0.003711
0 0.643057 0.365959 0.001621 0.002329
0 0.640527 0.367932 0.001621 0.003237
0 0.902085 0.380620 0.003037 0.003848
0 0.889531 0.564180 0.001719 0.002627
0 0.912617 0.584038 0.001016 0.002363
0 0.910757 0.561426 0.001758 0.002402
0 0.909790 0.607197 0.001621 0.004658
0 0.909985 0.628813 0.001221 0.002100
0 0.909912 0.632451 0.001367 0.001758
0 0.877727 0.652742 0.002192 0.002446
0 0.875151 0.649380 0.001758 0.002588
0 0.901091 0.675754 0.002603 0.004429
0 0.900212 0.680605 0.001968 0.003730
0 0.896084 0.642637 0.002451 0.005771
0 0.908665 0.418777 0.002534 0.004360
0 0.878601 0.688645 0.002065 0.002915
0 0.874998 0.699758 0.001616 0.002036
0 0.897766 0.703992 0.002026 0.002700
0 0.897969 0.716125 0.002002 0.003511
0 0.636780 0.949336 0.001606 0.002109
0 0.636780 0.945627 0.002280 0.003628
0 0.641011 0.880996 0.001758 0.005273
0 0.641504 0.867214 0.002041 0.003589
0 0.680200 0.668318 0.002295 0.002583
0 0.680820 0.665449 0.002109 0.003398
0 0.680347 0.661641 0.001865 0.003984
0 0.687058 0.492151 0.002192 0.002866
0 0.687651 0.500273 0.002432 0.005225
0 0.688306 0.458179 0.001582 0.003691
0 0.688423 0.450034 0.001816 0.003926
0 0.688188 0.446345 0.001934 0.002983
0 0.685640 0.443855 0.001289 0.002104
0 0.686460 0.434185 0.002461 0.003047
0 0.687778 0.423638 0.001816 0.005391
0 0.688193 0.408794 0.001611 0.004004
0 0.691870 0.379048 0.002148 0.004004
0 0.689038 0.365942 0.001563 0.004199
0 0.691309 0.365039 0.001416 0.002490
0 0.689526 0.361426 0.001953 0.003662
0 0.690723 0.339453 0.001123 0.002100
0 0.690649 0.337134 0.001172 0.002051
0 0.692578 0.335449 0.001807 0.002979
0 0.692432 0.332764 0.001221 0.002197
0 0.646035 0.341252 0.002129 0.005571
0 0.643403 0.330420 0.001318 0.003545
0 0.642844 0.326064 0.001821 0.004961
0 0.646746 0.326572 0.001519 0.003340
0 0.647251 0.315586 0.001719 0.005264
0 0.692705 0.309785 0.002305 0.002920
0 0.690093 0.307661 0.002188 0.005225
0 0.694771 0.294780 0.001582 0.002793
0 0.694529 0.291499 0.001821 0.003281
0 0.693433 0.274854 0.002793 0.004492
0 0.647759 0.247017 0.001367 0.001709
0 0.649348 0.245137 0.001519 0.002051
0 0.647688 0.245161 0.001616 0.001904
0 0.648420 0.242549 0.001997 0.002930
0 0.630874 0.953008 0.002109 0.002363
0 0.631211 0.946216 0.001943 0.001943
0 0.646174 0.238057 0.001519 0.002539
0 0.646855 0.235176 0.001709 0.003223
0 0.648398 0.221360 0.001348 0.003159
0 0.652529 0.167043 0.001406 0.001968
0 0.667754 0.154387 0.001758 0.001685
0 0.668806 0.157163 0.001616 0.003164
0 0.665303 0.064165 0.001699 0.003398
0 0.664355 0.129165 0.001318 0.003027
0 0.667378 0.136396 0.001416 0.002295
0 0.667061 0.134077 0.001270 0.001855
0 0.663125 0.118755 0.001621 0.003037
0 0.662571 0.115415 0.001519 0.003848
0 0.662620 0.112427 0.001421 0.001924
0 0.662468 0.109949 0.002329 0.002632
0 0.659785 0.101846 0.001211 0.003242
0 0.000718 0.526653 0.000928 0.002446
0 0.002068 0.507542 0.001099 0.002534
0 0.002786 0.496321 0.001860 0.004556
0 0.003669 0.488220 0.001772 0.002534
0 0.005232 0.453584 0.001860 0.003799
0 0.006667 0.435359 0.001011 0.003462
0 0.005823 0.430212 0.001685 0.004468
0 0.001731 0.419792 0.001938 0.002866
0 0.002100 0.343357 0.002188 0.005952
0 0.005237 0.311548 0.003022 0.004785
0 0.628804 0.945837 0.001855 0.002026
