0 0.122085 0.410977 0.001611 0.002051
0 0.102002 0.433813 0.003047 0.003174
0 0.081421 0.393120 0.002539 0.002783
0 0.079590 0.395317 0.002100 0.002197
0 0.081211 0.404402 0.002432 0.004458
0 0.121348 0.348613 0.002637 0.004453
0 0.107478 0.324465 0.002632 0.003950
0 0.072585 0.328455 0.001724 0.003950
0 0.121946 0.316355 0.001821 0.002026
0 0.118755 0.325417 0.001924 0.003540
0 0.119465 0.331543 0.001724 0.003037
0 0.085042 0.224346 0.002241 0.004248
0 0.107190 0.213633 0.003276 0.003711
0 0.119446 0.173604 0.001421 0.002686
0 0.117192 0.163193 0.001465 0.002930
0 0.129111 0.185725 0.001758 0.002876
0 0.306089 0.238381 0.001758 0.002251
0 0.300977 0.355425 0.001875 0.004277
0 0.309944 0.194038 0.001938 0.004385
0 0.359539 0.131973 0.001333 0.001758
0 0.358428 0.058208 0.001582 0.002520
0 0.310205 0.079160 0.002461 0.003730
0 0.339541 0.251440 0.001338 0.002812
0 0.301392 0.412339 0.001416 0.002441
0 0.298804 0.416074 0.001416 0.002295
0 0.301011 0.427104 0.001367 0.002148
0 0.300693 0.424663 0.001025 0.002734
0 0.302646 0.424321 0.001318 0.003320
0 0.299106 0.426860 0.001562 0.002148
0 0.299844 0.433237 0.002227 0.003223
0 0.299990 0.436606 0.002285 0.002695
0 0.301826 0.442864 0.002549 0.004985
0 0.323562 0.370088 0.002622 0.004375
0 0.301150 0.321216 0.002798 0.006475
0 0.302622 0.366550 0.001416 0.003218
0 0.307734 0.484072 0.001904 0.003564
0 0.300132 0.361377 0.001221 0.002539
0 0.303633 0.386187 0.001582 0.002812
0 0.321475 0.347815 0.002188 0.003892
0 0.327026 0.299082 0.003037 0.005713
0 0.131968 0.089851 0.002246 0.002886
0 0.113506 0.022563 0.002344 0.004102
0 0.110503 0.021392 0.002197 0.004102
0 0.107207 0.024883 0.002734 0.005811
0 0.103369 0.164424 0.001523 0.002637
0 0.088184 0.198564 0.002002 0.001807
0 0.308052 0.200835 0.001875 0.004980
0 0.307959 0.147869 0.002109 0.004849
0 0.114922 0.674207 0.003037 0.005229
0 0.085142 0.496084 0.002529 0.005977
0 0.084692 0.475464 0.002197 0.004004
0 0.131821 0.107236 0.002100 0.004736
0 0.308809 0.478213 0.001123 0.002002
0 0.310200 0.481948 0.001367 0.003027
0 0.346172 0.502910 0.001416 0.002393
0 0.335708 0.558027 0.001270 0.002686
0 0.335649 0.592769 0.001611 0.002441
0 0.320010 0.625957 0.001621 0.002939
0 0.339854 0.635625 0.001621 0.003037
0 0.304785 0.357856 0.001641 0.003164
0 0.129382 0.206780 0.002612 0.005317
0 0.117856 0.304426 0.001855 0.004556
0 0.078716 0.440156 0.001562 0.002930
0 0.080327 0.442329 0.001855 0.002686
0 0.074644 0.536338 0.001973 0.004814
0 0.090688 0.636943 0.002314 0.004199
0 0.058054 0.753123 0.003628 0.005747
0 0.109390 0.630251 0.002100 0.003237
0 0.111096 0.623909 0.003062 0.005776
0 0.106174 0.575588 0.001704 0.002183
0 0.070869 0.460222 0.002432 0.004458
0 0.121816 0.424944 0.002080 0.003042
0 0.116929 0.489790 0.002334 0.005762
0 0.087480 0.464167 0.002617 0.005142
0 0.105225 0.196411 0.002178 0.002812
0 0.087041 0.169766 0.001611 0.002197
0 0.097812 0.138530 0.001562 0.001953
0 0.094756 0.124990 0.003320 0.004199
0 0.090942 0.120693 0.001611 0.002588
0 0.095791 0.129221 0.002246 0.003315
0 0.113569 0.067129 0.001465 0.002393
0 0.112241 0.065232 0.001055 0.002251
0 0.121399 0.056477 0.001821 0.002427
0 0.120469 0.058691 0.001270 0.002002
0 0.118906 0.080107 0.002041 0.004219
0 0.105991 0.306563 0.001895 0.003164
