0 0.178564 0.551685 0.002275 0.003848
0 0.173469 0.685051 0.002954 0.003462
0 0.166223 0.867915 0.002915 0.002334
0 0.169141 0.873601 0.002334 0.002915
0 0.165361 0.884048 0.002109 0.002871
0 0.166877 0.881350 0.003120 0.004556
0 0.164480 0.897056 0.002974 0.001924
0 0.425415 0.250264 0.003672 0.008750
0 0.426990 0.341855 0.002622 0.004727
0 0.424446 0.407351 0.001948 0.005347
0 0.419282 0.398179 0.002549 0.011543
0 0.419221 0.406682 0.002915 0.004253
0 0.421467 0.365496 0.002310 0.005952
0 0.421528 0.372600 0.002188 0.005103
0 0.421106 0.378555 0.001821 0.004619
0 0.418967 0.460723 0.002329 0.006582
0 0.397861 0.844783 0.003301 0.005835
0 0.399795 0.849985 0.001543 0.004287
0 0.396770 0.851638 0.002251 0.003657
0 0.400132 0.863962 0.001826 0.005200
0 0.402222 0.871553 0.002793 0.006563
0 0.399609 0.871250 0.002188 0.006924
0 0.398882 0.877690 0.001943 0.005469
0 0.402344 0.903574 0.001602 0.016455
0 0.403103 0.916060 0.001772 0.003965
0 0.395298 0.906948 0.002197 0.005654
0 0.395085 0.913149 0.001772 0.003203
0 0.401021 0.934077 0.002549 0.006680
0 0.401567 0.940273 0.001943 0.005713
0 0.394885 0.945256 0.001460 0.004741
0 0.399697 0.951797 0.003096 0.007314
0 0.400222 0.957705 0.001899 0.004922
0 0.397341 0.960938 0.002739 0.012236
0 0.396501 0.980146 0.002729 0.008809
0 0.396299 0.998301 0.002734 0.003398
0 0.644448 0.392710 0.002773 0.006270
0 0.647437 0.396428 0.002041 0.004370
0 0.643647 0.419902 0.002920 0.006416
0 0.643794 0.437253 0.002041 0.007290
0 0.658188 0.550305 0.001699 0.002065
0 0.659219 0.566589 0.002793 0.008384
0 0.657520 0.571023 0.003037 0.006558
0 0.655759 0.571692 0.002915 0.009839
0 0.658369 0.598784 0.002305 0.009600
0 0.656277 0.662231 0.002026 0.004150
0 0.653950 0.663196 0.001826 0.003442
0 0.654397 0.801206 0.002671 0.007656
0 0.653181 0.809468 0.002427 0.005713
0 0.655005 0.809832 0.002676 0.008628
0 0.654431 0.834011 0.002065 0.010083
0 0.654180 0.901040 0.001699 0.007031
0 0.654780 0.934170 0.003281 0.006035
0 0.654634 0.944277 0.003457 0.009727
0 0.650474 0.947822 0.002051 0.003691
0 0.649131 0.959441 0.003096 0.004497
0 0.653103 0.977898 0.001479 0.003589
0 0.654719 0.977864 0.002183 0.008579
0 0.654368 0.985386 0.001899 0.005908
0 0.649729 0.983557 0.001616 0.004780
0 0.649199 0.987180 0.001123 0.003306
0 0.650818 0.986511 0.001685 0.002954
