0 0.689902 0.891042 0.001758 0.002251
0 0.656074 0.495869 0.005742 0.004531
0 0.675623 0.484866 0.003159 0.002915
0 0.667446 0.450603 0.002432 0.003647
0 0.665273 0.434468 0.001992 0.002754
0 0.664277 0.442202 0.002344 0.003457
0 0.660068 0.364634 0.002041 0.003164
0 0.676199 0.346477 0.003140 0.003345
0 0.678782 0.652800 0.002798 0.003501
0 0.676501 0.630044 0.002319 0.004785
0 0.696787 0.613896 0.002363 0.003457
0 0.698523 0.556936 0.002632 0.004253
0 0.699204 0.574092 0.002285 0.004629
0 0.887603 0.859917 0.002480 0.006123
0 0.870142 0.877136 0.001758 0.003589
0 0.868237 0.892791 0.002617 0.005063
0 0.868491 0.910256 0.002363 0.002954
0 0.881201 0.919983 0.002432 0.004009
0 0.904492 0.870747 0.002295 0.003760
0 0.883774 0.882388 0.002285 0.004043
0 0.870977 0.823093 0.002109 0.002886
0 0.882949 0.836770 0.001758 0.002954
0 0.867385 0.763535 0.001938 0.002783
0 0.899019 0.830471 0.002637 0.004253
0 0.912900 0.830012 0.002187 0.002329
0 0.894614 0.804023 0.001943 0.002793
0 0.873687 0.749927 0.002441 0.003857
0 0.878879 0.651707 0.002427 0.003745
0 0.880327 0.668572 0.002363 0.002866
0 0.881357 0.674536 0.002256 0.003164
0 0.931003 0.511462 0.003647 0.003765
0 0.882339 0.696184 0.002480 0.004956
0 0.911868 0.801162 0.001421 0.001924
0 0.879121 0.942283 0.002734 0.004253
0 0.918315 0.757925 0.002734 0.004961
0 0.893335 0.786348 0.003496 0.003848
0 0.673062 0.701504 0.001973 0.004219
0 0.924053 0.270674 0.001992 0.003281
0 0.884517 0.327349 0.002051 0.001904
0 0.890542 0.369790 0.002148 0.002832
0 0.910613 0.382866 0.002329 0.002529
0 0.881763 0.433784 0.001367 0.001758
0 0.894749 0.430610 0.001968 0.002812
0 0.900129 0.459177 0.002866 0.005903
0 0.695420 0.492395 0.002617 0.005483
0 0.700862 0.534753 0.002192 0.003462
0 0.693479 0.529436 0.003462 0.007339
0 0.691665 0.514629 0.003711 0.007422
0 0.689934 0.520156 0.003120 0.006494
0 0.647024 0.809138 0.001831 0.002954
0 0.658057 0.990352 0.001172 0.003223
0 0.650068 0.985439 0.002461 0.004043
0 0.641729 0.941626 0.001416 0.003320
0 0.689854 0.920937 0.002539 0.004199
0 0.640605 0.868022 0.001758 0.002393
0 0.692073 0.798665 0.002671 0.006079
0 0.690127 0.806016 0.002187 0.004980
0 0.894136 0.693311 0.001953 0.004150
0 0.877871 0.558862 0.002871 0.004102
0 0.877856 0.589229 0.001904 0.002051
0 0.897959 0.566143 0.002812 0.003691
0 0.924526 0.595466 0.002529 0.005132
0 0.927095 0.599753 0.002178 0.004429
0 0.918669 0.595784 0.002671 0.005347
