0 0.355718 0.392612 0.002432 0.007187
0 0.352529 0.397676 0.001924 0.004756
0 0.356533 0.420684 0.002529 0.007803
0 0.356497 0.437068 0.002036 0.008647
0 0.341941 0.550376 0.002319 0.002812
0 0.340713 0.566338 0.001826 0.009141
0 0.342539 0.570134 0.002393 0.008579
0 0.344685 0.571682 0.001899 0.008296
0 0.341636 0.598279 0.002695 0.009536
0 0.343896 0.661604 0.002178 0.005835
0 0.346321 0.662800 0.001548 0.004429
0 0.345759 0.800603 0.002319 0.006821
0 0.345090 0.809111 0.001548 0.009775
0 0.346780 0.809851 0.001685 0.006187
0 0.345317 0.833755 0.001992 0.009727
0 0.346174 0.901018 0.001831 0.006890
0 0.344556 0.934214 0.002100 0.005273
0 0.346313 0.934727 0.001416 0.005811
0 0.345120 0.944219 0.002388 0.009424
0 0.349556 0.947739 0.001709 0.004102
0 0.350313 0.959434 0.001758 0.004346
0 0.352388 0.958726 0.001904 0.002734
0 0.345186 0.975132 0.001562 0.003125
0 0.345601 0.979697 0.001318 0.005518
0 0.346919 0.977988 0.001221 0.003467
0 0.345698 0.985264 0.001611 0.005322
0 0.349556 0.986289 0.001221 0.003760
0 0.350508 0.983286 0.000879 0.004004
0 0.350679 0.987412 0.001514 0.002979
0 0.574395 0.250281 0.003672 0.008745
0 0.573335 0.341755 0.002529 0.005161
0 0.578467 0.365559 0.002041 0.008511
0 0.575300 0.372485 0.002319 0.004922
0 0.578291 0.373120 0.002393 0.004922
0 0.578994 0.378496 0.001826 0.005273
0 0.581064 0.396455 0.002676 0.007451
0 0.580994 0.406299 0.002817 0.004639
0 0.575544 0.407354 0.002046 0.005205
0 0.601865 0.845271 0.003877 0.006157
0 0.599968 0.850122 0.002446 0.006074
0 0.602666 0.851428 0.002783 0.004302
0 0.600049 0.863918 0.002109 0.005483
0 0.597732 0.871721 0.003374 0.005229
0 0.600642 0.871301 0.002612 0.006245
0 0.601357 0.877332 0.001689 0.005483
0 0.597976 0.898772 0.002026 0.008013
0 0.597681 0.906831 0.001602 0.007930
0 0.604810 0.906577 0.001855 0.005908
0 0.596794 0.916279 0.001519 0.004053
0 0.604724 0.913582 0.001519 0.003208
0 0.603916 0.933044 0.002529 0.006665
0 0.598726 0.937136 0.003125 0.012827
0 0.605264 0.944900 0.001855 0.004048
0 0.600161 0.954180 0.002949 0.012148
0 0.602817 0.960889 0.002871 0.012236
0 0.603621 0.980000 0.002788 0.008096
0 0.603831 0.998437 0.002534 0.003125
0 0.826379 0.685137 0.004009 0.004375
0 0.832773 0.881746 0.001943 0.004976
0 0.835051 0.884067 0.002280 0.003037
0 0.834209 0.867908 0.002617 0.001938
0 0.830833 0.873604 0.002446 0.003379
0 0.821787 0.551299 0.002451 0.004199
0 0.829451 0.756440 0.002271 0.003320
0 0.835776 0.897205 0.002734 0.002632
