0 0.107471 0.281853 0.003301 0.005503
0 0.096196 0.276377 0.002510 0.003535
0 0.090190 0.272546 0.004053 0.003833
0 0.112051 0.310996 0.001943 0.004688
0 0.106123 0.348391 0.002227 0.004243
0 0.091052 0.340906 0.002017 0.002017
0 0.087686 0.460793 0.004229 0.002915
0 0.083091 0.449377 0.001895 0.002407
0 0.102854 0.476897 0.003101 0.006196
0 0.109287 0.458750 0.001875 0.001875
0 0.103911 0.447883 0.001533 0.002622
0 0.101760 0.454521 0.001753 0.003066
0 0.083745 0.456743 0.002041 0.003428
0 0.102979 0.502178 0.002002 0.003516
0 0.104199 0.505229 0.001807 0.002295
0 0.100728 0.499905 0.002686 0.002583
0 0.105615 0.528838 0.003105 0.004102
0 0.122373 0.520898 0.003691 0.006973
0 0.085798 0.513083 0.003345 0.004653
0 0.107610 0.552588 0.001968 0.003447
0 0.110173 0.553467 0.002603 0.003379
0 0.110947 0.557402 0.005273 0.003516
0 0.087285 0.578755 0.003174 0.003516
0 0.118220 0.594529 0.002954 0.003589
0 0.091309 0.572734 0.001660 0.002490
0 0.088984 0.562124 0.002344 0.002930
0 0.104170 0.642312 0.002617 0.004556
0 0.089954 0.637253 0.002534 0.003374
0 0.089663 0.643320 0.002197 0.003418
0 0.090835 0.650449 0.003857 0.004199
0 0.122957 0.652305 0.002915 0.003525
0 0.144185 0.682161 0.002676 0.004292
0 0.093667 0.661003 0.001436 0.004644
0 0.113259 0.821421 0.003403 0.002793
0 0.112651 0.836548 0.002187 0.004863
0 0.113560 0.858403 0.002168 0.003164
0 0.114211 0.885779 0.002886 0.003726
0 0.123076 0.918848 0.002100 0.002881
0 0.358086 0.361191 0.002334 0.004082
0 0.311614 0.447988 0.002280 0.005400
0 0.312695 0.423008 0.001660 0.003564
0 0.310308 0.307717 0.002363 0.004048
0 0.363062 0.950234 0.001943 0.003281
0 0.368579 0.953186 0.002041 0.002603
0 0.994988 0.311768 0.002446 0.003672
0 0.994695 0.453411 0.001313 0.002915
