0 0.388396 0.349348 0.002534 0.004810
0 0.390068 0.363005 0.002529 0.006050
0 0.389575 0.368032 0.002246 0.003447
0 0.389539 0.379529 0.001899 0.005200
0 0.390208 0.383501 0.001968 0.003164
0 0.403416 0.404910 0.001821 0.005063
0 0.393711 0.406177 0.001689 0.003936
0 0.392307 0.405649 0.001274 0.002598
0 0.390405 0.408076 0.002109 0.003516
0 0.390806 0.442661 0.001904 0.004590
0 0.394397 0.446582 0.002065 0.002432
0 0.396416 0.449084 0.002188 0.003765
0 0.373335 0.486548 0.002451 0.006328
0 0.383840 0.484480 0.002192 0.005737
0 0.394937 0.298699 0.003340 0.007593
0 0.398257 0.269019 0.002188 0.005830
0 0.412034 0.271570 0.001753 0.005103
0 0.400952 0.262310 0.001748 0.004082
0 0.411641 0.284421 0.001719 0.004556
0 0.409580 0.209905 0.001465 0.005562
0 0.410723 0.220303 0.001641 0.004336
0 0.408318 0.161772 0.002192 0.004893
0 0.378276 0.119863 0.002324 0.005557
0 0.384675 0.105063 0.001479 0.004082
0 0.380945 0.153599 0.002534 0.005146
0 0.409819 0.203530 0.001660 0.002393
0 0.380381 0.335637 0.003545 0.004556
0 0.386960 0.488997 0.002026 0.004810
0 0.411106 0.473804 0.001968 0.003232
0 0.384907 0.523154 0.002578 0.005039
0 0.381157 0.525146 0.001758 0.004336
0 0.387847 0.542290 0.001904 0.004688
0 0.383149 0.569761 0.003047 0.002109
0 0.387646 0.600732 0.001641 0.004160
0 0.385625 0.605859 0.001465 0.002109
0 0.389844 0.603486 0.001816 0.004043
0 0.389756 0.606533 0.001523 0.001816
0 0.386738 0.616455 0.001992 0.004160
0 0.386943 0.620264 0.002051 0.003340
0 0.387383 0.624072 0.001992 0.002871
0 0.388115 0.627778 0.001855 0.003809
0 0.390020 0.631904 0.001758 0.003760
0 0.394055 0.688267 0.002329 0.004150
0 0.415117 0.885200 0.004199 0.007695
0 0.422466 0.925513 0.002793 0.005225
0 0.390667 0.952021 0.002251 0.003867
0 0.405361 0.953848 0.003096 0.003027
0 0.396563 0.995864 0.002109 0.004922
0 0.387568 0.920254 0.001602 0.003291
0 0.421160 0.588062 0.002026 0.004219
0 0.587979 0.244700 0.002227 0.006274
0 0.586003 0.209060 0.001724 0.003647
0 0.588635 0.210225 0.002124 0.006787
0 0.585903 0.163853 0.001719 0.004355
0 0.586299 0.120566 0.003037 0.005771
0 0.607356 0.080928 0.003442 0.003037
0 0.613250 0.152131 0.002935 0.004868
0 0.612944 0.174983 0.002393 0.004077
0 0.624504 0.213030 0.003091 0.005767
0 0.621011 0.223940 0.001563 0.004736
0 0.630010 0.241003 0.002637 0.005562
0 0.600371 0.286782 0.001943 0.004385
0 0.609141 0.363950 0.001855 0.005225
0 0.606577 0.363950 0.001807 0.003760
0 0.629990 0.354868 0.001563 0.006396
0 0.631797 0.357725 0.001563 0.004883
0 0.632847 0.347031 0.002002 0.003418
0 0.608359 0.341099 0.001172 0.003271
0 0.630725 0.377300 0.003032 0.008154
0 0.635466 0.750176 0.001089 0.002793
0 0.632178 0.754502 0.002109 0.007090
0 0.635049 0.756436 0.001875 0.005566
0 0.635518 0.761328 0.001406 0.003516
0 0.633945 0.774341 0.001934 0.003984
0 0.635586 0.779084 0.002051 0.003403
0 0.633821 0.816050 0.002388 0.004502
0 0.633757 0.844082 0.001899 0.002598
0 0.632913 0.860288 0.002319 0.005908
0 0.610691 0.397310 0.001685 0.004229
0 0.642290 0.385457 0.003799 0.003130
0 0.616335 0.421665 0.001519 0.004727
0 0.625337 0.459070 0.001855 0.006411
0 0.628586 0.468857 0.003120 0.006582
0 0.628335 0.475396 0.002109 0.004980
0 0.627615 0.486111 0.002026 0.008687
0 0.629221 0.506995 0.002700 0.007085
0 0.631411 0.519438 0.001855 0.002783
0 0.631919 0.531548 0.001855 0.004727
0 0.647275 0.547664 0.002529 0.005063
0 0.630654 0.563945 0.001855 0.005400
0 0.631538 0.567827 0.001436 0.002529
0 0.647571 0.568040 0.001606 0.005825
0 0.633860 0.586602 0.002534 0.005654
0 0.634028 0.591157 0.002021 0.002949
0 0.632400 0.621289 0.002603 0.007451
0 0.635071 0.622063 0.002183 0.003794
0 0.633579 0.646067 0.001680 0.005737
0 0.634763 0.660330 0.002866 0.004556
0 0.637505 0.673196 0.001270 0.002788
0 0.636741 0.685303 0.001597 0.003379
0 0.635574 0.727107 0.002046 0.004810
0 0.633489 0.744436 0.001860 0.004312
0 0.635298 0.743804 0.001611 0.003047
0 0.633398 0.876785 0.001895 0.004009
0 0.634768 0.881497 0.001968 0.003589
0 0.635547 0.891235 0.002051 0.005215
0 0.628252 0.890386 0.001875 0.003984
0 0.626316 0.943799 0.001616 0.006611
0 0.628706 0.942781 0.001758 0.009634
0 0.650347 0.992190 0.002109 0.004810
0 0.651519 0.961184 0.001758 0.008853
0 0.655876 0.975454 0.001519 0.003037
0 0.644539 0.924673 0.002329 0.009619
0 0.822300 0.148281 0.003643 0.006855
0 0.819165 0.147041 0.002920 0.007578
0 0.826455 0.180574 0.003203 0.004956
0 0.824409 0.280254 0.005205 0.007031
0 0.829678 0.346831 0.002773 0.006416
0 0.833687 0.319419 0.002627 0.012539
0 0.835364 0.362578 0.002476 0.004668
0 0.834302 0.380588 0.001475 0.004429
0 0.833984 0.384702 0.001826 0.004639
0 0.833210 0.390188 0.003374 0.006890
0 0.837402 0.401580 0.001621 0.004077
0 0.836636 0.416807 0.001465 0.005215
0 0.832944 0.420234 0.002285 0.004453
0 0.828923 0.411206 0.001616 0.005059
0 0.847627 0.644595 0.001807 0.006445
0 0.840674 0.668796 0.001660 0.005034
0 0.831436 0.439448 0.002637 0.003516
0 0.822676 0.435083 0.001875 0.001816
0 0.824565 0.493652 0.001816 0.004570
0 0.835874 0.510205 0.002402 0.005918
0 0.834092 0.526389 0.001689 0.004712
0 0.837078 0.551526 0.001899 0.004497
0 0.838806 0.578855 0.003374 0.009194
0 0.828135 0.574509 0.002109 0.004556
0 0.834631 0.573623 0.001938 0.005146
0 0.838169 0.601787 0.001416 0.003174
0 0.829976 0.625571 0.002539 0.003564
0 0.839058 0.625376 0.001270 0.005225
0 0.840840 0.616953 0.001709 0.005762
0 0.842939 0.619395 0.001416 0.005371
0 0.843892 0.629551 0.002539 0.003027
0 0.832466 0.638613 0.002734 0.006787
0 0.846704 0.676167 0.001514 0.002686
0 0.844824 0.679319 0.001367 0.003218
0 0.839673 0.682148 0.001611 0.004395
0 0.844785 0.690703 0.002148 0.004785
0 0.847959 0.690386 0.001855 0.005029
0 0.840854 0.695220 0.001807 0.005713
0 0.842588 0.700444 0.001465 0.002881
0 0.840073 0.702495 0.001709 0.003467
0 0.848569 0.701323 0.002002 0.004736
0 0.851157 0.704644 0.002100 0.004150
0 0.841416 0.711064 0.001758 0.005859
0 0.839878 0.709673 0.001123 0.002783
0 0.852207 0.717144 0.001758 0.006592
0 0.852695 0.722319 0.002148 0.003369
0 0.837437 0.725591 0.002002 0.003955
0 0.851401 0.734355 0.002295 0.009375
0 0.855190 0.737285 0.002783 0.009150
0 0.841733 0.740337 0.001709 0.005615
0 0.840122 0.740410 0.001221 0.004883
0 0.839780 0.743608 0.001123 0.002783
0 0.839927 0.747246 0.001514 0.003418
0 0.857822 0.754692 0.001660 0.008838
0 0.853633 0.763384 0.001934 0.006270
0 0.839541 0.767104 0.002109 0.004922
0 0.846777 0.768013 0.001699 0.007090
0 0.841357 0.779878 0.001523 0.003516
0 0.854578 0.789634 0.002280 0.004893
0 0.852805 0.796467 0.001772 0.004556
0 0.853965 0.806436 0.001514 0.006201
0 0.852256 0.806509 0.001318 0.003906
0 0.846519 0.806655 0.001270 0.004785
0 0.847983 0.809097 0.001563 0.003809
0 0.854673 0.819790 0.001855 0.004883
0 0.856614 0.816941 0.002163 0.005669
0 0.871387 0.831660 0.001934 0.003867
0 0.858408 0.843413 0.002227 0.004268
0 0.854238 0.852734 0.001855 0.003418
0 0.856436 0.852026 0.002051 0.008740
0 0.861318 0.854324 0.002148 0.006694
0 0.866543 0.876450 0.001875 0.006094
0 0.864199 0.878179 0.001406 0.003926
0 0.874780 0.899551 0.002402 0.006563
0 0.873022 0.905791 0.003105 0.004863
0 0.867720 0.907607 0.002227 0.005684
0 0.865874 0.904678 0.001465 0.003809
0 0.861509 0.904824 0.001992 0.006563
0 0.859692 0.899082 0.001875 0.004922
0 0.864705 0.937686 0.002534 0.009316
0 0.844102 0.933135 0.002432 0.006689
0 0.846450 0.951101 0.002021 0.007339
0 0.863804 0.955269 0.003271 0.010693
0 0.858750 0.959028 0.001563 0.002979
0 0.857578 0.972334 0.002539 0.003711
0 0.857993 0.977729 0.001807 0.002002
0 0.854944 0.776489 0.003354 0.010205
