0 0.487363 0.664260 0.001475 0.004497
0 0.491685 0.668972 0.001406 0.005903
0 0.675396 0.853240 0.005566 0.005063
0 0.276279 0.384778 0.003018 0.005542
0 0.288264 0.377659 0.002124 0.004556
0 0.273535 0.376899 0.002227 0.005264
0 0.291506 0.408816 0.003140 0.005640
0 0.303569 0.446763 0.003340 0.002812
0 0.318772 0.452803 0.002251 0.005137
0 0.329600 0.464792 0.002812 0.009985
0 0.339165 0.475864 0.002529 0.008086
0 0.358257 0.493516 0.002461 0.003447
0 0.378582 0.523911 0.002036 0.004639
0 0.386035 0.525142 0.002041 0.004434
0 0.392876 0.568748 0.001924 0.007192
0 0.399509 0.560952 0.002632 0.007188
0 0.405178 0.562571 0.002026 0.006987
0 0.424712 0.590222 0.002109 0.005483
0 0.423022 0.594089 0.002334 0.007583
0 0.439160 0.603384 0.001406 0.004512
0 0.452495 0.627212 0.001855 0.004473
0 0.494009 0.618057 0.003037 0.002871
0 0.479341 0.651294 0.001348 0.005400
0 0.496582 0.671104 0.002363 0.002363
0 0.216245 0.294368 0.001826 0.004360
0 0.367542 0.509907 0.001128 0.004639
0 0.414695 0.559026 0.002026 0.009517
0 0.433174 0.582471 0.001758 0.002754
0 0.484656 0.661343 0.001685 0.003867
0 0.711755 0.913425 0.003140 0.002329
0 0.706438 0.879810 0.002632 0.002529
0 0.698438 0.920662 0.002227 0.004048
0 0.676265 0.897273 0.002832 0.002026
0 0.731067 0.952000 0.003208 0.007290
0 0.608496 0.761702 0.002188 0.002622
0 0.611338 0.787725 0.003203 0.004229
0 0.329084 0.150786 0.002622 0.006416
0 0.320408 0.106389 0.003062 0.003354
0 0.383918 0.176250 0.001968 0.002393
0 0.416882 0.198193 0.004458 0.005059
0 0.438459 0.215923 0.002026 0.005469
0 0.443269 0.228174 0.003540 0.004453
0 0.499775 0.325569 0.002432 0.006196
0 0.497358 0.327051 0.001943 0.004199
0 0.524438 0.321743 0.002432 0.008262
0 0.538774 0.321438 0.002188 0.004497
0 0.513262 0.306372 0.001943 0.004492
0 0.409465 0.246750 0.003892 0.003159
0 0.384048 0.219568 0.001924 0.004458
0 0.386628 0.218706 0.001821 0.006982
0 0.355950 0.184482 0.002329 0.004658
0 0.521616 0.350437 0.001768 0.005063
0 0.579888 0.394199 0.002041 0.006562
0 0.583965 0.400400 0.001924 0.006582
0 0.588420 0.406880 0.001724 0.003945
0 0.591914 0.411792 0.001826 0.006279
0 0.604873 0.424446 0.002227 0.006079
0 0.622622 0.441553 0.003037 0.004131
0 0.644221 0.444463 0.002358 0.004893
0 0.630215 0.451887 0.002871 0.008267
0 0.642534 0.468088 0.002363 0.007593
0 0.657214 0.460198 0.002534 0.006665
0 0.660464 0.485005 0.003291 0.009365
0 0.678647 0.511077 0.002363 0.007847
0 0.681685 0.510276 0.001689 0.003374
0 0.722988 0.558545 0.002100 0.004199
0 0.703909 0.539131 0.002026 0.003545
0 0.748093 0.591658 0.002954 0.003022
0 0.757334 0.606423 0.002041 0.003726
0 0.762295 0.614702 0.002041 0.006543
0 0.765920 0.614929 0.001899 0.005415
0 0.769255 0.617988 0.001958 0.003232
0 0.776326 0.629312 0.002319 0.004219
0 0.780996 0.632192 0.001689 0.003096
0 0.801895 0.661951 0.003037 0.005454
0 0.829404 0.697043 0.003281 0.004858
0 0.836375 0.706274 0.001265 0.004922
0 0.840205 0.709438 0.003164 0.003516
0 0.843860 0.712251 0.001899 0.004502
0 0.844641 0.723152 0.001763 0.005210
0 0.850759 0.719763 0.002163 0.005151
0 0.877773 0.763252 0.002227 0.008809
0 0.876306 0.765527 0.002124 0.006074
0 0.871646 0.758997 0.001924 0.002534
0 0.919558 0.772129 0.001821 0.004756
0 0.925632 0.788835 0.001821 0.004761
0 0.908623 0.764133 0.002227 0.009214
0 0.878716 0.739849 0.002734 0.012070
0 0.529697 0.024241 0.004619 0.005669
0 0.553528 0.047546 0.005249 0.005249
0 0.613962 0.125168 0.005591 0.005103
0 0.660176 0.172708 0.002832 0.002329
0 0.685315 0.197017 0.001812 0.004746
0 0.687070 0.200884 0.001699 0.004395
0 0.700752 0.211646 0.001758 0.003711
0 0.709099 0.224028 0.002407 0.004395
0 0.708726 0.228423 0.002051 0.003701
0 0.748320 0.291143 0.001758 0.004453
0 0.767446 0.297046 0.002461 0.006016
0 0.776289 0.310806 0.001934 0.004219
0 0.779805 0.313823 0.001113 0.003457
0 0.794951 0.328413 0.002578 0.004863
0 0.805095 0.335742 0.001909 0.005449
0 0.808633 0.340366 0.001816 0.004395
0 0.801748 0.351909 0.002227 0.004863
0 0.806494 0.347339 0.001758 0.004395
0 0.812939 0.348469 0.003311 0.010454
0 0.826753 0.366890 0.002441 0.002734
0 0.845645 0.399077 0.001992 0.004922
0 0.880251 0.419478 0.001909 0.002881
0 0.881055 0.423408 0.001465 0.003027
0 0.871538 0.417546 0.001563 0.005005
0 0.910212 0.448118 0.002192 0.007935
0 0.914946 0.451836 0.001855 0.004219
0 0.921140 0.462124 0.002114 0.009355
0 0.925073 0.462046 0.001689 0.008437
0 0.938743 0.473523 0.001519 0.008267
0 0.916677 0.472383 0.001606 0.004639
0 0.915876 0.473818 0.001519 0.006162
0 0.969871 0.528962 0.003833 0.005269
0 0.960906 0.509226 0.001919 0.004897
0 0.931670 0.494968 0.002666 0.004761
