0 0.438054 0.082688 0.005415 0.003530
0 0.431499 0.083191 0.003906 0.002524
0 0.499243 0.065735 0.001514 0.004409
0 0.501384 0.042610 0.002769 0.007563
0 0.498738 0.052756 0.001509 0.007437
0 0.499619 0.059749 0.001768 0.005044
0 0.502959 0.023704 0.001387 0.004790
0 0.503401 0.014758 0.002524 0.004790
0 0.529802 0.039146 0.003403 0.011973
0 0.546123 0.024336 0.003779 0.006807
0 0.528391 0.091138 0.003501 0.002539
0 0.536006 0.088774 0.005430 0.002539
0 0.549966 0.092627 0.006738 0.001836
0 0.577754 0.090830 0.005947 0.002627
0 0.578191 0.093105 0.005601 0.001924
0 0.612236 0.095425 0.006123 0.002012
0 0.621121 0.093765 0.003413 0.001836
0 0.636042 0.093853 0.005776 0.002187
0 0.649958 0.096826 0.011030 0.001660
0 0.685173 0.106382 0.003813 0.007109
0 0.689565 0.101709 0.002100 0.005459
0 0.685940 0.098862 0.001675 0.008838
0 0.683054 0.101340 0.002104 0.007876
0 0.713721 0.089053 0.002520 0.008926
0 0.708943 0.093308 0.002622 0.001890
0 0.720916 0.083594 0.002417 0.001787
0 0.725222 0.083540 0.003042 0.003154
0 0.735461 0.083699 0.002104 0.004937
0 0.732732 0.079915 0.002310 0.006196
0 0.742178 0.101167 0.007354 0.002012
0 0.716536 0.112546 0.002974 0.008140
0 0.753596 0.045447 0.001968 0.007710
0 0.767463 0.030947 0.001460 0.008750
0 0.772419 0.027847 0.001450 0.004160
0 0.790852 0.104355 0.002622 0.007559
0 0.802983 0.104827 0.002100 0.006616
0 0.827139 0.104358 0.002100 0.010923
0 0.836067 0.106475 0.002417 0.012090
0 0.881172 0.110098 0.001924 0.007002
0 0.703818 0.153293 0.002832 0.012417
0 0.688030 0.200879 0.003052 0.006973
0 0.664500 0.281711 0.002524 0.008521
0 0.235491 0.716077 0.003628 0.005991
0 0.232043 0.717349 0.003628 0.003447
0 0.412620 0.975430 0.006958 0.012402
0 0.417561 0.650566 0.005044 0.006807
0 0.417813 0.666697 0.002520 0.008315
0 0.419387 0.634814 0.003403 0.009326
0 0.417183 0.626873 0.003027 0.006050
0 0.420837 0.598201 0.003022 0.012222
0 0.419075 0.587300 0.004536 0.009326
0 0.418694 0.572490 0.002017 0.005928
0 0.421218 0.572302 0.003276 0.004536
0 0.420903 0.521384 0.002646 0.009077
0 0.423547 0.508909 0.002397 0.006050
0 0.424683 0.501536 0.002900 0.004663
0 0.423823 0.466133 0.001387 0.005801
0 0.425588 0.467646 0.002144 0.007559
0 0.424392 0.452712 0.003022 0.007183
0 0.424517 0.446409 0.002520 0.004917
0 0.428108 0.420195 0.003403 0.008447
0 0.429182 0.410930 0.002017 0.006050
0 0.426411 0.398171 0.004033 0.008228
0 0.426282 0.379802 0.003022 0.011343
0 0.429937 0.377976 0.003027 0.007690
0 0.432522 0.377471 0.002397 0.005420
0 0.430000 0.359575 0.003154 0.006680
0 0.432646 0.365374 0.002646 0.003657
0 0.434285 0.344075 0.003149 0.007183
0 0.436643 0.308318 0.003149 0.011343
0 0.445376 0.285532 0.002646 0.005039
0 0.446448 0.273750 0.003022 0.006426
0 0.452876 0.239280 0.003779 0.012349
0 0.457249 0.229336 0.002896 0.006426
0 0.460808 0.228013 0.003022 0.019482
0 0.466450 0.198269 0.002646 0.005542
0 0.468274 0.185981 0.003276 0.013740
0 0.475459 0.170796 0.002773 0.006553
0 0.474766 0.160586 0.003652 0.007812
0 0.479807 0.145967 0.002896 0.008818
0 0.482266 0.131094 0.003281 0.010586
0 0.494768 0.083318 0.002397 0.005796
0 0.481282 0.088550 0.002144 0.002646
