0 0.098621 0.395376 0.001411 0.002100
0 0.327173 0.670181 0.002109 0.003574
0 0.332744 0.747078 0.002334 0.005981
0 0.332964 0.740005 0.001895 0.005830
0 0.976465 0.954492 0.002275 0.004385
0 0.705515 0.985879 0.001821 0.003037
0 0.381030 0.958447 0.001758 0.002881
0 0.380518 0.955469 0.001611 0.002881
0 0.380957 0.952002 0.002100 0.004248
0 0.347603 0.881956 0.001973 0.004995
0 0.347986 0.887229 0.001753 0.005132
0 0.355012 0.495569 0.001968 0.004009
0 0.356206 0.502419 0.001406 0.002534
0 0.319570 0.540278 0.002109 0.005400
0 0.321543 0.563521 0.002109 0.001768
0 0.350159 0.355688 0.002427 0.006074
0 0.347075 0.316113 0.002051 0.004453
0 0.346138 0.311396 0.001816 0.003809
0 0.348042 0.307500 0.001875 0.004922
0 0.345903 0.306064 0.002402 0.005684
0 0.314465 0.056672 0.001548 0.002603
0 0.313479 0.063948 0.001265 0.003374
0 0.313337 0.059692 0.001548 0.004287
0 0.315906 0.048127 0.002036 0.003091
0 0.087844 0.292927 0.002700 0.005737
0 0.119531 0.551433 0.003643 0.004048
0 0.109023 0.661292 0.001924 0.003237
0 0.129443 0.841799 0.003887 0.005347
0 0.131279 0.862744 0.001816 0.003398
0 0.145042 0.886968 0.002192 0.005146
0 0.154219 0.980454 0.002295 0.006445
0 0.153484 0.986265 0.001899 0.004570
0 0.152534 0.991367 0.001826 0.005479
0 0.146357 0.912913 0.002188 0.006440
0 0.141333 0.875833 0.001406 0.002183
0 0.140315 0.873335 0.001616 0.002393
0 0.167524 0.896472 0.001924 0.004253
0 0.167273 0.892170 0.001821 0.003345
0 0.164893 0.857849 0.001719 0.004556
0 0.122432 0.759053 0.001953 0.004443
0 0.096514 0.621357 0.002051 0.004453
0 0.098887 0.619395 0.002227 0.006504
0 0.094214 0.609048 0.001660 0.002979
0 0.093994 0.605117 0.001318 0.004004
0 0.092456 0.606118 0.001562 0.004834
0 0.093774 0.600942 0.001563 0.002783
0 0.092114 0.601504 0.001660 0.003125
0 0.093799 0.596646 0.002393 0.005518
0 0.108213 0.600308 0.001836 0.005947
0 0.106245 0.598821 0.001924 0.006479
0 0.126262 0.609580 0.002729 0.002627
0 0.131370 0.520532 0.002837 0.006074
0 0.088083 0.512432 0.002124 0.005264
0 0.090139 0.510427 0.002231 0.004253
0 0.084910 0.490583 0.001772 0.003120
0 0.082966 0.489275 0.001265 0.003042
0 0.100342 0.544624 0.001230 0.002461
0 0.099404 0.546353 0.001230 0.002402
0 0.101016 0.548521 0.001406 0.003574
0 0.104092 0.487832 0.003574 0.004219
0 0.100713 0.481953 0.001875 0.006855
0 0.098076 0.475415 0.001875 0.002988
0 0.099893 0.471636 0.002344 0.005859
0 0.105513 0.467412 0.003418 0.002686
0 0.105876 0.460713 0.001899 0.004355
0 0.097512 0.434565 0.003374 0.008437
0 0.097297 0.426016 0.002837 0.007793
0 0.996016 0.439485 0.001758 0.004009
0 0.993604 0.420986 0.001709 0.004248
0 0.993384 0.417202 0.001270 0.003418
0 0.995337 0.412905 0.001465 0.004004
0 0.992188 0.408999 0.002100 0.004980
0 0.990952 0.400867 0.001689 0.002954
0 0.992976 0.392976 0.001685 0.002700
0 0.992722 0.389983 0.002026 0.003120
0 0.989771 0.384412 0.001855 0.002954
0 0.990317 0.381882 0.001436 0.001938
0 0.987954 0.368389 0.001221 0.002637
0 0.987075 0.365483 0.001221 0.002783
0 0.989644 0.332129 0.001611 0.002637
0 0.985615 0.343335 0.002148 0.004150
0 0.981709 0.287129 0.001563 0.003223
0 0.985332 0.257429 0.001270 0.002700
0 0.985291 0.254224 0.001685 0.003711
0 0.981875 0.240596 0.002109 0.002617
0 0.981221 0.224504 0.002188 0.005688
0 0.970242 0.956738 0.001187 0.002178
0 0.963733 0.955928 0.003091 0.001406
0 0.958816 0.957898 0.005757 0.003091
0 0.900242 0.960815 0.005767 0.002744
0 0.895952 0.961555 0.003232 0.003374
0 0.869517 0.965632 0.002256 0.001968
0 0.708989 0.981606 0.003857 0.002734
0 0.575000 0.986226 0.002578 0.002520
0 0.534634 0.988071 0.004375 0.002549
0 0.529954 0.986309 0.004009 0.003643
0 0.496099 0.996331 0.005879 0.003149
0 0.382114 0.895029 0.002051 0.003076
0 0.381553 0.892222 0.001514 0.001953
0 0.382261 0.889292 0.001758 0.003027
0 0.382439 0.736907 0.002866 0.004390
0 0.356958 0.432986 0.002178 0.005347
0 0.354727 0.392930 0.001641 0.002461
0 0.351372 0.362871 0.002295 0.003906
0 0.383298 0.931870 0.001997 0.005078
0 0.341873 0.286567 0.002554 0.004980
0 0.359385 0.515620 0.001416 0.002295
0 0.356284 0.512764 0.001172 0.002539
0 0.356602 0.509834 0.001709 0.003320
0 0.354958 0.574460 0.002700 0.007085
0 0.345356 0.854438 0.002695 0.005215
0 0.373967 0.824690 0.002319 0.005903
0 0.373228 0.811438 0.003232 0.004009
0 0.336611 0.788818 0.002344 0.002578
0 0.336289 0.785740 0.002051 0.003335
0 0.336025 0.782695 0.001875 0.002988
0 0.334736 0.765850 0.002344 0.003984
0 0.359116 0.631196 0.002100 0.004053
0 0.359092 0.627485 0.001660 0.002881
0 0.358435 0.624214 0.001333 0.003516
0 0.324033 0.613677 0.003691 0.008203
0 0.323564 0.606030 0.003574 0.006973
0 0.318032 0.520029 0.001953 0.003125
0 0.311667 0.486396 0.002056 0.004102
0 0.313835 0.479072 0.002163 0.004336
0 0.308608 0.446943 0.001934 0.005801
0 0.308257 0.439824 0.002402 0.003281
0 0.307026 0.424209 0.001934 0.004863
0 0.308726 0.420400 0.002402 0.004043
0 0.306147 0.405371 0.002168 0.003984
0 0.305093 0.397930 0.001934 0.004805
0 0.305063 0.393652 0.002344 0.003516
0 0.307319 0.391660 0.002168 0.002930
0 0.305444 0.381523 0.002168 0.004570
0 0.303862 0.372969 0.001582 0.002930
0 0.304097 0.369922 0.001465 0.002930
0 0.303218 0.357090 0.002168 0.003750
0 0.298267 0.326675 0.002188 0.003887
0 0.343540 0.276260 0.001074 0.002344
0 0.343735 0.273853 0.001123 0.002051
0 0.344297 0.271167 0.001367 0.003125
0 0.340244 0.271997 0.001270 0.003223
0 0.297402 0.313101 0.001465 0.003516
0 0.300098 0.313921 0.001934 0.002812
0 0.299482 0.310083 0.002578 0.003926
0 0.297573 0.287241 0.001123 0.002002
0 0.294302 0.284702 0.001416 0.003174
0 0.295132 0.281382 0.001318 0.003076
0 0.293486 0.258203 0.001934 0.003984
0 0.296328 0.257148 0.001992 0.001875
0 0.296270 0.255186 0.002227 0.001582
0 0.296035 0.253105 0.001406 0.003164
0 0.291289 0.240889 0.001641 0.002402
0 0.291406 0.237754 0.001406 0.003281
0 0.290820 0.225039 0.002109 0.002461
0 0.290820 0.221699 0.001406 0.003633
0 0.333521 0.163511 0.002051 0.003867
0 0.333403 0.167114 0.001934 0.003457
0 0.327065 0.112598 0.001758 0.002754
0 0.310093 0.103276 0.001318 0.002539
0 0.312729 0.074919 0.001855 0.003628
0 0.146958 0.939028 0.002051 0.004688
0 0.150000 0.793943 0.001689 0.003091
0 0.149204 0.777417 0.002002 0.004834
0 0.147031 0.777051 0.001953 0.003320
0 0.128188 0.790503 0.002539 0.005811
0 0.125112 0.793655 0.002344 0.004585
0 0.125967 0.779617 0.001807 0.002876
0 0.125942 0.776465 0.001953 0.002832
0 0.137134 0.685925 0.001221 0.002144
0 0.110249 0.674878 0.001709 0.002490
0 0.109028 0.673584 0.001416 0.001660
0 0.109053 0.671729 0.001367 0.002051
0 0.105146 0.679102 0.001367 0.001953
0 0.108464 0.693938 0.001548 0.003442
0 0.145732 0.700056 0.001826 0.002603
0 0.127480 0.645654 0.001904 0.002930
0 0.127310 0.643042 0.001465 0.001807
0 0.126992 0.640918 0.001123 0.002246
0 0.149336 0.638401 0.002109 0.002700
0 0.149126 0.635488 0.001689 0.002783
0 0.102144 0.640947 0.001562 0.002246
0 0.102339 0.638188 0.001562 0.002881
0 0.105928 0.638237 0.002002 0.004541
0 0.104976 0.633623 0.001270 0.003027
0 0.103511 0.632085 0.001367 0.002881
0 0.137563 0.541411 0.001748 0.002871
0 0.138389 0.544607 0.001406 0.003052
0 0.091577 0.592375 0.001514 0.002144
0 0.094580 0.591055 0.001270 0.001855
0 0.092944 0.590642 0.001611 0.001899
0 0.092944 0.588179 0.001611 0.002539
0 0.091016 0.589690 0.001465 0.001655
0 0.090918 0.587542 0.001270 0.002349
0 0.091978 0.581460 0.001543 0.002812
0 0.092241 0.567485 0.001465 0.002393
0 0.092266 0.565190 0.001318 0.001904
0 0.091362 0.563164 0.001270 0.002148
0 0.120459 0.475273 0.002227 0.003867
0 0.087988 0.542424 0.002402 0.003804
0 0.088135 0.537649 0.002695 0.004341
0 0.088447 0.518687 0.002051 0.002588
0 0.096152 0.488652 0.001807 0.002637
0 0.095083 0.416338 0.001172 0.002148
0 0.095107 0.413945 0.001221 0.002051
0 0.094985 0.411357 0.001465 0.002344
0 0.095962 0.409087 0.001270 0.002393
0 0.125171 0.403174 0.002461 0.003936
0 0.099890 0.394375 0.001323 0.001758
0 0.072976 0.368872 0.001685 0.003037
0 0.072302 0.365454 0.002358 0.003965
0 0.072217 0.361445 0.001855 0.003711
0 0.083313 0.376506 0.001772 0.004302
0 0.078052 0.333662 0.001660 0.003955
0 0.093779 0.309224 0.001289 0.002051
0 0.093984 0.307026 0.001230 0.001992
0 0.094658 0.304653 0.001406 0.002637
0 0.078677 0.299175 0.001318 0.003320
0 0.079995 0.300444 0.001123 0.002344
0 0.081555 0.302813 0.001323 0.002734
0 0.080544 0.233855 0.001821 0.003442
0 0.081802 0.336868 0.001562 0.003462
0 0.083779 0.337822 0.001611 0.003027
0 0.094780 0.351606 0.002344 0.004688
0 0.094075 0.347725 0.001909 0.003076
0 0.091829 0.347749 0.001519 0.002832
0 0.092090 0.342075 0.001904 0.003711
0 0.089004 0.286021 0.001855 0.002686
0 0.086611 0.284653 0.001758 0.002979
0 0.089224 0.282749 0.002100 0.003271
0 0.097153 0.272051 0.001562 0.002344
0 0.097666 0.269658 0.001221 0.002246
0 0.079478 0.264360 0.001465 0.002100
0 0.075308 0.264121 0.001367 0.003027
0 0.074336 0.261558 0.001465 0.002783
0 0.069687 0.112263 0.001689 0.003374
0 0.069866 0.092542 0.001899 0.003306
0 0.058882 0.120693 0.001641 0.002109
0 0.058999 0.114365 0.001523 0.003047
0 0.053521 0.115537 0.001816 0.001875
0 0.052964 0.111055 0.002109 0.002520
0 0.077310 0.216582 0.001367 0.002686
0 0.077456 0.214043 0.001270 0.002197
0 0.066924 0.183560 0.001807 0.002100
0 0.053643 0.151089 0.001338 0.001758
0 0.053889 0.149226 0.001548 0.001831
0 0.053223 0.146907 0.001475 0.002534
0 0.065122 0.110854 0.002051 0.002812
0 0.064153 0.108042 0.001646 0.002344
0 0.063303 0.104819 0.002163 0.003398
0 0.084858 0.089641 0.001602 0.002612
0 0.052878 0.079082 0.003374 0.005557
0 0.053176 0.023191 0.002554 0.003042
0 0.058999 0.117617 0.001641 0.002871
0 0.077463 0.416021 0.001899 0.004072
0 0.076511 0.411489 0.001548 0.004150
0 0.100010 0.416641 0.001406 0.001641
0 0.101592 0.413125 0.001875 0.002578
0 0.087817 0.266733 0.001523 0.003926
0 0.098979 0.267825 0.001611 0.003071
0 0.096431 0.382900 0.001465 0.002344
0 0.096211 0.380508 0.001318 0.002539
0 0.099316 0.361880 0.002051 0.001611
0 0.097759 0.342358 0.001367 0.002979
0 0.084485 0.286431 0.001167 0.002979
0 0.108335 0.384209 0.001465 0.002783
0 0.097500 0.406094 0.001367 0.003828
0 0.100586 0.265303 0.001416 0.003076
