0 0.849209 0.717661 0.002617 0.004307
0 0.855078 0.766035 0.001416 0.003955
0 0.856714 0.770112 0.001660 0.006250
0 0.809470 0.646145 0.003501 0.006704
0 0.806846 0.663784 0.003496 0.004375
0 0.812688 0.675093 0.002524 0.007510
0 0.809946 0.681338 0.001611 0.004980
0 0.813069 0.688972 0.001440 0.003882
0 0.806873 0.653157 0.003237 0.011323
0 0.812075 0.657341 0.001826 0.006187
0 0.810107 0.660364 0.002393 0.003237
0 0.805947 0.611372 0.001758 0.007090
0 0.807939 0.610522 0.001758 0.007148
0 0.809902 0.618989 0.001816 0.003574
0 0.819302 0.607124 0.002051 0.008105
0 0.845181 0.617627 0.002393 0.004785
0 0.832375 0.639788 0.002026 0.011440
0 0.836807 0.653516 0.002988 0.003398
0 0.841956 0.670112 0.003140 0.005166
0 0.846553 0.706650 0.002529 0.006416
0 0.857251 0.819238 0.002051 0.003691
0 0.815789 0.841482 0.002192 0.004722
0 0.817520 0.844097 0.002109 0.006416
0 0.821519 0.869746 0.002051 0.002979
0 0.824688 0.888677 0.002734 0.005273
0 0.828252 0.891729 0.003027 0.002783
0 0.817002 0.903091 0.002686 0.008984
0 0.820691 0.916565 0.002534 0.004351
0 0.817739 0.911846 0.002490 0.004492
0 0.819014 0.924204 0.002051 0.004443
0 0.816523 0.926816 0.002051 0.004199
0 0.821797 0.923496 0.002246 0.004102
0 0.819272 0.936162 0.001953 0.005762
0 0.822056 0.938066 0.002051 0.006055
0 0.823765 0.935356 0.001465 0.004639
0 0.825225 0.945264 0.002441 0.005615
0 0.856492 0.880806 0.001548 0.005342
0 0.856353 0.886326 0.001406 0.005132
0 0.818911 0.821074 0.002695 0.007148
0 0.811851 0.817588 0.001934 0.007676
0 0.817644 0.804053 0.002700 0.007168
0 0.815735 0.774534 0.002671 0.006196
0 0.811875 0.765942 0.001348 0.003047
0 0.812253 0.755337 0.001880 0.003516
0 0.809851 0.756128 0.002222 0.007441
0 0.817749 0.813975 0.002734 0.004541
0 0.813816 0.725425 0.002954 0.007002
0 0.811597 0.712700 0.002002 0.004688
0 0.809473 0.707817 0.001953 0.003809
0 0.812983 0.572925 0.001221 0.004980
0 0.814131 0.576440 0.001270 0.003027
0 0.808264 0.551926 0.003022 0.006890
0 0.808008 0.556963 0.002441 0.003125
0 0.808813 0.561064 0.002783 0.004590
0 0.800718 0.517261 0.002344 0.003633
0 0.803384 0.516147 0.002285 0.004570
0 0.805757 0.513745 0.002109 0.006445
0 0.808071 0.526104 0.003320 0.007227
0 0.803896 0.479541 0.001641 0.002695
0 0.801436 0.481973 0.001992 0.005566
0 0.799473 0.482090 0.002168 0.006973
0 0.797158 0.478516 0.001523 0.003457
0 0.806282 0.493667 0.003374 0.007100
0 0.801262 0.448850 0.003306 0.007241
0 0.800525 0.434788 0.002671 0.008931
0 0.799805 0.413237 0.002295 0.006250
0 0.799453 0.402397 0.002344 0.004443
0 0.804189 0.405913 0.002148 0.006494
0 0.802236 0.405352 0.001660 0.004590
0 0.804629 0.389263 0.001758 0.004834
0 0.807114 0.344409 0.001514 0.005273
0 0.805381 0.341626 0.002246 0.006836
0 0.810156 0.305439 0.002402 0.006855
0 0.805674 0.303301 0.001992 0.003867
0 0.805820 0.307402 0.002051 0.004102
0 0.818765 0.297236 0.002490 0.004883
0 0.822336 0.201057 0.002192 0.004810
0 0.373013 0.504973 0.003525 0.006440
0 0.372527 0.510078 0.005708 0.005957
0 0.384800 0.589729 0.003643 0.013872
0 0.381663 0.591350 0.003442 0.004155
0 0.378972 0.765796 0.003237 0.006748
0 0.383555 0.802651 0.002246 0.005078
0 0.382974 0.948315 0.002812 0.006914
0 0.384495 0.850874 0.001821 0.004053
0 0.373132 0.543005 0.002192 0.003374
0 0.342148 0.333140 0.002783 0.007344
0 0.344639 0.320229 0.001855 0.004131
0 0.590774 0.142581 0.004048 0.011743
0 0.597253 0.174070 0.002427 0.005063
0 0.621506 0.724487 0.003120 0.006328
0 0.619146 0.692969 0.002100 0.002100
0 0.611313 0.812466 0.002871 0.007090
0 0.607671 0.868594 0.001562 0.005273
0 0.607412 0.924507 0.002812 0.007451
0 0.611628 0.948799 0.001685 0.005693
0 0.608887 0.944722 0.002529 0.008789
0 0.605078 0.890349 0.003643 0.005347
0 0.610322 0.828262 0.001992 0.004277
