0 0.077246 0.572397 0.002100 0.003359
0 0.090747 0.477876 0.002041 0.004229
0 0.087498 0.536218 0.001196 0.003022
0 0.131794 0.892385 0.001860 0.003120
0 0.131902 0.903484 0.000981 0.002251
0 0.116973 0.729727 0.001621 0.003037
0 0.126389 0.749424 0.001421 0.001924
0 0.079390 0.745654 0.002021 0.004053
0 0.112666 0.859656 0.001924 0.004194
0 0.130422 0.871028 0.001753 0.003853
0 0.100977 0.829878 0.001572 0.003496
0 0.087185 0.548508 0.002310 0.007046
0 0.100298 0.460212 0.001211 0.002837
0 0.337107 0.755974 0.002769 0.004663
0 0.307852 0.852441 0.001689 0.003799
0 0.302114 0.638706 0.000938 0.002637
0 0.300125 0.564055 0.001265 0.002183
0 0.315020 0.501621 0.001816 0.003516
