0 0.308193 0.515264 0.002002 0.004541
0 0.310269 0.519219 0.001660 0.005420
0 0.315381 0.501338 0.002295 0.004834
0 0.299771 0.563760 0.001641 0.002637
0 0.300005 0.566748 0.001641 0.002754
0 0.088721 0.738311 0.001816 0.002637
0 0.105295 0.803821 0.001265 0.001968
0 0.072666 0.671206 0.001465 0.002441
0 0.121104 0.651660 0.001758 0.003164
0 0.104053 0.666895 0.002109 0.002344
0 0.119570 0.668513 0.001855 0.002534
0 0.304712 0.642100 0.001904 0.003369
0 0.300830 0.644712 0.001563 0.003516
0 0.300264 0.638794 0.001387 0.002480
0 0.349985 0.985229 0.002178 0.002178
0 0.358547 0.941755 0.001460 0.002261
0 0.359458 0.867590 0.001787 0.001890
0 0.310276 0.920779 0.001890 0.003149
0 0.310464 0.891035 0.001514 0.002646
0 0.308140 0.798694 0.001826 0.003950
0 0.307854 0.764214 0.001948 0.003281
0 0.301401 0.678687 0.002100 0.004375
0 0.323564 0.629805 0.002725 0.005596
0 0.321372 0.652336 0.002266 0.003179
0 0.081470 0.595708 0.002627 0.004727
0 0.071084 0.539966 0.002178 0.003750
0 0.087517 0.536047 0.002114 0.004009
0 0.090664 0.477839 0.003086 0.004175
0 0.107834 0.415774 0.004517 0.005415
0 0.086641 0.738867 0.001758 0.001875
0 0.103599 0.835698 0.001816 0.001875
0 0.087090 0.830293 0.001465 0.002109
0 0.119739 0.517922 0.002329 0.004253
0 0.131677 0.910579 0.001821 0.002554
0 0.327324 0.701606 0.001748 0.004082
0 0.298855 0.583115 0.001519 0.003291
0 0.301646 0.557197 0.002109 0.003105
0 0.115312 0.924851 0.002100 0.005688
0 0.118767 0.920083 0.001665 0.004375
0 0.131819 0.891807 0.001313 0.002100
0 0.129067 0.793081 0.001816 0.004687
0 0.126191 0.749932 0.001748 0.003574
0 0.117751 0.695696 0.001138 0.003149
0 0.110972 0.376201 0.001230 0.003105
0 0.117874 0.579583 0.001431 0.003120
0 0.307991 0.852146 0.002329 0.004458
0 0.351877 0.802786 0.002319 0.004360
0 0.302070 0.638301 0.001318 0.004053
0 0.304585 0.638105 0.001074 0.002588
0 0.300469 0.573682 0.001465 0.003867
