0 0.346196 0.099048 0.001660 0.006885
0 0.345549 0.166379 0.002026 0.010210
0 0.345190 0.190469 0.001992 0.009902
0 0.346743 0.190557 0.001816 0.005859
0 0.345571 0.199580 0.002285 0.006914
0 0.343474 0.337920 0.002329 0.004521
0 0.346318 0.337336 0.001602 0.003062
0 0.341721 0.401045 0.002446 0.009365
0 0.350483 0.040496 0.001924 0.004858
0 0.352153 0.041458 0.002021 0.002329
0 0.345674 0.015691 0.001826 0.007290
0 0.346128 0.022070 0.002734 0.004453
0 0.345066 0.025107 0.001821 0.002432
0 0.349167 0.013918 0.001313 0.004155
0 0.350889 0.015286 0.001719 0.007085
0 0.345217 0.055715 0.002837 0.010024
0 0.344812 0.066091 0.002026 0.004858
0 0.346938 0.065483 0.002432 0.005469
0 0.350029 0.052273 0.001924 0.003950
0 0.342607 0.428677 0.002529 0.004893
0 0.341172 0.433613 0.002363 0.007344
0 0.344631 0.429858 0.002700 0.006074
0 0.342107 0.450039 0.001626 0.002812
0 0.356560 0.562856 0.002251 0.007031
0 0.356489 0.579556 0.002393 0.006816
0 0.355674 0.607791 0.002324 0.008433
0 0.352192 0.603154 0.001689 0.004922
0 0.360068 0.604380 0.001543 0.001611
0 0.603281 0.020244 0.002451 0.009795
0 0.603103 0.039138 0.003149 0.011899
0 0.604067 0.001172 0.001221 0.002100
0 0.599780 0.042639 0.002451 0.004897
0 0.600481 0.048848 0.003149 0.006475
0 0.605029 0.054185 0.001748 0.002451
0 0.605149 0.056472 0.001772 0.001772
0 0.598904 0.062593 0.002280 0.012656
0 0.603926 0.067061 0.001855 0.006582
0 0.597051 0.084067 0.001992 0.003926
0 0.604902 0.086763 0.001758 0.002988
0 0.605049 0.093735 0.001816 0.005918
0 0.597959 0.093003 0.001699 0.008203
0 0.597783 0.101353 0.001934 0.008145
0 0.601221 0.120654 0.001270 0.003223
0 0.601836 0.124536 0.001416 0.003906
0 0.600664 0.129614 0.002100 0.006152
0 0.596880 0.128198 0.001855 0.004395
0 0.598589 0.128467 0.001855 0.006689
0 0.600200 0.136230 0.001563 0.005127
0 0.605010 0.140747 0.002295 0.003125
0 0.603091 0.148828 0.002812 0.003633
0 0.599839 0.150293 0.002051 0.005273
0 0.602446 0.154834 0.003281 0.005332
0 0.602859 0.226128 0.003237 0.009414
0 0.581504 0.593726 0.003037 0.005566
0 0.575886 0.592358 0.001724 0.006279
0 0.580847 0.599194 0.002329 0.004355
0 0.580442 0.604509 0.002534 0.005464
0 0.579182 0.622383 0.001616 0.005273
0 0.578972 0.627515 0.002603 0.004570
0 0.575527 0.627375 0.002461 0.003726
0 0.578799 0.634160 0.002109 0.007031
0 0.835044 0.115979 0.001924 0.003140
0 0.835552 0.102664 0.001719 0.001821
0 0.832971 0.118560 0.002026 0.004053
0 0.830996 0.126560 0.002529 0.002632
0 0.833931 0.132432 0.001924 0.001826
0 0.829229 0.243267 0.001582 0.001758
0 0.826206 0.315232 0.003232 0.003022
