0 0.383040 0.051345 0.002026 0.007290
0 0.380396 0.059119 0.001826 0.005269
0 0.385483 0.039165 0.001699 0.001934
0 0.384702 0.147244 0.002178 0.006538
0 0.381750 0.154414 0.001616 0.006680
0 0.381543 0.182185 0.003965 0.004136
0 0.381499 0.192012 0.001416 0.007275
0 0.383647 0.197358 0.001709 0.004590
0 0.382646 0.202412 0.001465 0.005127
0 0.378086 0.234270 0.001514 0.006743
0 0.379673 0.234221 0.001465 0.006157
0 0.376672 0.258999 0.002183 0.007031
0 0.382854 0.318069 0.002251 0.002603
0 0.383201 0.395828 0.002329 0.008403
0 0.372903 0.456880 0.002632 0.003242
0 0.384526 0.409346 0.002578 0.004160
0 0.341721 0.637942 0.001831 0.004429
0 0.369624 0.466626 0.001416 0.001953
0 0.372183 0.467786 0.002227 0.007593
0 0.379373 0.438838 0.001899 0.003584
0 0.383589 0.405420 0.001758 0.003926
0 0.384937 0.414238 0.002578 0.005742
0 0.380366 0.416553 0.001406 0.002168
0 0.346162 0.632339 0.001758 0.004736
0 0.342192 0.667500 0.002441 0.007080
0 0.344976 0.679880 0.002148 0.004780
0 0.337109 0.717778 0.001348 0.003164
0 0.339541 0.733687 0.001406 0.002754
0 0.336387 0.758374 0.001318 0.003418
0 0.338218 0.758594 0.001758 0.005908
0 0.364561 0.755103 0.001416 0.004199
0 0.382429 0.901763 0.002915 0.004873
0 0.349949 0.506067 0.001724 0.003950
0 0.380923 0.344775 0.001367 0.002783
0 0.378726 0.345239 0.001465 0.003125
0 0.386545 0.323320 0.001968 0.005557
0 0.353047 0.357949 0.001904 0.004443
0 0.380132 0.292517 0.002041 0.003940
0 0.379587 0.269858 0.002026 0.003711
0 0.381038 0.210146 0.002534 0.005908
0 0.380273 0.105144 0.001543 0.002261
0 0.383860 0.105176 0.001685 0.007100
0 0.383542 0.116741 0.001616 0.008296
0 0.380593 0.088562 0.002446 0.006665
0 0.383506 0.001355 0.001338 0.002397
0 0.386990 0.003398 0.002251 0.003652
0 0.611707 0.051387 0.002534 0.007031
0 0.608928 0.055676 0.002603 0.009282
0 0.611079 0.025984 0.002773 0.003354
0 0.608008 0.073042 0.002529 0.005908
0 0.607129 0.076558 0.002461 0.005625
0 0.604614 0.109883 0.001758 0.002539
0 0.608066 0.130488 0.001807 0.004346
0 0.609263 0.134150 0.001953 0.002881
0 0.610547 0.172700 0.001436 0.005234
0 0.606704 0.150049 0.001953 0.004590
0 0.608755 0.150415 0.002539 0.007666
0 0.611309 0.187295 0.002988 0.007207
0 0.614336 0.203765 0.001855 0.004590
0 0.619148 0.226838 0.002065 0.004253
0 0.622578 0.246265 0.002109 0.007383
0 0.621880 0.275459 0.001475 0.004570
0 0.620791 0.276899 0.001689 0.004355
0 0.620400 0.290278 0.002051 0.003691
0 0.619082 0.306890 0.001953 0.003320
0 0.620181 0.311113 0.001514 0.003760
0 0.618472 0.312212 0.001709 0.004395
0 0.599917 0.357444 0.002344 0.006499
0 0.618799 0.427520 0.002695 0.003105
0 0.591321 0.853621 0.003677 0.005776
0 0.591057 0.860706 0.003149 0.008052
0 0.597004 0.825715 0.002798 0.005249
0 0.609517 0.776462 0.002275 0.008921
0 0.608379 0.760891 0.002451 0.005073
0 0.602166 0.741296 0.001226 0.003677
0 0.607732 0.633906 0.002427 0.007490
0 0.603479 0.638918 0.002427 0.008608
0 0.614932 0.367146 0.005459 0.011968
0 0.772773 0.866890 0.008467 0.005742
0 0.827534 0.835056 0.003848 0.006997
0 0.828582 0.828669 0.003149 0.005425
0 0.822458 0.799539 0.002446 0.006997
0 0.825696 0.813274 0.002271 0.005073
0 0.832666 0.840293 0.004082 0.004521
0 0.850745 0.879075 0.004956 0.005981
0 0.871960 0.869524 0.007437 0.002915
0 0.972817 0.865088 0.005039 0.003359
0 0.966309 0.861836 0.005459 0.002305
0 0.811460 0.722449 0.001943 0.001577
0 0.815527 0.725181 0.003037 0.002432
0 0.816682 0.730225 0.002671 0.003525
0 0.819114 0.703555 0.003403 0.006562
0 0.810242 0.694441 0.003159 0.008989
0 0.805625 0.692256 0.002188 0.004619
0 0.806357 0.697178 0.002188 0.005225
0 0.811094 0.707866 0.002432 0.005469
0 0.790317 0.695779 0.002432 0.003892
0 0.793110 0.716006 0.001943 0.005225
0 0.791775 0.700579 0.001704 0.004253
0 0.794326 0.700820 0.001455 0.003281
0 0.804399 0.672056 0.001182 0.003291
0 0.805959 0.674839 0.002280 0.002783
0 0.803047 0.666614 0.002363 0.003540
0 0.805706 0.666868 0.002612 0.002700
0 0.795369 0.651428 0.002026 0.002192
0 0.791487 0.651257 0.001519 0.003882
0 0.792290 0.655098 0.002109 0.003457
0 0.791404 0.660203 0.001685 0.006245
0 0.804934 0.611118 0.003403 0.006807
0 0.801733 0.603052 0.001816 0.003691
0 0.799038 0.597544 0.003223 0.005801
0 0.793125 0.596777 0.003936 0.012393
0 0.799419 0.586858 0.002881 0.006401
0 0.800337 0.565056 0.002109 0.009487
0 0.801919 0.574197 0.001992 0.004565
0 0.797930 0.581436 0.002002 0.004346
0 0.797822 0.621309 0.001611 0.002393
0 0.794731 0.768188 0.002148 0.007910
0 0.801396 0.774390 0.002002 0.008008
0 0.795239 0.753838 0.001816 0.005742
0 0.797583 0.750264 0.002051 0.007852
0 0.665076 0.962288 0.003647 0.007046
0 0.806606 0.505591 0.003447 0.007871
0 0.802209 0.509458 0.002671 0.006328
0 0.804072 0.520393 0.001758 0.003726
0 0.802490 0.526121 0.001406 0.005063
0 0.808611 0.525383 0.001548 0.004712
0 0.801648 0.518389 0.001685 0.006045
0 0.796833 0.521797 0.001196 0.003867
0 0.799397 0.518389 0.002251 0.007451
0 0.799575 0.512061 0.001758 0.004219
0 0.798660 0.493501 0.001519 0.004639
0 0.802922 0.494937 0.001606 0.002275
0 0.805452 0.486326 0.002280 0.006323
0 0.800432 0.482571 0.002866 0.004058
0 0.803430 0.483921 0.002446 0.005225
0 0.807139 0.473994 0.001465 0.004541
0 0.808823 0.474360 0.001514 0.008496
0 0.805479 0.461372 0.001367 0.003125
0 0.807114 0.460127 0.001807 0.004932
0 0.803442 0.470737 0.001807 0.004980
0 0.810112 0.447866 0.002109 0.005625
0 0.808677 0.438696 0.002871 0.006504
0 0.807505 0.446841 0.002520 0.009668
0 0.803716 0.443018 0.001875 0.006611
0 0.807283 0.431875 0.002026 0.006074
0 0.803362 0.432124 0.002280 0.002705
0 0.813020 0.426812 0.001519 0.006416
0 0.814414 0.423774 0.002109 0.003711
0 0.820469 0.387749 0.001758 0.006289
0 0.819014 0.394395 0.001699 0.006855
0 0.806118 0.388311 0.001709 0.008008
0 0.803457 0.386895 0.002246 0.002441
0 0.808315 0.389873 0.002100 0.007910
0 0.808315 0.395562 0.002100 0.002979
0 0.805483 0.401152 0.001807 0.003027
0 0.845386 0.382136 0.003037 0.005161
0 0.832607 0.360176 0.002227 0.008809
0 0.834233 0.353374 0.001816 0.004219
0 0.836548 0.346519 0.003047 0.003164
0 0.834204 0.339253 0.001641 0.003750
0 0.838369 0.341953 0.001699 0.004053
0 0.812419 0.324150 0.001548 0.007734
0 0.814319 0.325627 0.001685 0.005063
0 0.809573 0.318840 0.001899 0.004429
0 0.808096 0.321230 0.002041 0.004570
0 0.813264 0.311001 0.001831 0.003799
0 0.814424 0.305234 0.002461 0.003799
0 0.807922 0.298486 0.001548 0.004922
0 0.812114 0.331992 0.001523 0.006738
0 0.806724 0.336709 0.002227 0.003398
0 0.812029 0.343914 0.001616 0.007593
0 0.809463 0.354565 0.002109 0.007383
0 0.806438 0.350981 0.002251 0.007666
0 0.807314 0.344373 0.003164 0.005132
0 0.809629 0.380850 0.002246 0.006045
0 0.841843 0.330034 0.003140 0.005869
0 0.816489 0.233467 0.001611 0.007764
0 0.818149 0.234028 0.001514 0.007324
0 0.816743 0.225171 0.001514 0.004785
0 0.854937 0.234473 0.001699 0.003994
0 0.856724 0.228965 0.001758 0.006328
0 0.851335 0.253826 0.001812 0.004536
0 0.849133 0.282256 0.002866 0.005645
0 0.846267 0.293647 0.002192 0.006484
0 0.844155 0.303601 0.001689 0.003628
0 0.841750 0.309380 0.001938 0.006582
0 0.813462 0.274871 0.003711 0.008608
0 0.808735 0.276348 0.001689 0.006328
0 0.811687 0.284531 0.002192 0.008857
0 0.809038 0.291963 0.001465 0.004248
0 0.810967 0.291914 0.002100 0.005029
0 0.812302 0.244170 0.001899 0.004502
0 0.809841 0.243396 0.002319 0.008159
0 0.811873 0.233713 0.001616 0.003374
0 0.816611 0.239668 0.001563 0.004346
0 0.814658 0.235615 0.001660 0.004541
0 0.821123 0.102832 0.001289 0.003926
0 0.828335 0.108569 0.003223 0.002148
0 0.817393 0.096011 0.001406 0.007656
0 0.816899 0.087571 0.001543 0.004429
0 0.811992 0.182251 0.002109 0.008604
0 0.812583 0.190984 0.001602 0.007173
0 0.821147 0.188579 0.001348 0.002529
0 0.820388 0.193726 0.001519 0.003203
0 0.817275 0.198535 0.001855 0.002832
0 0.817959 0.194775 0.001855 0.004687
0 0.817813 0.186230 0.001855 0.003223
0 0.815835 0.185254 0.001221 0.004004
0 0.818716 0.181421 0.001709 0.004053
0 0.819106 0.177197 0.002197 0.003320
0 0.824478 0.171997 0.001807 0.004248
0 0.817129 0.154297 0.001465 0.003906
0 0.817861 0.157983 0.001562 0.002881
0 0.815762 0.158716 0.002246 0.004541
0 0.813657 0.151841 0.001348 0.004102
0 0.821597 0.130337 0.001992 0.003984
0 0.814653 0.128755 0.001348 0.006562
0 0.856406 0.114023 0.001406 0.004687
0 0.856633 0.119185 0.001343 0.004746
0 0.856870 0.181101 0.002334 0.005103
0 0.857451 0.174978 0.002627 0.003062
0 0.821118 0.083777 0.001973 0.005142
0 0.816338 0.074077 0.002109 0.004150
0 0.818904 0.076250 0.001616 0.004150
0 0.819575 0.063552 0.002549 0.005708
0 0.822126 0.060273 0.001577 0.003770
0 0.822793 0.064890 0.002432 0.004741
0 0.825225 0.054502 0.002432 0.006807
0 0.801396 0.551470 0.001826 0.007246
0 0.803752 0.549641 0.001616 0.003022
0 0.807253 0.655781 0.002329 0.003789
