0 0.372344 0.507883 0.005439 0.010161
0 0.383381 0.602151 0.002798 0.005425
0 0.378931 0.765725 0.003076 0.005962
0 0.381707 0.808359 0.002476 0.006123
0 0.383748 0.803550 0.002476 0.006709
0 0.382964 0.948535 0.002617 0.006074
0 0.611482 0.948748 0.001704 0.004966
0 0.608894 0.944834 0.001616 0.004639
0 0.607595 0.924336 0.001968 0.006963
0 0.607959 0.868228 0.003643 0.006270
0 0.611375 0.812734 0.002446 0.007002
0 0.621475 0.723718 0.002783 0.004136
0 0.619087 0.693306 0.002539 0.003076
0 0.805913 0.342048 0.004521 0.007583
0 0.805676 0.305803 0.002729 0.005874
0 0.819575 0.297622 0.002793 0.004736
0 0.804258 0.388777 0.002119 0.005229
0 0.793809 0.406025 0.001953 0.003027
0 0.800205 0.404146 0.001855 0.002100
0 0.799573 0.412593 0.001655 0.003271
0 0.803848 0.407588 0.001709 0.003418
0 0.799800 0.433438 0.002002 0.003857
0 0.800410 0.437251 0.001992 0.003281
0 0.802715 0.450996 0.001709 0.003857
0 0.802402 0.480825 0.001367 0.003613
0 0.799131 0.482754 0.002246 0.001709
0 0.806606 0.493403 0.001758 0.005078
0 0.808057 0.524551 0.002344 0.006543
0 0.810627 0.552637 0.002739 0.003730
0 0.808940 0.560547 0.002598 0.005205
0 0.809431 0.602649 0.002935 0.006274
0 0.808066 0.610698 0.002432 0.004961
0 0.844941 0.617529 0.003496 0.004902
0 0.832014 0.640002 0.002798 0.009478
0 0.810317 0.622744 0.002432 0.007656
0 0.807461 0.627180 0.001826 0.007778
0 0.809326 0.643936 0.001758 0.003281
0 0.812329 0.658242 0.002637 0.005664
0 0.806274 0.663345 0.002832 0.003955
0 0.812710 0.672622 0.002002 0.004248
0 0.809951 0.680605 0.002344 0.005176
0 0.846594 0.706033 0.001519 0.003208
0 0.814070 0.725920 0.002700 0.005229
0 0.807068 0.651282 0.002964 0.008101
0 0.809961 0.755913 0.002539 0.006006
0 0.812500 0.755549 0.002148 0.004097
0 0.817139 0.760554 0.002539 0.005229
0 0.812158 0.766462 0.002148 0.003462
0 0.815430 0.766267 0.002051 0.004829
0 0.817612 0.803599 0.003965 0.005654
0 0.812043 0.814946 0.002612 0.011475
0 0.817698 0.813594 0.002954 0.004727
0 0.818667 0.820767 0.002871 0.005908
0 0.817065 0.844082 0.003242 0.007695
0 0.824192 0.889160 0.002700 0.006328
0 0.816675 0.905044 0.002109 0.004570
0 0.816909 0.926904 0.002227 0.002930
0 0.819487 0.923828 0.003633 0.002871
0 0.822710 0.919990 0.001758 0.004336
0 0.823359 0.933652 0.003281 0.003691
0 0.820049 0.937021 0.002402 0.004453
0 0.822568 0.939688 0.002988 0.003105
0 0.825146 0.945518 0.001934 0.004922
0 0.824971 0.957969 0.002520 0.003926
0 0.822275 0.959375 0.002285 0.004746
