0 0.608008 0.849988 0.003096 0.007661
0 0.608188 0.868118 0.004053 0.006479
0 0.607368 0.925393 0.003037 0.008774
0 0.611543 0.949199 0.002812 0.006045
0 0.608416 0.944490 0.003022 0.009282
0 0.337024 0.241306 0.005142 0.008765
0 0.364084 0.244934 0.003022 0.006353
0 0.339614 0.310664 0.004961 0.006279
0 0.344321 0.320637 0.003848 0.006782
0 0.342244 0.333245 0.003140 0.008706
0 0.346719 0.365876 0.003037 0.008403
0 0.342112 0.362283 0.002935 0.004858
0 0.352737 0.430344 0.003062 0.006851
0 0.343188 0.406289 0.004082 0.006270
0 0.372405 0.508159 0.005396 0.009189
0 0.380234 0.582737 0.004082 0.009624
0 0.384683 0.588860 0.003936 0.013120
0 0.381326 0.591848 0.003062 0.005396
0 0.382275 0.602930 0.003203 0.005684
0 0.378987 0.766018 0.003501 0.008921
0 0.383975 0.801885 0.002627 0.008574
0 0.381611 0.808357 0.002451 0.007524
0 0.381174 0.817717 0.002974 0.005249
0 0.385103 0.851143 0.003770 0.012637
0 0.382371 0.845857 0.003403 0.008384
0 0.381362 0.940923 0.003359 0.006719
0 0.382622 0.949006 0.003359 0.006509
0 0.591182 0.143457 0.004023 0.011895
0 0.597214 0.174773 0.003501 0.005249
0 0.609502 0.223062 0.002812 0.006738
0 0.618120 0.573318 0.003848 0.003647
0 0.615337 0.634495 0.003496 0.005688
0 0.619258 0.688391 0.003643 0.005708
0 0.618711 0.693252 0.002793 0.003770
0 0.621528 0.724023 0.002812 0.004805
0 0.611362 0.812319 0.003105 0.007031
0 0.605774 0.889717 0.003062 0.004521
0 0.610825 0.827837 0.003281 0.005107
0 0.772737 0.133196 0.005347 0.005103
0 0.827727 0.165222 0.003501 0.005249
0 0.825276 0.186917 0.003501 0.004897
0 0.822390 0.200825 0.003677 0.006123
0 0.809966 0.306450 0.003848 0.009102
0 0.819414 0.296738 0.003848 0.006475
0 0.805154 0.305139 0.002974 0.009272
0 0.790276 0.304287 0.002026 0.003545
0 0.805432 0.342283 0.005249 0.011079
0 0.804336 0.333242 0.004229 0.005537
0 0.804329 0.389446 0.003989 0.006089
0 0.801799 0.397144 0.003042 0.004736
0 0.798811 0.402429 0.003159 0.005835
0 0.803738 0.405830 0.004019 0.007773
0 0.799795 0.413486 0.001943 0.006562
0 0.794204 0.405588 0.004375 0.014819
0 0.799905 0.434932 0.003403 0.009600
0 0.801465 0.447627 0.002832 0.005771
0 0.806375 0.493779 0.003589 0.008437
0 0.802578 0.491106 0.002744 0.005063
0 0.808701 0.526348 0.004375 0.009844
0 0.800742 0.517842 0.003525 0.005469
0 0.804995 0.514744 0.003770 0.008501
0 0.808652 0.555913 0.004863 0.014277
0 0.803184 0.556621 0.005264 0.009014
0 0.813411 0.574644 0.003442 0.008203
0 0.819417 0.607954 0.002935 0.011846
0 0.845640 0.617625 0.002529 0.005669
0 0.809731 0.602515 0.003037 0.007773
0 0.806763 0.611082 0.003896 0.007651
0 0.809443 0.619380 0.003203 0.007676
0 0.833220 0.641553 0.003501 0.012070
0 0.836543 0.653274 0.002803 0.007173
0 0.809731 0.645933 0.004053 0.007930
0 0.812581 0.657263 0.004556 0.009517
0 0.806658 0.652607 0.005063 0.012959
0 0.813188 0.673413 0.004756 0.013867
0 0.842095 0.670530 0.004053 0.007290
0 0.842654 0.679084 0.005366 0.006782
0 0.843008 0.693311 0.003848 0.011338
0 0.846348 0.706116 0.003643 0.007798
0 0.849485 0.717913 0.004253 0.005874
0 0.813101 0.689065 0.002812 0.006187
0 0.814155 0.695637 0.002812 0.004995
0 0.809080 0.680417 0.002954 0.006665
0 0.807266 0.663247 0.005400 0.005908
0 0.834521 0.660420 0.002529 0.004639
0 0.838977 0.659795 0.002603 0.006045
0 0.807925 0.700781 0.003848 0.005869
0 0.814119 0.725303 0.003647 0.009717
0 0.811841 0.715210 0.002734 0.009014
0 0.855754 0.768284 0.003237 0.010532
0 0.816824 0.765906 0.005366 0.014077
0 0.816013 0.777751 0.004351 0.009009
0 0.811357 0.786104 0.002529 0.003848
0 0.812319 0.765549 0.003242 0.004048
0 0.809585 0.756538 0.003242 0.009111
0 0.812773 0.755122 0.002529 0.004053
0 0.811904 0.814370 0.003643 0.016475
0 0.817935 0.818411 0.003936 0.014585
0 0.816787 0.802559 0.004082 0.008311
0 0.856797 0.819282 0.003135 0.006582
0 0.857507 0.824551 0.003140 0.004150
0 0.824854 0.828345 0.004053 0.006279
0 0.814729 0.794124 0.004048 0.005874
0 0.856499 0.883735 0.003525 0.010332
0 0.815430 0.841067 0.003281 0.006196
0 0.817012 0.847446 0.002793 0.010205
0 0.814058 0.859939 0.003037 0.004009
0 0.821809 0.870520 0.003022 0.005200
0 0.814846 0.872065 0.002603 0.006045
0 0.818503 0.873086 0.003442 0.009775
0 0.824297 0.888528 0.003545 0.009722
0 0.828650 0.891516 0.002729 0.002935
0 0.817241 0.903289 0.003525 0.010933
0 0.816938 0.912644 0.002432 0.006079
0 0.820583 0.916775 0.002915 0.006802
0 0.823074 0.936726 0.003765 0.008745
0 0.825081 0.945957 0.003159 0.008262
0 0.819155 0.936216 0.003965 0.007764
