0 0.309419 0.519912 0.002891 0.006914
0 0.111418 0.928438 0.002358 0.004893
0 0.090662 0.477942 0.002915 0.004858
0 0.070186 0.450308 0.002832 0.005264
0 0.074893 0.463472 0.002529 0.005059
0 0.100154 0.459524 0.002632 0.005669
0 0.098333 0.452180 0.002837 0.005366
0 0.085447 0.504258 0.003403 0.006563
0 0.117402 0.510515 0.002676 0.005464
0 0.087104 0.536299 0.002480 0.004961
0 0.079390 0.558850 0.003125 0.005229
0 0.081084 0.595659 0.002451 0.005420
0 0.075559 0.595959 0.002446 0.004556
0 0.077212 0.621919 0.003281 0.008145
0 0.079248 0.745007 0.002939 0.005269
0 0.087197 0.795994 0.003525 0.007290
0 0.106758 0.786426 0.002637 0.003867
0 0.100610 0.790732 0.003457 0.003281
0 0.101128 0.830229 0.002432 0.004453
0 0.084912 0.775791 0.002539 0.004248
0 0.091860 0.788408 0.004219 0.002871
0 0.084233 0.726006 0.002871 0.005234
0 0.078022 0.572712 0.002949 0.003794
0 0.118733 0.579751 0.003716 0.005654
0 0.121560 0.573845 0.003286 0.004810
0 0.118018 0.695906 0.002539 0.004077
0 0.115750 0.813184 0.002554 0.004492
0 0.129602 0.816040 0.002310 0.006807
0 0.112822 0.859771 0.002920 0.006123
0 0.093401 0.900457 0.003140 0.005571
0 0.098657 0.924541 0.004785 0.005410
0 0.115259 0.924492 0.003369 0.006787
0 0.118799 0.919805 0.003027 0.003369
0 0.132161 0.892705 0.002944 0.005400
0 0.132048 0.904131 0.004048 0.005566
0 0.110273 0.987283 0.003867 0.006890
0 0.120811 0.941887 0.003135 0.004556
0 0.130220 0.871760 0.003643 0.006685
0 0.129517 0.793210 0.002676 0.005347
0 0.126174 0.795701 0.002310 0.006196
0 0.115483 0.873049 0.002881 0.006118
0 0.080569 0.605991 0.003882 0.004639
0 0.310974 0.708086 0.004253 0.006074
0 0.301304 0.678137 0.002549 0.004614
0 0.337146 0.756382 0.003765 0.006563
0 0.308303 0.799141 0.002427 0.005225
0 0.308008 0.852639 0.003496 0.005776
0 0.350977 0.801990 0.003848 0.006646
0 0.321536 0.652207 0.002251 0.003301
0 0.314827 0.501658 0.003354 0.005396
0 0.335896 0.405232 0.003501 0.004546
0 0.350208 0.985686 0.002319 0.003657
0 0.307896 0.763560 0.002461 0.004150
0 0.323623 0.629487 0.002461 0.004287
0 0.113105 0.934006 0.002363 0.004556
0 0.070588 0.539504 0.003765 0.007046
0 0.119631 0.518059 0.003442 0.006890
0 0.114302 0.795093 0.005381 0.007578
0 0.118611 0.795457 0.003501 0.011519
0 0.118318 0.804717 0.002915 0.005830
0 0.129478 0.802783 0.003037 0.008750
0 0.107170 0.836450 0.004497 0.007773
0 0.109177 0.843862 0.003403 0.007051
0 0.121577 0.744263 0.004219 0.006582
0 0.126047 0.750127 0.002700 0.004473
0 0.120986 0.735066 0.004053 0.008101
0 0.089570 0.723403 0.004980 0.008320
0 0.089514 0.880703 0.004253 0.005264
0 0.094780 0.872905 0.002832 0.007900
0 0.083894 0.879336 0.004556 0.006377
0 0.120068 0.883350 0.003447 0.008437
0 0.121079 0.904021 0.003379 0.005571
0 0.116184 0.890942 0.002700 0.007764
0 0.117334 0.730232 0.002529 0.005063
0 0.123088 0.621023 0.003784 0.011343
0 0.084619 0.522737 0.004131 0.007290
0 0.086931 0.548557 0.003403 0.008384
0 0.308018 0.514795 0.002363 0.007178
