0 0.153833 0.727314 0.002529 0.003545
0 0.279832 0.887583 0.002534 0.005313
0 0.292485 0.915681 0.002363 0.006831
0 0.098022 0.659807 0.004219 0.004292
0 0.120237 0.637412 0.002642 0.005713
0 0.121191 0.642637 0.002783 0.004639
0 0.318833 0.987070 0.006973 0.005918
0 0.313530 0.982383 0.005977 0.005566
0 0.282605 0.964697 0.003218 0.005332
0 0.277271 0.957085 0.004160 0.005811
0 0.276101 0.951724 0.003101 0.004209
0 0.270212 0.942898 0.003091 0.003657
0 0.265784 0.939526 0.004360 0.004219
0 0.310811 0.937832 0.004570 0.006563
0 0.310488 0.957812 0.002520 0.004805
0 0.309873 0.952305 0.003281 0.005977
0 0.306563 0.946211 0.004629 0.005508
0 0.304160 0.939824 0.003926 0.007031
0 0.299824 0.942490 0.006504 0.005332
0 0.232783 0.876909 0.005908 0.003271
0 0.231758 0.873906 0.003955 0.002246
0 0.228145 0.873662 0.003076 0.004687
0 0.086626 0.577913 0.004014 0.002671
0 0.074961 0.573354 0.003525 0.004736
0 0.034856 0.559565 0.006802 0.007656
0 0.076934 0.620833 0.003203 0.005229
0 0.075542 0.623450 0.003291 0.004556
0 0.256165 0.853479 0.002446 0.003794
0 0.271875 0.884133 0.003037 0.003745
0 0.289229 0.897134 0.003027 0.003174
0 0.301733 0.905791 0.001689 0.001855
0 0.290322 0.938618 0.003799 0.002744
0 0.268237 0.936304 0.002461 0.004219
0 0.296433 0.954473 0.002388 0.002529
0 0.305295 0.980066 0.002192 0.003374
0 0.238081 0.813074 0.002041 0.003022
0 0.176550 0.782581 0.002886 0.004077
0 0.157698 0.751003 0.001899 0.004077
0 0.229763 0.834353 0.003882 0.002700
0 0.244756 0.828640 0.001943 0.002612
0 0.251252 0.845320 0.003120 0.004722
0 0.072502 0.619524 0.002446 0.004136
0 0.070059 0.616106 0.002617 0.003374
0 0.087803 0.639854 0.004199 0.006826
0 0.084827 0.633118 0.003149 0.004897
0 0.397505 0.721836 0.002285 0.004336
0 0.512651 0.836277 0.004287 0.005552
0 0.490920 0.885989 0.003647 0.005366
0 0.472627 0.854214 0.004385 0.005566
0 0.410051 0.751833 0.003647 0.005542
0 0.331167 0.987249 0.004658 0.006177
0 0.139553 0.638745 0.003442 0.005469
0 0.171536 0.785386 0.004292 0.005205
0 0.180676 0.791958 0.005552 0.003867
0 0.171326 0.790449 0.003022 0.004219
0 0.147563 0.744023 0.002109 0.003105
0 0.143989 0.749971 0.002812 0.003164
0 0.147036 0.749121 0.002930 0.005918
0 0.167749 0.690547 0.003340 0.004961
0 0.094336 0.570610 0.001523 0.002695
0 0.083154 0.591790 0.002041 0.002915
0 0.381035 0.693430 0.002578 0.003335
0 0.355095 0.652466 0.004556 0.005654
0 0.544167 0.880520 0.005161 0.008306
0 0.497908 0.901296 0.004009 0.004429
0 0.532505 0.960090 0.003037 0.003765
0 0.587546 0.965559 0.003276 0.006196
0 0.456050 0.823821 0.001826 0.003950
0 0.338608 0.604097 0.002529 0.006885
0 0.338203 0.588362 0.003887 0.008628
0 0.310295 0.494846 0.003062 0.004956
0 0.323518 0.520068 0.001265 0.002109
0 0.327910 0.526887 0.001338 0.002671
0 0.328789 0.535925 0.001689 0.003022
0 0.406318 0.698013 0.002432 0.004375
0 0.442739 0.759551 0.002520 0.003516
0 0.415044 0.718687 0.002051 0.003633
0 0.389697 0.716450 0.001318 0.002295
0 0.392827 0.721436 0.002197 0.003613
0 0.362170 0.668628 0.001851 0.003223
0 0.352285 0.644348 0.002109 0.004302
0 0.341770 0.607954 0.003140 0.007090
0 0.104451 0.583765 0.004556 0.004727
0 0.185222 0.807205 0.004497 0.008628
0 0.245911 0.914795 0.003208 0.005537
0 0.144595 0.716880 0.004658 0.008096
0 0.128796 0.673987 0.003501 0.005249
0 0.078369 0.528979 0.003789 0.005107
0 0.098755 0.575491 0.003291 0.004556
0 0.108088 0.670005 0.003306 0.004922
0 0.124026 0.648250 0.002534 0.005415
0 0.173252 0.695879 0.003027 0.004854
0 0.201404 0.744758 0.004370 0.005249
0 0.181162 0.746602 0.003096 0.001758
0 0.162651 0.764680 0.003867 0.003022
0 0.247327 0.834583 0.002954 0.003237
0 0.276838 0.886631 0.002954 0.004922
0 0.312832 0.934031 0.002832 0.004556
0 0.285906 0.945110 0.004136 0.002446
0 0.277722 0.947261 0.003794 0.003545
0 0.217100 0.866731 0.001758 0.003237
0 0.209565 0.757458 0.001416 0.001519
