0 0.101436 0.415854 0.002432 0.004863
0 0.100708 0.440337 0.002188 0.004736
0 0.112935 0.823147 0.002109 0.003628
0 0.113442 0.807241 0.001602 0.003037
0 0.112302 0.789651 0.001519 0.002954
0 0.109553 0.679534 0.001948 0.003892
0 0.098855 0.617908 0.001899 0.001968
0 0.098257 0.614321 0.001689 0.003232
0 0.092368 0.480569 0.002109 0.004136
0 0.105142 0.467988 0.002100 0.004023
0 0.084124 0.450205 0.001831 0.003447
0 0.088459 0.585571 0.001606 0.004307
0 0.089050 0.575488 0.002446 0.004893
0 0.118333 0.532104 0.002251 0.003096
0 0.085571 0.517480 0.001582 0.002930
0 0.087739 0.512881 0.001582 0.002168
0 0.083696 0.510039 0.001582 0.002812
0 0.110005 0.502773 0.001582 0.003398
0 0.108101 0.495186 0.002227 0.003926
0 0.312036 0.042905 0.002109 0.003379
0 0.336230 0.993799 0.001934 0.002578
0 0.373110 0.994514 0.002275 0.003149
0 0.377048 0.991716 0.003149 0.005249
0 0.125505 0.935884 0.002446 0.004199
0 0.155161 0.992222 0.002275 0.003848
0 0.147988 0.993096 0.002275 0.004199
0 0.134341 0.994673 0.002275 0.003848
0 0.090173 0.211006 0.001685 0.002197
0 0.102490 0.210669 0.001855 0.002197
0 0.316248 0.446748 0.001479 0.003232
0 0.112388 0.246736 0.002529 0.002534
0 0.091648 0.316423 0.001353 0.002280
0 0.082073 0.395391 0.001899 0.003164
0 0.100828 0.406074 0.000972 0.002305
0 0.311746 0.437959 0.001196 0.002529
0 0.310542 0.387090 0.001855 0.004219
0 0.305728 0.246875 0.002109 0.003037
