0 0.098223 0.436265 0.002432 0.004453
0 0.104272 0.379690 0.001943 0.005483
0 0.101389 0.347183 0.002065 0.004014
0 0.074536 0.309275 0.003770 0.005708
0 0.103579 0.249006 0.002393 0.005132
0 0.081396 0.227314 0.002178 0.003516
0 0.071353 0.205259 0.003525 0.004492
0 0.095349 0.168870 0.005103 0.006313
0 0.121726 0.875088 0.002974 0.006826
0 0.097546 0.711973 0.002192 0.003965
0 0.084932 0.752432 0.001602 0.004307
0 0.100273 0.837607 0.001855 0.002275
0 0.117021 0.845413 0.002617 0.003540
0 0.320417 0.871797 0.001948 0.003887
0 0.105884 0.840139 0.001943 0.004302
0 0.103323 0.198733 0.002329 0.003843
0 0.345435 0.618867 0.002266 0.004531
0 0.343799 0.565205 0.002520 0.005039
0 0.115605 0.950144 0.001924 0.002974
0 0.111228 0.892759 0.002974 0.006123
0 0.110027 0.268113 0.001772 0.003374
0 0.102107 0.303120 0.002476 0.003496
0 0.088855 0.684248 0.002329 0.004453
0 0.092937 0.629985 0.001821 0.002734
0 0.094556 0.623708 0.002227 0.003745
0 0.099631 0.599292 0.001772 0.003037
0 0.100476 0.588704 0.002280 0.003628
0 0.096472 0.553613 0.001821 0.002734
0 0.103711 0.550830 0.002734 0.003848
0 0.102039 0.544502 0.001421 0.003750
0 0.107136 0.505872 0.001968 0.002603
0 0.102393 0.493882 0.001758 0.003516
0 0.106997 0.478240 0.002393 0.004009
0 0.091692 0.451050 0.002329 0.003848
0 0.101614 0.448413 0.002329 0.003848
0 0.113613 0.437783 0.001621 0.003037
