0 0.197275 0.104880 0.006680 0.002397
0 0.209812 0.104124 0.007310 0.001890
0 0.172888 0.104817 0.010083 0.002017
0 0.162173 0.106584 0.006553 0.002017
0 0.258223 0.101316 0.008320 0.001890
0 0.283743 0.112341 0.003657 0.007563
0 0.268115 0.081150 0.003652 0.007690
0 0.264524 0.083672 0.002271 0.005166
0 0.274795 0.084111 0.003906 0.003281
0 0.279080 0.083479 0.001636 0.002017
0 0.286389 0.089907 0.003403 0.012354
0 0.245581 0.046238 0.003154 0.007183
0 0.233481 0.031367 0.002393 0.010967
0 0.309375 0.101724 0.001992 0.006104
0 0.314175 0.106182 0.003467 0.007705
0 0.314731 0.098889 0.002207 0.006714
0 0.316833 0.100840 0.002417 0.006406
0 0.350388 0.096848 0.010503 0.001997
0 0.363777 0.093901 0.005356 0.002617
0 0.378901 0.093269 0.002832 0.002427
0 0.387566 0.095522 0.005884 0.002100
0 0.422905 0.090225 0.005986 0.003057
0 0.422173 0.092903 0.005146 0.002300
0 0.464707 0.089175 0.005986 0.002637
0 0.471428 0.090908 0.003257 0.002744
0 0.505613 0.084082 0.003149 0.006523
0 0.500942 0.066016 0.001787 0.003770
0 0.500625 0.059714 0.002207 0.005454
0 0.498787 0.042700 0.002729 0.007969
0 0.501045 0.051943 0.001787 0.004824
0 0.469434 0.039758 0.002832 0.012612
0 0.454102 0.024373 0.006406 0.004946
0 0.518398 0.088809 0.002451 0.002539
0 0.562375 0.082466 0.005864 0.002627
0 0.524902 0.170745 0.002773 0.006050
0 0.531062 0.185688 0.003677 0.011973
0 0.533677 0.198604 0.002627 0.004727
0 0.537693 0.222646 0.002046 0.007510
0 0.540342 0.231306 0.002920 0.009702
0 0.698306 0.067451 0.005166 0.003652
0 0.517341 0.128904 0.003276 0.007310
0 0.518159 0.134573 0.002393 0.003530
0 0.520239 0.146230 0.003779 0.009707
0 0.525278 0.160220 0.003779 0.008945
0 0.543330 0.229409 0.002480 0.006055
0 0.546567 0.239434 0.003379 0.013711
0 0.553877 0.273540 0.002988 0.005762
0 0.554717 0.284917 0.002627 0.003867
0 0.563357 0.308047 0.004292 0.013828
0 0.565735 0.344705 0.003784 0.007563
0 0.570034 0.359275 0.002891 0.006128
0 0.567322 0.365183 0.003062 0.005161
0 0.335337 0.282651 0.005332 0.010039
0 0.573486 0.379280 0.003086 0.011431
0 0.570674 0.378010 0.002539 0.008169
0 0.567495 0.377917 0.002725 0.005806
0 0.573459 0.398499 0.004409 0.008716
0 0.570940 0.410684 0.001890 0.004727
0 0.571677 0.419766 0.002729 0.007773
0 0.575613 0.446191 0.002417 0.004727
0 0.575364 0.467546 0.003911 0.007183
0 0.575679 0.453113 0.003525 0.006050
0 0.576663 0.508901 0.002729 0.005566
0 0.578870 0.521611 0.003364 0.007246
0 0.573774 0.481072 0.003467 0.007456
0 0.578237 0.493772 0.004844 0.013003
0 0.578660 0.571809 0.001753 0.004019
0 0.581248 0.572065 0.002407 0.007432
0 0.579321 0.595684 0.003047 0.007139
0 0.581726 0.587629 0.003784 0.007876
0 0.581079 0.634104 0.003174 0.008315
0 0.583274 0.627754 0.003325 0.006201
0 0.582751 0.666326 0.002710 0.008667
0 0.583906 0.694724 0.002432 0.004253
0 0.586885 0.698948 0.001699 0.003462
0 0.587170 0.974509 0.007622 0.012339
0 0.996099 0.612092 0.005332 0.010347
0 0.764512 0.715444 0.003359 0.007139
0 0.767451 0.716860 0.002520 0.002627
