0 0.454668 0.088582 0.006484 0.002700
0 0.383110 0.086582 0.010283 0.002695
0 0.397258 0.084700 0.005396 0.002700
0 0.411809 0.085103 0.003286 0.002334
0 0.420999 0.088054 0.005903 0.002407
0 0.454927 0.085588 0.006270 0.002847
0 0.320447 0.073887 0.002886 0.011758
0 0.300916 0.062439 0.002378 0.006177
0 0.298198 0.064829 0.001895 0.003652
0 0.302349 0.066804 0.002393 0.002954
0 0.312739 0.067515 0.002363 0.002187
0 0.283425 0.026619 0.001606 0.008481
0 0.282644 0.028738 0.001606 0.004448
0 0.270339 0.009365 0.001460 0.005762
0 0.272708 0.013489 0.001763 0.003706
0 0.266299 0.006958 0.001582 0.004863
0 0.290186 0.082930 0.007002 0.002188
0 0.319507 0.083103 0.006826 0.002017
0 0.314998 0.095881 0.003062 0.009536
0 0.341423 0.087673 0.002007 0.006304
0 0.347590 0.085571 0.008052 0.002627
0 0.346501 0.092896 0.003452 0.008750
0 0.497195 0.087485 0.006782 0.002988
0 0.504048 0.090146 0.004160 0.002480
0 0.229421 0.082124 0.006216 0.002363
0 0.242156 0.082646 0.005776 0.002187
0 0.203645 0.079146 0.007349 0.002539
0 0.209290 0.080198 0.003940 0.002192
0 0.193887 0.080986 0.006035 0.002187
0 0.151790 0.080811 0.008140 0.001836
0 0.324031 0.138564 0.003149 0.013477
0 0.335903 0.186719 0.002520 0.006826
0 0.353394 0.269790 0.003477 0.008623
0 0.353201 0.466609 0.004722 0.010347
0 0.506641 0.038689 0.003906 0.012983
0 0.491516 0.022241 0.004155 0.008066
0 0.535186 0.024890 0.001514 0.004282
0 0.535500 0.016255 0.002144 0.005166
0 0.535562 0.044109 0.004033 0.009448
0 0.535764 0.052961 0.003403 0.006831
0 0.535942 0.060178 0.003027 0.006050
0 0.535313 0.067424 0.002520 0.004155
0 0.538650 0.085757 0.002798 0.006562
0 0.516042 0.090132 0.005103 0.002432
0 0.595081 0.089314 0.006440 0.003403
0 0.601338 0.090769 0.004863 0.003159
0 0.573696 0.093928 0.004980 0.003159
0 0.546433 0.130952 0.003442 0.006377
0 0.547495 0.136826 0.002129 0.004756
0 0.548203 0.148875 0.003545 0.009614
0 0.636658 0.092983 0.004253 0.003037
0 0.664922 0.096401 0.007314 0.001758
0 0.683379 0.097703 0.006260 0.001968
0 0.552305 0.163308 0.005146 0.009956
0 0.550869 0.173899 0.003291 0.007339
0 0.556438 0.189846 0.005317 0.012573
0 0.557366 0.202249 0.003120 0.006499
0 0.559646 0.230286 0.002700 0.015483
0 0.562617 0.236584 0.002627 0.015444
0 0.564941 0.233669 0.003154 0.006050
0 0.567146 0.243628 0.004282 0.013613
0 0.571960 0.290127 0.003149 0.004727
0 0.578323 0.313965 0.005513 0.014268
0 0.578245 0.350269 0.003862 0.008096
0 0.581235 0.365767 0.004014 0.006562
0 0.582988 0.386545 0.002891 0.007788
0 0.577253 0.417800 0.003853 0.006655
0 0.578306 0.425898 0.004551 0.009189
0 0.579561 0.452422 0.003398 0.004287
0 0.579246 0.459353 0.003784 0.007563
0 0.577671 0.473594 0.004912 0.009072
0 0.575862 0.515354 0.003179 0.006655
0 0.577073 0.527981 0.003784 0.008013
0 0.572969 0.578037 0.003027 0.005166
0 0.571646 0.601667 0.003906 0.007056
0 0.573367 0.633740 0.003784 0.007715
0 0.569812 0.640244 0.003931 0.008320
0 0.569512 0.672610 0.003330 0.010737
0 0.570039 0.656047 0.004385 0.007563
0 0.568198 0.700352 0.003359 0.005986
0 0.746655 0.736536 0.006201 0.007710
0 0.985977 0.651797 0.006533 0.011797
0 0.759841 0.094751 0.008315 0.003330
0 0.767251 0.096038 0.004688 0.001968
0 0.732163 0.084617 0.005293 0.003325
0 0.734661 0.094448 0.009077 0.002119
0 0.766816 0.054370 0.006807 0.003906
