0 0.094333 0.364255 0.002700 0.006157
0 0.091379 0.362778 0.002700 0.007256
0 0.094026 0.373330 0.004009 0.010088
0 0.366833 0.109790 0.003569 0.010078
0 0.364753 0.096833 0.002065 0.005591
0 0.341838 0.629814 0.002446 0.006152
0 0.343799 0.719946 0.002627 0.006123
0 0.346243 0.606084 0.001938 0.005400
0 0.334177 0.624375 0.002769 0.006709
0 0.329189 0.595781 0.002695 0.006504
0 0.329541 0.585410 0.002461 0.004629
0 0.344534 0.597959 0.002310 0.004863
0 0.341982 0.618372 0.002549 0.004858
0 0.332627 0.670374 0.003525 0.007534
0 0.336091 0.669766 0.003159 0.008750
0 0.350652 0.562966 0.002251 0.003374
0 0.337783 0.561172 0.002246 0.004854
0 0.344399 0.464602 0.001943 0.005103
0 0.345920 0.474685 0.002554 0.004614
0 0.346284 0.491572 0.002305 0.008750
0 0.348645 0.412747 0.002026 0.005874
0 0.346921 0.421755 0.001821 0.005063
0 0.343582 0.434717 0.003442 0.006680
0 0.086492 0.234319 0.003794 0.007729
0 0.085383 0.247312 0.002534 0.006470
0 0.096924 0.196333 0.002363 0.005488
0 0.110811 0.017314 0.002451 0.005488
0 0.110347 0.029678 0.002197 0.004219
0 0.344958 0.329072 0.001821 0.003848
0 0.352046 0.335195 0.003242 0.008809
0 0.349712 0.369443 0.002363 0.003965
0 0.346714 0.373115 0.002109 0.004053
0 0.361692 0.281440 0.002065 0.003643
0 0.359077 0.271050 0.002188 0.003037
0 0.362974 0.212212 0.001953 0.003955
0 0.363887 0.111301 0.001436 0.004048
0 0.370112 0.018984 0.002275 0.005566
0 0.370364 0.006372 0.001938 0.002275
0 0.322048 0.012207 0.002319 0.006045
0 0.321555 0.028611 0.003374 0.004780
0 0.316841 0.145586 0.003643 0.007695
0 0.317419 0.103313 0.003140 0.006479
0 0.321353 0.074714 0.003711 0.004976
0 0.318320 0.071719 0.002178 0.004219
0 0.321802 0.092224 0.003379 0.004009
0 0.317913 0.127827 0.002310 0.004492
0 0.320828 0.128435 0.002310 0.006196
0 0.317058 0.162380 0.003062 0.005542
0 0.362722 0.218210 0.002671 0.006079
0 0.343477 0.282039 0.003936 0.006704
0 0.346919 0.309434 0.003066 0.005537
0 0.344368 0.302434 0.002622 0.007290
0 0.365725 0.186311 0.002837 0.004253
0 0.362490 0.194651 0.003672 0.007173
0 0.345864 0.396318 0.001582 0.004453
0 0.345835 0.391426 0.001992 0.005332
0 0.343599 0.526831 0.002295 0.008740
0 0.348091 0.599321 0.002344 0.006328
0 0.330249 0.599907 0.001582 0.003867
0 0.331597 0.615786 0.001816 0.004102
0 0.330981 0.611655 0.001758 0.004043
0 0.089280 0.411865 0.002495 0.004932
0 0.089231 0.406445 0.002886 0.005811
0 0.099756 0.398037 0.001611 0.002344
0 0.097827 0.394766 0.002051 0.004590
0 0.098633 0.389102 0.002490 0.005957
0 0.089568 0.381772 0.002007 0.005811
0 0.088567 0.376865 0.001851 0.005273
0 0.097051 0.289280 0.002598 0.007524
0 0.098386 0.283479 0.003022 0.004360
0 0.091990 0.276516 0.002603 0.010405
0 0.094214 0.436064 0.001689 0.003164
0 0.100371 0.746533 0.002812 0.008008
0 0.329824 0.682434 0.001826 0.003022
0 0.328826 0.679968 0.001460 0.002769
0 0.337573 0.685801 0.001455 0.003643
0 0.100579 0.612451 0.002671 0.005625
0 0.082607 0.800820 0.004033 0.006807
0 0.102639 0.800442 0.004282 0.006050
0 0.109790 0.732080 0.002773 0.006563
0 0.088867 0.749138 0.003789 0.004810
0 0.103591 0.749939 0.002915 0.006997
0 0.092373 0.716270 0.003291 0.004639
0 0.102373 0.666089 0.002168 0.003340
0 0.100947 0.653091 0.002051 0.004980
0 0.104468 0.620791 0.002773 0.006123
0 0.101470 0.551189 0.002598 0.005903
0 0.104985 0.541589 0.002461 0.005415
0 0.088362 0.545068 0.002935 0.006582
0 0.091853 0.547700 0.003237 0.007998
0 0.098638 0.563850 0.002832 0.004858
0 0.098435 0.556509 0.002231 0.005566
0 0.106802 0.521658 0.001406 0.004292
0 0.100403 0.401001 0.001548 0.003516
0 0.092561 0.404202 0.001616 0.003726
0 0.093230 0.400718 0.001548 0.002812
0 0.098362 0.407119 0.001831 0.003096
0 0.099768 0.411409 0.002251 0.005063
0 0.090132 0.337173 0.002129 0.005469
0 0.095598 0.618572 0.002026 0.004810
0 0.094077 0.600815 0.001641 0.003281
0 0.112620 0.562473 0.002837 0.005269
0 0.124446 0.496877 0.001519 0.002788
0 0.105356 0.488711 0.001709 0.004150
0 0.100483 0.471057 0.002617 0.005991
0 0.088162 0.500635 0.003638 0.007090
0 0.087458 0.506816 0.002349 0.005039
0 0.102617 0.505464 0.002812 0.005742
0 0.105371 0.507339 0.002227 0.003281
0 0.107385 0.495537 0.003140 0.007598
0 0.092512 0.412090 0.002671 0.004004
0 0.090703 0.375762 0.001465 0.002871
0 0.094102 0.388506 0.002520 0.004805
0 0.092307 0.353625 0.002534 0.004136
