0 0.134270 0.556274 0.002769 0.006123
0 0.149524 0.983782 0.002534 0.006606
0 0.134688 0.982727 0.002529 0.006753
0 0.128586 0.971577 0.002388 0.008437
0 0.130449 0.962964 0.002461 0.008086
0 0.125947 0.868911 0.002109 0.004893
0 0.119646 0.890415 0.002485 0.006543
0 0.126145 0.895623 0.002124 0.007085
0 0.148167 0.877500 0.001821 0.006074
0 0.110681 0.248159 0.002534 0.009141
0 0.321362 0.731670 0.002461 0.007168
0 0.328962 0.878296 0.002192 0.006582
0 0.328159 0.870996 0.002109 0.007344
0 0.362319 0.885464 0.002744 0.009424
0 0.997368 0.974021 0.003242 0.009116
0 0.352808 0.620198 0.002275 0.009097
0 0.317903 0.604102 0.002446 0.005596
0 0.318777 0.597278 0.003501 0.007349
0 0.358594 0.372180 0.001621 0.005669
0 0.356123 0.310640 0.002227 0.005771
0 0.335295 0.046763 0.005464 0.003848
0 0.336257 0.053245 0.002534 0.008706
0 0.085059 0.087993 0.001924 0.004355
0 0.083235 0.083284 0.002124 0.005669
0 0.084307 0.174395 0.002109 0.005820
0 0.092029 0.194434 0.001685 0.004727
0 0.087397 0.241450 0.002100 0.004834
0 0.079802 0.346575 0.001821 0.005063
0 0.079397 0.341311 0.001616 0.005063
0 0.090325 0.489358 0.001606 0.004302
0 0.088511 0.491426 0.001523 0.007090
0 0.114072 0.771814 0.002188 0.005347
0 0.111062 0.774255 0.002251 0.004009
0 0.133230 0.759243 0.001831 0.004004
0 0.135481 0.759456 0.002388 0.004712
0 0.110125 0.739707 0.001909 0.003271
0 0.106389 0.746372 0.001763 0.003613
0 0.106658 0.749912 0.002095 0.002783
0 0.101006 0.652253 0.001602 0.003374
0 0.101553 0.655459 0.001855 0.002871
0 0.101636 0.641523 0.002432 0.003838
0 0.143293 0.643799 0.001519 0.002363
0 0.120317 0.622798 0.001426 0.003457
0 0.120610 0.626426 0.001680 0.003457
0 0.099243 0.618198 0.001943 0.005400
0 0.098145 0.613096 0.002109 0.004131
0 0.096375 0.619297 0.002446 0.005566
0 0.093464 0.597361 0.002026 0.003374
0 0.093547 0.600818 0.002026 0.003208
0 0.091355 0.601580 0.002192 0.005063
0 0.121475 0.590085 0.002178 0.004009
0 0.123689 0.586289 0.002251 0.003447
0 0.136528 0.525437 0.002334 0.004810
0 0.139443 0.555691 0.002041 0.005542
0 0.089175 0.544771 0.002041 0.005684
0 0.088735 0.561316 0.001748 0.003208
0 0.103982 0.580659 0.001216 0.004658
0 0.102161 0.579089 0.002427 0.005972
0 0.097842 0.524832 0.002197 0.004556
0 0.098982 0.528921 0.002280 0.003965
0 0.130908 0.502070 0.002363 0.004717
0 0.086384 0.517515 0.002700 0.005654
0 0.086174 0.522239 0.001772 0.002446
0 0.101411 0.342407 0.002529 0.003945
0 0.099844 0.327371 0.002227 0.002632
0 0.102322 0.330105 0.002534 0.006274
0 0.100198 0.322358 0.002329 0.004355
0 0.096855 0.317954 0.002129 0.003848
0 0.094983 0.318359 0.001216 0.002227
0 0.091489 0.316589 0.003135 0.004556
0 0.086833 0.312842 0.002329 0.004561
0 0.089868 0.278428 0.002939 0.005469
0 0.099033 0.272605 0.002227 0.005767
0 0.104551 0.286934 0.002529 0.007695
0 0.100229 0.262114 0.001934 0.002871
0 0.097798 0.264429 0.001875 0.003047
0 0.100317 0.266216 0.002461 0.004746
0 0.091655 0.243164 0.001475 0.003027
0 0.101655 0.405735 0.003037 0.005952
0 0.106091 0.392249 0.001704 0.002310
0 0.108157 0.396560 0.002915 0.002671
0 0.105483 0.396379 0.001699 0.002310
0 0.108276 0.393704 0.001943 0.002065
0 0.104934 0.394312 0.002065 0.001338
0 0.102930 0.386172 0.002187 0.003525
0 0.105422 0.374265 0.002065 0.003765
0 0.100759 0.389238 0.001831 0.002676
0 0.099812 0.391663 0.001616 0.003022
0 0.100479 0.394478 0.001973 0.002041
0 0.099741 0.397288 0.002178 0.003022
0 0.088525 0.397219 0.001689 0.002319
0 0.081775 0.395215 0.002954 0.003936
0 0.081528 0.389307 0.002041 0.002109
0 0.081213 0.391804 0.001968 0.002603
0 0.090046 0.356003 0.002446 0.005483
0 0.102490 0.361953 0.002529 0.005400
0 0.101929 0.338057 0.002148 0.004492
0 0.071472 0.126794 0.002310 0.007349
0 0.087092 0.455439 0.002534 0.005674
0 0.327915 0.846428 0.002100 0.005073
0 0.102026 0.451389 0.002021 0.006079
0 0.099849 0.454932 0.002129 0.004658
0 0.102078 0.461970 0.001519 0.006782
0 0.305825 0.247637 0.002432 0.005166
0 0.308762 0.245205 0.002837 0.007393
0 0.308003 0.276465 0.002021 0.004727
0 0.305674 0.273215 0.002041 0.007290
0 0.352065 0.264607 0.002021 0.004351
0 0.355964 0.265720 0.002534 0.007192
0 0.352639 0.278945 0.003022 0.007559
0 0.307354 0.304185 0.002227 0.006563
0 0.309521 0.304185 0.001992 0.004219
0 0.309521 0.300171 0.002109 0.002754
0 0.306736 0.316841 0.002632 0.005869
0 0.307991 0.331624 0.002124 0.003042
0 0.311033 0.361482 0.002280 0.006919
0 0.310569 0.347476 0.002534 0.004893
0 0.357566 0.347642 0.002534 0.006748
0 0.360181 0.351733 0.001689 0.003965
0 0.358325 0.355491 0.001855 0.004390
0 0.311838 0.372595 0.001899 0.005767
0 0.359832 0.385710 0.001821 0.003403
0 0.313723 0.381519 0.002671 0.003281
0 0.310989 0.395918 0.002065 0.004375
0 0.310442 0.413899 0.002671 0.007046
0 0.313298 0.411226 0.002310 0.005107
0 0.360317 0.425928 0.002549 0.006074
0 0.311899 0.430364 0.002676 0.004253
0 0.311411 0.437957 0.002188 0.006802
0 0.315198 0.470090 0.001968 0.004146
0 0.313057 0.475750 0.001055 0.002251
0 0.356238 0.503596 0.002427 0.005874
0 0.358770 0.509065 0.002227 0.002632
0 0.320166 0.656350 0.002188 0.003940
0 0.318269 0.660796 0.002183 0.004668
0 0.322126 0.776743 0.002446 0.009795
0 0.357971 0.818303 0.002866 0.005649
0 0.367798 0.890471 0.002109 0.002954
0 0.941125 0.978643 0.004253 0.002188
0 0.935596 0.980586 0.007529 0.004131
0 0.878254 0.981006 0.012388 0.006719
0 0.684382 0.991584 0.005249 0.004829
0 0.361228 0.953503 0.002554 0.006685
0 0.358010 0.948523 0.003159 0.011304
0 0.361406 0.925615 0.002275 0.005596
0 0.331155 0.890503 0.002280 0.003379
0 0.320911 0.756711 0.002124 0.004458
0 0.130732 0.384575 0.001943 0.002715
0 0.122410 0.855437 0.002446 0.005249
0 0.132043 0.913992 0.002671 0.005591
0 0.125725 0.921160 0.003159 0.004858
0 0.998889 0.536931 0.002222 0.005103
0 0.999314 0.528364 0.001372 0.008867
0 0.998440 0.464114 0.001968 0.004497
0 0.996941 0.446565 0.001938 0.004048
0 0.996689 0.442048 0.001602 0.004302
0 0.999082 0.438252 0.001836 0.005820
0 0.996182 0.433655 0.002783 0.004722
0 0.995212 0.425935 0.001685 0.003120
0 0.997532 0.417961 0.001772 0.003208
0 0.997112 0.414839 0.001938 0.003379
0 0.995508 0.408301 0.003125 0.005820
0 0.993574 0.391560 0.002461 0.005132
0 0.997676 0.357549 0.001562 0.002295
0 0.999209 0.342520 0.001523 0.003398
0 0.992090 0.307881 0.001875 0.002344
0 0.993965 0.303428 0.001992 0.003633
0 0.996689 0.304893 0.002520 0.006797
0 0.991797 0.311777 0.001875 0.003809
0 0.997122 0.280552 0.002671 0.007529
0 0.994329 0.264636 0.002427 0.002915
0 0.994509 0.248779 0.002554 0.005713
0 0.331099 0.091670 0.002246 0.002734
0 0.330220 0.094600 0.002344 0.003906
0 0.350498 0.158984 0.001953 0.003125
0 0.350571 0.155640 0.001904 0.003467
0 0.348398 0.157788 0.001563 0.002295
0 0.352100 0.172422 0.001855 0.003711
0 0.350928 0.181919 0.002246 0.008350
0 0.349023 0.181699 0.001660 0.003809
0 0.351892 0.205769 0.001216 0.003442
0 0.354172 0.213667 0.002329 0.003848
0 0.305369 0.212908 0.002534 0.005972
0 0.308306 0.233713 0.002324 0.005669
0 0.304307 0.230374 0.002227 0.008306
