0 0.091787 0.452334 0.003721 0.006748
0 0.343774 0.279875 0.002109 0.005132
0 0.345996 0.620024 0.001826 0.003301
0 0.345151 0.617107 0.001826 0.002251
0 0.096499 0.169214 0.003965 0.005400
0 0.077170 0.143354 0.002700 0.003203
0 0.076609 0.208083 0.002319 0.002319
0 0.121807 0.285581 0.003281 0.003340
0 0.118796 0.215754 0.002124 0.004556
0 0.344663 0.402188 0.001465 0.003369
0 0.346284 0.393640 0.001826 0.004009
0 0.329585 0.414468 0.002188 0.004229
0 0.343152 0.717576 0.002729 0.005669
0 0.112212 0.959058 0.001807 0.003662
0 0.113115 0.937866 0.001709 0.003564
0 0.089746 0.663066 0.002227 0.005566
0 0.106770 0.478247 0.002280 0.004561
0 0.082563 0.198945 0.003027 0.004639
0 0.102903 0.199656 0.003501 0.006997
0 0.107756 0.505955 0.002954 0.004810
0 0.094287 0.435640 0.002441 0.004834
0 0.088286 0.455120 0.003467 0.005571
0 0.104998 0.458958 0.002446 0.006157
0 0.103022 0.546770 0.003037 0.008501
0 0.089160 0.684155 0.002021 0.005469
0 0.369875 0.981113 0.002192 0.005146
0 0.349497 0.630356 0.001465 0.003027
0 0.343770 0.565354 0.002451 0.004897
0 0.346504 0.626226 0.001289 0.002871
0 0.118057 0.845503 0.003281 0.006924
0 0.115664 0.949919 0.002676 0.003403
0 0.123054 0.874451 0.006411 0.008022
0 0.098223 0.713545 0.004053 0.009873
0 0.092900 0.597412 0.002109 0.005625
0 0.094155 0.611272 0.001943 0.004302
0 0.091116 0.637188 0.002329 0.005771
0 0.085205 0.752190 0.002305 0.005591
0 0.106262 0.839709 0.003325 0.004546
0 0.111172 0.892063 0.003037 0.005161
0 0.099978 0.599768 0.001577 0.004009
0 0.098596 0.436184 0.002622 0.005073
0 0.104561 0.379197 0.002939 0.005669
0 0.102290 0.334358 0.002100 0.003149
0 0.101133 0.346580 0.001436 0.004302
0 0.102725 0.302671 0.001660 0.003564
0 0.109531 0.267925 0.002227 0.004219
0 0.103833 0.249924 0.002041 0.006050
0 0.080928 0.227346 0.002939 0.003042
0 0.102412 0.494441 0.002187 0.005103
0 0.087688 0.492908 0.003062 0.003794
0 0.099687 0.588611 0.001680 0.003208
0 0.321509 0.970894 0.001826 0.003340
0 0.346973 0.690303 0.001709 0.003564
0 0.320623 0.871248 0.002231 0.005063
0 0.115757 0.912180 0.002266 0.007563
0 0.317776 0.871470 0.001997 0.004414
0 0.368208 0.935283 0.001807 0.004150
0 0.367720 0.931521 0.002002 0.003462
0 0.366890 0.927832 0.002295 0.003223
0 0.362781 0.781494 0.002603 0.007100
0 0.363457 0.806143 0.002051 0.008057
0 0.361211 0.805068 0.002246 0.005518
0 0.361733 0.715415 0.002246 0.008740
0 0.344487 0.697705 0.002588 0.006396
0 0.345979 0.604412 0.002046 0.004741
0 0.345891 0.609131 0.001763 0.004687
0 0.348584 0.587939 0.001758 0.005957
0 0.337573 0.438691 0.002520 0.004102
0 0.334731 0.436729 0.002930 0.004629
0 0.328916 0.404180 0.002246 0.005664
0 0.331113 0.386553 0.002539 0.008105
0 0.342026 0.381621 0.002393 0.004785
0 0.333928 0.375718 0.001655 0.005273
0 0.336221 0.328228 0.001807 0.004346
0 0.335952 0.332622 0.002051 0.004150
0 0.333242 0.329863 0.002295 0.006543
0 0.364441 0.903665 0.002446 0.006665
0 0.367566 0.887888 0.001772 0.004468
0 0.366680 0.893035 0.001855 0.004976
