0 0.308765 0.755840 0.001514 0.003271
0 0.350498 0.842681 0.001689 0.006680
0 0.352300 0.826655 0.001689 0.007031
0 0.318875 0.400710 0.002251 0.003940
0 0.997175 0.719644 0.002720 0.006504
0 0.993989 0.695298 0.001748 0.004668
0 0.996213 0.694858 0.002407 0.004521
0 0.992148 0.688164 0.001572 0.003594
0 0.993074 0.632275 0.001519 0.003496
0 0.993242 0.608569 0.001924 0.004912
0 0.999382 0.617766 0.001235 0.005474
0 0.995266 0.591755 0.002329 0.005522
0 0.997473 0.583225 0.002280 0.006079
0 0.996992 0.553899 0.001621 0.004263
0 0.997017 0.558257 0.001875 0.004453
0 0.999143 0.561646 0.001675 0.004961
0 0.996206 0.565774 0.001973 0.005220
0 0.998599 0.536025 0.001660 0.003516
0 0.999185 0.472129 0.001514 0.007129
0 0.876538 0.019385 0.010937 0.004658
0 0.935317 0.019482 0.006387 0.002402
0 0.940337 0.021050 0.002539 0.001807
0 0.952842 0.022178 0.001875 0.003691
0 0.996108 0.027803 0.001758 0.003027
0 0.509897 0.010908 0.003809 0.001758
0 0.328584 0.121663 0.001689 0.006157
0 0.328711 0.127988 0.002109 0.005654
0 0.350786 0.818213 0.002051 0.006973
0 0.084614 0.911919 0.002197 0.004639
0 0.106001 0.554688 0.001660 0.007031
0 0.072573 0.862839 0.002734 0.006685
0 0.355884 0.495999 0.001699 0.005103
0 0.317148 0.489536 0.002041 0.003164
0 0.360571 0.574219 0.001943 0.004736
0 0.134634 0.005842 0.005039 0.006548
0 0.148743 0.004456 0.003530 0.008315
0 0.132490 0.001155 0.002480 0.001460
0 0.134741 0.016079 0.001621 0.003545
0 0.134995 0.019521 0.001318 0.002529
0 0.127959 0.025342 0.001621 0.002832
0 0.128972 0.028279 0.001616 0.001821
0 0.129429 0.031013 0.001924 0.002837
0 0.129983 0.035466 0.002026 0.003237
0 0.125042 0.064333 0.002329 0.005464
0 0.125027 0.078772 0.002026 0.004302
0 0.131733 0.086282 0.002109 0.004302
0 0.123889 0.093960 0.004302 0.005654
0 0.122107 0.115173 0.002036 0.003374
0 0.119858 0.121467 0.001758 0.003022
0 0.125691 0.122837 0.001899 0.003096
0 0.125728 0.130994 0.002812 0.004360
0 0.120525 0.128323 0.003374 0.004497
0 0.116445 0.120974 0.003096 0.005552
0 0.117888 0.114507 0.002886 0.004570
0 0.119680 0.108811 0.002251 0.004009
0 0.126501 0.104697 0.002388 0.006045
0 0.141091 0.096895 0.001479 0.004219
0 0.144712 0.096892 0.002812 0.005063
0 0.148140 0.121133 0.001904 0.003467
0 0.148042 0.124307 0.001709 0.002490
0 0.122556 0.144431 0.002671 0.004780
0 0.132979 0.154326 0.003770 0.007051
0 0.147861 0.158943 0.002432 0.005835
0 0.147678 0.153115 0.002349 0.004346
0 0.140085 0.156021 0.004536 0.003613
0 0.118242 0.159575 0.001953 0.004346
0 0.120464 0.159941 0.001807 0.003223
0 0.114409 0.156719 0.002393 0.004004
0 0.118779 0.154546 0.003027 0.004150
0 0.116089 0.180967 0.002178 0.005391
0 0.109768 0.187065 0.001606 0.003369
0 0.116362 0.188750 0.002490 0.004102
0 0.114116 0.192534 0.001807 0.002295
0 0.114238 0.194756 0.001270 0.001855
0 0.112261 0.193389 0.001709 0.003223
0 0.107085 0.194072 0.001709 0.003125
0 0.114971 0.198345 0.001758 0.002979
0 0.112725 0.201665 0.001367 0.002295
0 0.114702 0.201323 0.001807 0.002686
0 0.108818 0.206182 0.001270 0.003223
0 0.111892 0.205327 0.001265 0.003174
0 0.113774 0.204619 0.001514 0.002930
0 0.111699 0.211772 0.001465 0.003174
0 0.113140 0.209331 0.001611 0.002881
0 0.108428 0.209355 0.001270 0.002441
0 0.111011 0.225908 0.002393 0.003369
0 0.113672 0.227153 0.002148 0.003125
0 0.114307 0.230181 0.001953 0.002832
0 0.116416 0.236431 0.002148 0.001758
0 0.112046 0.240483 0.001416 0.002539
0 0.112412 0.242632 0.001367 0.002051
0 0.105098 0.250791 0.001221 0.002393
0 0.106636 0.251279 0.001563 0.003076
0 0.106050 0.254209 0.001562 0.002881
0 0.108369 0.254819 0.001416 0.002637
0 0.109858 0.260654 0.001758 0.003271
0 0.104680 0.262310 0.002329 0.003848
0 0.100977 0.313428 0.002393 0.002529
0 0.099080 0.326646 0.001831 0.002949
0 0.097637 0.334556 0.001758 0.004150
0 0.097288 0.341411 0.001899 0.003232
0 0.102173 0.340215 0.001826 0.004219
0 0.099397 0.340320 0.001899 0.003726
0 0.101331 0.345491 0.001265 0.002671
0 0.101047 0.347986 0.001548 0.002036
0 0.133406 0.241035 0.001216 0.003242
0 0.135281 0.240579 0.001724 0.003140
0 0.142771 0.248882 0.002935 0.003750
0 0.135735 0.223318 0.002026 0.002837
0 0.146599 0.202346 0.002632 0.004253
0 0.135510 0.263638 0.003354 0.005977
0 0.136294 0.300029 0.003281 0.004492
0 0.135869 0.318013 0.002676 0.003281
0 0.128215 0.320137 0.001948 0.002676
0 0.128762 0.312788 0.001821 0.003037
0 0.133804 0.305190 0.002187 0.002188
0 0.133257 0.308777 0.002549 0.003765
0 0.128169 0.332910 0.001465 0.002227
0 0.125913 0.332354 0.001758 0.002754
0 0.120112 0.340088 0.001758 0.003340
0 0.143525 0.355869 0.002109 0.002881
0 0.126060 0.369233 0.001904 0.002344
0 0.123813 0.362544 0.002002 0.003027
0 0.126353 0.365596 0.002295 0.003369
0 0.118867 0.346558 0.002109 0.003223
0 0.121650 0.349282 0.002168 0.004336
0 0.101624 0.358323 0.001899 0.003657
0 0.096387 0.360396 0.002676 0.004150
0 0.099109 0.382139 0.002319 0.005273
0 0.098582 0.387058 0.002954 0.004429
0 0.096226 0.379148 0.002461 0.006890
0 0.094326 0.388149 0.001895 0.004922
0 0.093552 0.400242 0.001333 0.002954
0 0.093167 0.403230 0.001685 0.002319
0 0.091304 0.399329 0.002041 0.003794
0 0.102922 0.421145 0.003989 0.006509
0 0.087175 0.432168 0.002310 0.004619
0 0.089504 0.431052 0.002026 0.004253
0 0.088948 0.454895 0.002534 0.006177
0 0.086467 0.462642 0.002026 0.003643
0 0.099175 0.471196 0.001924 0.004150
0 0.098413 0.475195 0.002227 0.003643
0 0.091936 0.471550 0.002632 0.002427
0 0.094514 0.467703 0.002329 0.002632
0 0.096643 0.469324 0.001519 0.002837
0 0.106362 0.466287 0.002129 0.004253
0 0.086372 0.478276 0.001660 0.002783
0 0.086934 0.482109 0.001514 0.003027
0 0.085396 0.484014 0.001270 0.002637
0 0.088767 0.438494 0.001216 0.002329
0 0.089468 0.411831 0.002051 0.003691
0 0.087476 0.419155 0.001113 0.003691
0 0.089146 0.419771 0.001758 0.003047
0 0.121289 0.409551 0.002275 0.003291
0 0.123821 0.413599 0.001938 0.002949
0 0.136013 0.474663 0.001685 0.005146
0 0.124399 0.466165 0.002041 0.003999
0 0.139775 0.445662 0.002129 0.005571
0 0.142915 0.380896 0.002979 0.004722
0 0.120498 0.373782 0.001689 0.002866
0 0.120708 0.376863 0.001436 0.002954
0 0.121245 0.511191 0.001611 0.002539
0 0.096719 0.531821 0.001934 0.002109
0 0.088003 0.502217 0.002227 0.002812
0 0.088237 0.505937 0.001172 0.002754
0 0.088206 0.509424 0.001343 0.003633
0 0.089966 0.510244 0.001699 0.003398
0 0.106040 0.509873 0.001953 0.005078
0 0.108167 0.508823 0.001519 0.002295
0 0.110850 0.505894 0.002100 0.003564
0 0.108311 0.504624 0.001611 0.003467
0 0.106506 0.498545 0.001616 0.003125
0 0.108752 0.498789 0.002388 0.002832
0 0.110459 0.496177 0.001709 0.001904
0 0.086831 0.544329 0.001826 0.003237
0 0.105247 0.531995 0.002339 0.004585
0 0.102480 0.536328 0.001074 0.002051
0 0.108313 0.559451 0.002866 0.004048
0 0.084763 0.530837 0.002446 0.003374
0 0.093875 0.523918 0.001772 0.004048
0 0.101851 0.548650 0.001689 0.005571
0 0.101765 0.539114 0.001353 0.003882
0 0.099951 0.544641 0.001436 0.003794
0 0.130574 0.498025 0.002065 0.004985
0 0.122114 0.544077 0.001641 0.003457
0 0.122759 0.539624 0.001641 0.002520
0 0.108044 0.552329 0.001821 0.003037
0 0.102029 0.585107 0.004302 0.007510
0 0.101709 0.593792 0.002246 0.005132
0 0.100762 0.597869 0.001758 0.002739
0 0.104768 0.603633 0.001479 0.002461
0 0.106455 0.607607 0.002041 0.002812
0 0.103149 0.614216 0.002178 0.004644
0 0.107617 0.603599 0.002812 0.003516
0 0.105461 0.625701 0.002954 0.003882
0 0.130488 0.615454 0.002178 0.004785
0 0.099868 0.608562 0.001406 0.002251
0 0.100920 0.610918 0.001548 0.002178
0 0.100640 0.606067 0.001826 0.002603
0 0.100186 0.602588 0.001758 0.002812
0 0.088757 0.603044 0.001968 0.002739
0 0.082253 0.604941 0.002319 0.004287
0 0.081409 0.608457 0.001196 0.002041
0 0.081482 0.610461 0.001616 0.002251
0 0.090078 0.644282 0.002178 0.004922
0 0.079792 0.652932 0.001685 0.004009
0 0.079404 0.658345 0.001758 0.004570
0 0.101211 0.657402 0.002109 0.003447
0 0.102510 0.662148 0.002178 0.004922
0 0.102883 0.671206 0.002974 0.006475
0 0.099995 0.673044 0.002100 0.002798
0 0.100522 0.677419 0.002100 0.003149
0 0.106035 0.677505 0.001924 0.003320
0 0.096235 0.682666 0.003672 0.003848
0 0.086787 0.687651 0.001924 0.004023
0 0.091511 0.683367 0.002622 0.003853
0 0.102507 0.638320 0.001821 0.005830
0 0.102568 0.646948 0.002432 0.006563
0 0.114292 0.635708 0.002305 0.004736
0 0.089497 0.721711 0.001943 0.004048
0 0.091650 0.717957 0.001689 0.002446
0 0.104653 0.713198 0.002363 0.006074
0 0.098704 0.727964 0.002446 0.005400
0 0.100181 0.734248 0.002363 0.003457
0 0.100645 0.737583 0.002275 0.002871
0 0.097859 0.735937 0.001772 0.002783
0 0.095540 0.734460 0.002026 0.003208
0 0.100886 0.720684 0.001685 0.002676
0 0.109326 0.749841 0.002363 0.003716
0 0.111521 0.752500 0.002026 0.003291
0 0.113464 0.754651 0.001528 0.001860
0 0.100071 0.754055 0.002192 0.004146
0 0.091548 0.756804 0.001855 0.002192
0 0.087329 0.758406 0.002021 0.004722
0 0.091506 0.762834 0.001606 0.003120
0 0.094351 0.786223 0.003037 0.003882
0 0.089329 0.789263 0.003120 0.003037
0 0.106711 0.781079 0.003120 0.006074
0 0.092280 0.805798 0.002100 0.005249
0 0.109072 0.740493 0.002949 0.004219
0 0.106511 0.786414 0.001968 0.002671
0 0.103516 0.781006 0.002461 0.003516
0 0.083516 0.838582 0.002744 0.004048
0 0.071665 0.873108 0.002529 0.006479
0 0.083608 0.916533 0.001768 0.004307
0 0.073230 0.910920 0.002446 0.003374
0 0.074536 0.942048 0.003770 0.007046
0 0.335400 0.953025 0.004082 0.003208
0 0.336274 0.947703 0.002627 0.006851
0 0.330078 0.905637 0.001895 0.003208
0 0.331099 0.908118 0.001895 0.002046
0 0.305134 0.787717 0.001685 0.004897
0 0.304639 0.771709 0.001367 0.002979
0 0.304150 0.768364 0.001172 0.003320
0 0.306104 0.752788 0.001660 0.004004
0 0.309009 0.752812 0.001221 0.002393
0 0.305986 0.727432 0.001807 0.005566
0 0.307695 0.723550 0.001611 0.002881
0 0.307988 0.726504 0.001416 0.002539
0 0.352246 0.735793 0.001826 0.002739
0 0.354778 0.731646 0.001685 0.003867
0 0.355691 0.735479 0.001548 0.003799
0 0.352686 0.721309 0.001875 0.005215
0 0.309380 0.699995 0.001582 0.002520
0 0.309849 0.696216 0.001699 0.003164
0 0.307651 0.696743 0.001406 0.003281
0 0.355928 0.701362 0.001943 0.004463
0 0.357952 0.700098 0.001772 0.003467
0 0.355886 0.696685 0.001519 0.002529
0 0.356089 0.692344 0.001563 0.003613
0 0.358091 0.691245 0.001270 0.002393
0 0.356479 0.688511 0.001562 0.003174
0 0.306826 0.683762 0.001689 0.001831
0 0.307141 0.682004 0.001333 0.001831
0 0.310720 0.652439 0.001519 0.003462
0 0.359556 0.667173 0.001289 0.001934
0 0.356978 0.653130 0.001709 0.002930
0 0.358345 0.644854 0.001221 0.003467
0 0.358394 0.650811 0.001709 0.002490
0 0.356577 0.625776 0.001113 0.002109
0 0.358394 0.626743 0.001582 0.003457
0 0.358013 0.630552 0.001289 0.002285
0 0.356760 0.680986 0.001509 0.002529
0 0.310623 0.637151 0.001899 0.003657
0 0.311536 0.640913 0.002036 0.003164
0 0.311768 0.626255 0.001992 0.002578
0 0.311855 0.628950 0.001582 0.002695
0 0.313145 0.618345 0.001348 0.002578
0 0.310569 0.604548 0.001938 0.004556
0 0.310989 0.611589 0.001772 0.004126
0 0.310356 0.615854 0.001855 0.003711
0 0.360317 0.614641 0.001699 0.002310
0 0.313484 0.589285 0.002534 0.004360
0 0.310845 0.586155 0.002461 0.006958
0 0.311655 0.570266 0.001826 0.003306
0 0.311851 0.562615 0.002432 0.005874
0 0.315144 0.530234 0.002603 0.003936
0 0.313281 0.523940 0.002109 0.003164
0 0.351885 0.432683 0.003643 0.005835
0 0.352432 0.377437 0.002432 0.004492
0 0.352554 0.382236 0.002432 0.004375
0 0.319243 0.393718 0.001689 0.003306
0 0.318081 0.396636 0.001475 0.003799
0 0.318284 0.338230 0.002183 0.005103
0 0.370845 0.269946 0.002539 0.003887
0 0.320732 0.261624 0.002432 0.005952
0 0.321035 0.243884 0.002549 0.004253
0 0.321794 0.220288 0.001519 0.003643
0 0.321843 0.224998 0.001821 0.004351
0 0.357625 0.196526 0.002427 0.004048
0 0.358586 0.181895 0.002124 0.005166
0 0.327717 0.153384 0.002476 0.006123
0 0.362271 0.112197 0.002187 0.006270
0 0.363364 0.117227 0.002627 0.004375
0 0.368250 0.115840 0.002769 0.003643
0 0.371748 0.115913 0.001895 0.005537
0 0.366646 0.106873 0.001309 0.002622
0 0.367886 0.110010 0.002334 0.002187
0 0.361338 0.074790 0.002529 0.004639
0 0.358508 0.054287 0.002446 0.004473
0 0.358257 0.048467 0.001943 0.003291
