0 0.187363 0.247976 0.004355 0.013794
0 0.161047 0.212769 0.003267 0.009072
0 0.184819 0.195164 0.004355 0.011616
0 0.184143 0.191165 0.004175 0.017134
0 0.156421 0.190808 0.003330 0.012524
0 0.159773 0.198882 0.009077 0.002373
0 0.135625 0.189116 0.003633 0.010215
0 0.133098 0.192444 0.002905 0.005806
0 0.132734 0.211589 0.003633 0.008169
0 0.089453 0.231008 0.003447 0.007075
0 0.077412 0.236450 0.003086 0.006670
0 0.054292 0.244534 0.003154 0.012349
0 0.046782 0.249573 0.003154 0.013188
0 0.006338 0.267976 0.002773 0.007563
0 0.143992 0.197351 0.002720 0.005142
0 0.140171 0.185198 0.002422 0.003979
0 0.142859 0.189031 0.003481 0.003022
0 0.102776 0.163611 0.002437 0.007866
0 0.084709 0.153945 0.003325 0.010283
0 0.078809 0.153716 0.001816 0.005293
0 0.057310 0.141492 0.003027 0.010366
0 0.055747 0.136704 0.002871 0.009072
0 0.218591 0.285703 0.003042 0.006719
0 0.269500 0.353652 0.003276 0.010205
0 0.284221 0.144746 0.007505 0.006396
0 0.217959 0.176038 0.011074 0.003813
0 0.229121 0.168052 0.005811 0.003086
0 0.244365 0.162063 0.003633 0.004536
0 0.252986 0.160249 0.008530 0.003447
0 0.310969 0.135476 0.009077 0.002905
0 0.321858 0.127490 0.007622 0.004355
0 0.330388 0.127036 0.003628 0.003447
0 0.290007 0.070596 0.008892 0.005264
0 0.310605 0.079036 0.010166 0.005083
0 0.329663 0.054807 0.002900 0.006353
0 0.326577 0.046458 0.002900 0.004897
0 0.321313 0.039561 0.003994 0.007803
0 0.338169 0.072075 0.002900 0.009619
0 0.344832 0.082588 0.003276 0.011846
0 0.339819 0.121753 0.006475 0.002451
0 0.348826 0.093450 0.003530 0.004282
0 0.359033 0.108450 0.003027 0.006050
0 0.393933 0.100850 0.005981 0.004668
0 0.386558 0.148232 0.003447 0.010527
0 0.385771 0.155913 0.002207 0.002520
0 0.394055 0.161140 0.003149 0.011245
0 0.403677 0.172925 0.003994 0.011133
0 0.407405 0.182957 0.002837 0.007876
0 0.419170 0.194875 0.004307 0.011763
0 0.424314 0.205537 0.003042 0.005986
0 0.439944 0.230320 0.003022 0.015376
0 0.445125 0.235725 0.003022 0.015220
0 0.445869 0.231768 0.002773 0.006680
0 0.452434 0.239788 0.003022 0.012544
0 0.470935 0.269473 0.003325 0.006807
0 0.475471 0.279680 0.003022 0.004233
0 0.491125 0.298223 0.004692 0.014668
0 0.506658 0.331086 0.003784 0.007710
0 0.515986 0.344102 0.003330 0.005566
0 0.526104 0.359526 0.003047 0.012324
0 0.524258 0.362402 0.002939 0.006826
0 0.533269 0.379060 0.004663 0.009575
0 0.534946 0.391531 0.002363 0.005503
0 0.539412 0.399492 0.006040 0.008838
0 0.551997 0.423369 0.003574 0.005107
0 0.553748 0.429788 0.006929 0.006421
0 0.554915 0.436387 0.004741 0.005176
0 0.558667 0.443135 0.006855 0.007734
0 0.575503 0.481873 0.004287 0.005923
0 0.581426 0.493406 0.006045 0.009829
0 0.600681 0.539534 0.005747 0.006050
0 0.607046 0.553337 0.004375 0.007222
0 0.607703 0.561106 0.003940 0.006274
0 0.611458 0.565627 0.004155 0.006274
0 0.622468 0.589570 0.004292 0.007178
0 0.623037 0.598147 0.004375 0.008755
0 0.630391 0.612280 0.004551 0.008838
0 0.635278 0.626843 0.003008 0.010327
0 0.646489 0.652510 0.003936 0.005596
0 0.650574 0.655610 0.003022 0.003027
0 0.352083 0.531555 0.006099 0.008931
0 0.285117 0.375457 0.005547 0.006050
0 0.289275 0.384402 0.003276 0.005796
0 0.433120 0.758003 0.005879 0.015684
0 0.411248 0.088157 0.007183 0.003784
0 0.417737 0.086013 0.006050 0.003022
0 0.451135 0.073096 0.004790 0.002646
0 0.478230 0.064714 0.010083 0.002524
0 0.495371 0.058225 0.005547 0.002397
0 0.515916 0.042407 0.011343 0.003027
0 0.534568 0.025393 0.006802 0.003276
0 0.566077 0.022280 0.013989 0.002871
0 0.680801 0.145540 0.004141 0.004575
0 0.726409 0.287412 0.003276 0.002646
0 0.738372 0.359236 0.002622 0.002427
0 0.747324 0.427979 0.004111 0.004287
0 0.773940 0.485896 0.002695 0.002993
0 0.823740 0.609744 0.005254 0.005249
0 0.828552 0.608562 0.004028 0.003062
