0 0.782288 0.322844 0.007290 0.005835
0 0.783818 0.331956 0.004229 0.003940
0 0.792639 0.332175 0.002915 0.002915
0 0.789067 0.308848 0.003643 0.006709
0 0.777332 0.285227 0.003794 0.007876
0 0.785059 0.294558 0.002041 0.004663
0 0.775508 0.275676 0.002188 0.005103
0 0.760054 0.245715 0.002480 0.004663
0 0.755752 0.237258 0.001748 0.004956
0 0.755752 0.229314 0.002041 0.005688
0 0.755242 0.221440 0.001899 0.005977
0 0.791609 0.351245 0.001772 0.003037
0 0.803811 0.385527 0.002632 0.005264
0 0.805735 0.394690 0.002026 0.002935
0 0.819939 0.397046 0.002671 0.006563
0 0.824558 0.415212 0.002671 0.007896
0 0.834543 0.436133 0.002427 0.005225
0 0.833862 0.460615 0.002188 0.004736
0 0.839209 0.457700 0.002188 0.004736
0 0.846196 0.461831 0.002549 0.009355
0 0.842126 0.446462 0.001704 0.004370
0 0.852637 0.508066 0.003496 0.003789
0 0.859854 0.519951 0.002773 0.006270
0 0.876038 0.520898 0.002769 0.006416
0 0.861821 0.506025 0.002627 0.006123
0 0.867708 0.507622 0.002935 0.004355
0 0.732207 0.184338 0.005771 0.006294
0 0.701399 0.090081 0.005669 0.007134
0 0.685232 0.061108 0.007349 0.006299
0 0.780574 0.306836 0.002632 0.005469
0 0.869773 0.501494 0.002446 0.007002
0 0.885549 0.549966 0.001938 0.003203
0 0.877632 0.545532 0.002402 0.004922
0 0.886406 0.571047 0.002529 0.004780
0 0.888059 0.577236 0.002739 0.004502
0 0.884248 0.553960 0.001406 0.002109
0 0.904900 0.588552 0.002632 0.010630
0 0.892800 0.599639 0.003140 0.004053
0 0.909556 0.603843 0.003037 0.010430
0 0.913604 0.604600 0.003037 0.008301
0 0.922163 0.620649 0.002734 0.009414
0 0.900847 0.613105 0.002026 0.008096
0 0.902922 0.612446 0.002124 0.006377
0 0.920981 0.629321 0.002783 0.007090
0 0.916094 0.637219 0.001689 0.007114
0 0.926833 0.641868 0.002954 0.011831
0 0.931509 0.661443 0.001924 0.004351
0 0.951475 0.675901 0.002187 0.003159
0 0.960710 0.688418 0.003647 0.003887
0 0.929934 0.674504 0.002427 0.007046
0 0.940977 0.683035 0.002451 0.004302
0 0.935535 0.670208 0.001860 0.005991
0 0.938149 0.673669 0.001348 0.001938
0 0.930937 0.654895 0.002783 0.004722
0 0.909875 0.638965 0.002612 0.005400
0 0.933457 0.682993 0.002812 0.004990
0 0.943459 0.681294 0.001968 0.008828
0 0.952563 0.704590 0.002490 0.005469
0 0.958005 0.712310 0.002554 0.008145
0 0.956257 0.717937 0.002085 0.009175
0 0.951531 0.713857 0.002368 0.003223
0 0.955388 0.728562 0.003413 0.005952
0 0.973982 0.758535 0.002524 0.012588
0 0.986765 0.751362 0.002622 0.007559
0 0.984250 0.763452 0.002310 0.008535
0 0.981936 0.762756 0.002202 0.010396
0 0.989749 0.790903 0.002837 0.009033
0 0.990693 0.802246 0.003047 0.008193
0 0.995210 0.807710 0.003252 0.011133
0 0.991218 0.813013 0.001997 0.003252
0 0.969111 0.793848 0.002041 0.005762
0 0.970461 0.801028 0.002554 0.003647
0 0.977756 0.810037 0.002407 0.006636
0 0.981438 0.816055 0.001899 0.007002
0 0.994465 0.826172 0.002729 0.004199
0 0.960193 0.763550 0.002671 0.005527
0 0.957915 0.767107 0.001885 0.003403
0 0.961978 0.783936 0.002363 0.005254
0 0.969727 0.735122 0.002432 0.003770
0 0.971277 0.732329 0.002612 0.005469
0 0.914827 0.649712 0.001821 0.003096
0 0.852576 0.482883 0.001870 0.002886
0 0.770532 0.259116 0.002441 0.003223
0 0.521433 0.188130 0.003745 0.005771
0 0.483755 0.197058 0.001855 0.004048
0 0.486416 0.196636 0.001943 0.007930
0 0.497681 0.155674 0.003037 0.004131
0 0.468779 0.154451 0.002783 0.005229
0 0.490210 0.134155 0.004922 0.005342
0 0.454487 0.113796 0.003877 0.006665
0 0.460896 0.069338 0.004497 0.003647
0 0.537461 0.224690 0.005820 0.005991
0 0.535393 0.211995 0.003374 0.006919
0 0.523245 0.265479 0.002700 0.006074
0 0.549028 0.314358 0.001602 0.003794
0 0.574048 0.311699 0.002529 0.004219
0 0.574072 0.320474 0.002227 0.005469
0 0.576655 0.321892 0.002129 0.004253
0 0.582427 0.340215 0.003135 0.008506
0 0.595691 0.344370 0.003345 0.003848
0 0.601030 0.357781 0.002617 0.006577
0 0.557319 0.334932 0.002109 0.006299
0 0.554834 0.336143 0.002871 0.004639
0 0.569858 0.365728 0.002197 0.004795
0 0.583374 0.387678 0.002432 0.005229
0 0.585637 0.351609 0.001831 0.004995
0 0.601543 0.416768 0.002002 0.001709
0 0.604229 0.419087 0.002588 0.006152
0 0.610522 0.427581 0.002812 0.007173
0 0.612842 0.434121 0.002109 0.005625
0 0.614670 0.442278 0.001548 0.005200
0 0.616252 0.447307 0.002036 0.005132
0 0.634946 0.485459 0.003164 0.004219
0 0.654812 0.495583 0.003374 0.005483
0 0.661348 0.514958 0.003037 0.007085
0 0.644939 0.517871 0.002446 0.006836
0 0.645867 0.512385 0.001606 0.002446
0 0.656211 0.539365 0.003516 0.009424
0 0.668489 0.569812 0.002837 0.003140
0 0.665149 0.570217 0.003442 0.007798
0 0.675000 0.594395 0.002129 0.008809
0 0.680215 0.605024 0.002432 0.005771
0 0.691084 0.629119 0.002275 0.004048
0 0.693833 0.645176 0.002275 0.003291
0 0.697798 0.655596 0.002109 0.004385
0 0.703748 0.668713 0.003540 0.003628
0 0.707966 0.685247 0.002427 0.004761
0 0.708828 0.695422 0.001924 0.007290
0 0.713738 0.698408 0.002026 0.008809
0 0.717839 0.713647 0.001724 0.003848
0 0.721279 0.717847 0.001924 0.002734
0 0.731792 0.753140 0.003037 0.004131
0 0.726445 0.750527 0.004492 0.008623
0 0.740806 0.779304 0.002021 0.003628
0 0.745488 0.795125 0.002451 0.006245
0 0.751267 0.812676 0.002192 0.007090
0 0.753757 0.813984 0.001938 0.004639
0 0.749285 0.806980 0.001938 0.005317
0 0.757805 0.823308 0.002446 0.005229
0 0.750762 0.824741 0.001855 0.004385
0 0.777441 0.852595 0.003125 0.009536
0 0.764624 0.867832 0.001436 0.002783
0 0.766890 0.875129 0.001709 0.007339
0 0.769207 0.875266 0.002700 0.008608
0 0.797078 0.884390 0.002446 0.009805
0 0.805544 0.895667 0.001606 0.003237
0 0.805532 0.913403 0.002227 0.005059
0 0.724902 0.731492 0.001855 0.004136
0 0.726040 0.736089 0.001436 0.003545
0 0.633965 0.444353 0.004521 0.007876
0 0.624197 0.462795 0.002476 0.006851
0 0.612607 0.384414 0.004521 0.003936
0 0.272466 0.213940 0.002979 0.005771
0 0.258193 0.182603 0.002432 0.003848
0 0.259207 0.166047 0.002026 0.002935
0 0.300662 0.211760 0.002310 0.005103
0 0.316106 0.250942 0.002310 0.003037
0 0.317258 0.256230 0.002183 0.006563
0 0.322847 0.266497 0.001943 0.003765
0 0.326763 0.316130 0.003164 0.005483
0 0.340508 0.313916 0.001826 0.004854
0 0.344653 0.326655 0.001963 0.003232
0 0.333677 0.345410 0.004053 0.007793
0 0.332461 0.384897 0.002734 0.002734
0 0.344790 0.395513 0.002461 0.006191
0 0.351084 0.409856 0.003799 0.008716
0 0.356531 0.424023 0.002603 0.009072
0 0.376941 0.442310 0.002017 0.006504
0 0.368567 0.446602 0.001724 0.003340
0 0.366387 0.450293 0.001953 0.002490
0 0.371978 0.466245 0.001699 0.004980
0 0.377866 0.482300 0.001875 0.004160
0 0.385444 0.524687 0.002051 0.006914
0 0.376333 0.529668 0.002109 0.005625
0 0.399009 0.524365 0.001641 0.004512
0 0.389868 0.527676 0.001641 0.006094
0 0.385210 0.514521 0.001816 0.005918
0 0.400327 0.528467 0.001465 0.005215
0 0.407354 0.505002 0.002246 0.002671
0 0.384624 0.486162 0.002109 0.003164
0 0.399121 0.559951 0.002051 0.005469
0 0.395964 0.563230 0.002427 0.006782
0 0.408267 0.577310 0.002246 0.004688
0 0.413936 0.603232 0.001719 0.002432
0 0.412520 0.604954 0.001719 0.002026
0 0.453240 0.609482 0.003237 0.004756
0 0.431218 0.635168 0.002446 0.005229
0 0.427671 0.632004 0.002109 0.003628
0 0.432109 0.648977 0.002529 0.005415
0 0.434888 0.654707 0.001895 0.006895
0 0.440198 0.660964 0.001968 0.004360
0 0.462612 0.713008 0.003096 0.003584
0 0.509314 0.808518 0.003286 0.004556
0 0.511592 0.831025 0.002227 0.005566
0 0.515854 0.782720 0.002021 0.003340
0 0.468665 0.757744 0.001665 0.009922
0 0.474370 0.764746 0.001924 0.007607
0 0.548044 0.891563 0.003677 0.006475
0 0.568896 0.927390 0.002480 0.003208
0 0.534353 0.933882 0.001821 0.004131
0 0.547639 0.962844 0.001899 0.003794
0 0.562722 0.959294 0.002954 0.003306
0 0.575027 0.976160 0.002192 0.007173
