0 0.101909 0.433918 0.002451 0.002700
0 0.087524 0.464082 0.001855 0.003965
0 0.356167 0.049048 0.001816 0.006152
0 0.066890 0.601309 0.001475 0.003096
0 0.070195 0.593926 0.002041 0.004922
0 0.094600 0.124844 0.003369 0.003613
0 0.095576 0.129141 0.002490 0.003223
0 0.098538 0.075215 0.003726 0.004990
0 0.304160 0.361968 0.001270 0.002930
0 0.302468 0.365908 0.001265 0.002363
0 0.302214 0.361606 0.001772 0.004219
0 0.339434 0.251624 0.001348 0.002612
0 0.351448 0.197903 0.002534 0.004976
0 0.308145 0.200911 0.002432 0.005366
0 0.310129 0.079441 0.001616 0.003022
0 0.307935 0.147603 0.001465 0.003809
0 0.307700 0.235728 0.001875 0.003457
0 0.323923 0.370188 0.002446 0.003794
0 0.301553 0.321245 0.001826 0.004053
0 0.300679 0.355400 0.001406 0.004102
0 0.321355 0.347864 0.001519 0.003442
0 0.300293 0.361494 0.001221 0.002148
0 0.299814 0.436323 0.001465 0.003047
0 0.301606 0.443083 0.001943 0.003403
0 0.334817 0.565574 0.001519 0.002280
0 0.335957 0.557981 0.001436 0.002612
0 0.332834 0.549734 0.002554 0.004009
0 0.115259 0.075593 0.002109 0.006157
0 0.088613 0.208945 0.001230 0.002285
0 0.088320 0.198545 0.001699 0.002227
0 0.107444 0.324263 0.002280 0.003379
0 0.080474 0.394226 0.003242 0.004155
0 0.071072 0.459761 0.001870 0.004160
0 0.068645 0.489387 0.001519 0.001714
0 0.119822 0.481658 0.002915 0.005952
0 0.120137 0.418879 0.002549 0.003521
0 0.123442 0.379221 0.001943 0.002915
0 0.123015 0.376184 0.001821 0.002671
0 0.067876 0.593152 0.001758 0.005347
0 0.071052 0.579741 0.002192 0.004385
0 0.070798 0.575186 0.002026 0.004727
0 0.070967 0.570461 0.002363 0.004390
0 0.099741 0.540676 0.003584 0.005835
0 0.098298 0.547532 0.003657 0.005903
0 0.117678 0.421514 0.001899 0.007031
0 0.075503 0.404385 0.002002 0.005029
0 0.081196 0.404561 0.002100 0.004150
0 0.077026 0.378457 0.002402 0.007500
0 0.085386 0.294639 0.002832 0.003906
0 0.083848 0.299570 0.002100 0.005371
0 0.088330 0.194487 0.001826 0.004922
0 0.087627 0.213682 0.003232 0.003652
0 0.086958 0.203804 0.002178 0.005977
0 0.092407 0.211677 0.004355 0.002739
0 0.084250 0.217515 0.002388 0.007803
0 0.087874 0.218745 0.002603 0.005625
0 0.089067 0.225071 0.002324 0.006470
0 0.084812 0.224229 0.001968 0.004082
0 0.130327 0.201431 0.002148 0.003027
0 0.130083 0.197598 0.001855 0.003662
0 0.128203 0.197891 0.001318 0.003857
0 0.127983 0.194058 0.001758 0.003613
0 0.125630 0.205747 0.002051 0.004570
0 0.116094 0.186230 0.002520 0.004512
0 0.117734 0.190654 0.002520 0.004102
0 0.118936 0.194990 0.001641 0.003867
0 0.117031 0.200146 0.001816 0.006211
0 0.314883 0.067490 0.002227 0.006855
0 0.358611 0.144104 0.001938 0.007427
0 0.303645 0.385806 0.001440 0.003291
0 0.300757 0.425640 0.002617 0.004727
0 0.315156 0.498752 0.004619 0.008384
0 0.344497 0.503735 0.004980 0.005713
0 0.309736 0.480193 0.003164 0.006538
0 0.112104 0.140574 0.002793 0.005952
0 0.120132 0.150947 0.002461 0.007031
0 0.120361 0.116770 0.004219 0.010054
0 0.115933 0.109246 0.001826 0.008647
0 0.116287 0.117651 0.002251 0.004922
0 0.115264 0.127493 0.002461 0.007173
0 0.067454 0.597756 0.001479 0.003306
0 0.119082 0.206064 0.002402 0.006328
0 0.114131 0.205479 0.003633 0.007031
0 0.109536 0.156541 0.003203 0.007173
0 0.106836 0.163926 0.003037 0.007930
0 0.121204 0.348203 0.002065 0.003887
0 0.118826 0.325679 0.001724 0.003545
0 0.072732 0.329045 0.002026 0.003120
0 0.129319 0.207148 0.001870 0.004277
0 0.093503 0.099075 0.003062 0.005103
0 0.111672 0.071694 0.002710 0.006826
0 0.112810 0.066182 0.002886 0.004375
0 0.110381 0.021318 0.002627 0.004834
0 0.113218 0.022053 0.003047 0.005249
0 0.131982 0.107305 0.001699 0.004375
0 0.106951 0.213474 0.003647 0.003950
0 0.119019 0.080073 0.001855 0.004131
0 0.131838 0.089504 0.001333 0.002671
0 0.130039 0.123018 0.001289 0.002578
0 0.128711 0.181802 0.001514 0.002197
0 0.129114 0.185671 0.001421 0.002837
0 0.132991 0.236133 0.001333 0.002178
0 0.117124 0.270388 0.002109 0.004390
0 0.111899 0.613789 0.002187 0.004736
0 0.086484 0.297886 0.001855 0.002617
0 0.089272 0.275706 0.001758 0.002671
0 0.084258 0.273813 0.002520 0.004922
0 0.126335 0.249937 0.002612 0.003711
0 0.122405 0.263633 0.002192 0.005146
0 0.118025 0.304231 0.002280 0.003794
0 0.100674 0.560142 0.001416 0.002979
0 0.099917 0.557432 0.001270 0.002051
0 0.098926 0.553889 0.001338 0.003022
0 0.115103 0.674150 0.002529 0.004639
0 0.109629 0.630300 0.001855 0.003208
0 0.110815 0.623596 0.002793 0.004741
0 0.071016 0.448628 0.001719 0.005469
0 0.117480 0.490139 0.002227 0.004761
0 0.069587 0.550444 0.002632 0.003242
0 0.074346 0.536321 0.001621 0.004966
0 0.090967 0.522146 0.002617 0.004390
0 0.122244 0.411091 0.001606 0.002446
0 0.304648 0.358306 0.001758 0.003906
0 0.300059 0.433047 0.001416 0.002783
0 0.308589 0.485696 0.002529 0.006987
