0 0.340623 0.566638 0.002192 0.008687
0 0.345449 0.515762 0.001758 0.002246
0 0.348740 0.514075 0.002637 0.011528
0 0.342056 0.549846 0.002363 0.003628
0 0.349294 0.158933 0.006968 0.008491
0 0.353274 0.245518 0.002524 0.004912
0 0.354089 0.306028 0.002417 0.006353
0 0.356812 0.328184 0.002422 0.006504
0 0.358477 0.341794 0.001816 0.006499
0 0.356606 0.361499 0.001572 0.003936
0 0.355693 0.392312 0.002842 0.008462
0 0.352410 0.397236 0.002261 0.004307
0 0.360217 0.395159 0.002261 0.004233
0 0.356135 0.420889 0.003501 0.007354
0 0.356299 0.434165 0.002100 0.003174
0 0.356665 0.439390 0.002051 0.006982
0 0.350005 0.496372 0.002363 0.005146
0 0.344209 0.570562 0.004307 0.009453
0 0.341694 0.598625 0.003037 0.009448
0 0.346340 0.663062 0.002632 0.004961
0 0.343660 0.661697 0.002329 0.005669
0 0.344429 0.701892 0.002129 0.002632
0 0.344976 0.691150 0.001719 0.002837
0 0.347051 0.694033 0.001826 0.001924
0 0.345562 0.801633 0.002227 0.010024
0 0.345005 0.810896 0.001924 0.008101
0 0.347031 0.810188 0.001924 0.005874
0 0.345188 0.834011 0.001919 0.010024
0 0.346069 0.901233 0.002529 0.007798
0 0.348601 0.895210 0.001519 0.001621
0 0.345986 0.934065 0.004639 0.007173
0 0.345176 0.944470 0.003164 0.009282
0 0.349397 0.947915 0.001616 0.004219
0 0.351118 0.959236 0.003379 0.004497
0 0.346091 0.976919 0.002886 0.006963
0 0.345740 0.984480 0.002183 0.007593
0 0.348972 0.986340 0.001616 0.004009
0 0.350801 0.984971 0.002178 0.007871
0 0.572241 0.207498 0.003135 0.003442
0 0.574385 0.251042 0.003711 0.010972
0 0.570671 0.265217 0.002534 0.003042
0 0.574089 0.287620 0.003628 0.012231
0 0.573459 0.341738 0.003062 0.006416
0 0.578579 0.366035 0.002734 0.008809
0 0.578882 0.373528 0.002529 0.005366
0 0.579036 0.379045 0.002837 0.006274
0 0.579338 0.385728 0.002026 0.006680
0 0.575391 0.372617 0.002227 0.005771
0 0.575625 0.406924 0.002109 0.005908
0 0.580054 0.406755 0.001689 0.005063
0 0.580730 0.395662 0.002026 0.005991
0 0.580391 0.401482 0.002529 0.004976
0 0.581782 0.406926 0.001602 0.005063
0 0.580371 0.447585 0.002393 0.009419
0 0.583535 0.443015 0.002529 0.007876
0 0.583569 0.451875 0.002881 0.008574
0 0.581462 0.460981 0.003022 0.007666
0 0.586975 0.627683 0.004370 0.003501
0 0.602322 0.844817 0.004858 0.007495
0 0.599995 0.850032 0.002432 0.005571
0 0.602878 0.851194 0.003140 0.004048
0 0.600195 0.864307 0.002432 0.005977
0 0.597058 0.872253 0.004253 0.007290
0 0.600095 0.870635 0.002026 0.006279
0 0.601460 0.876152 0.001924 0.009619
0 0.598010 0.903254 0.002065 0.016401
0 0.597097 0.916255 0.002427 0.004980
0 0.604692 0.906228 0.003037 0.007534
0 0.604631 0.913701 0.002671 0.003770
0 0.598374 0.937151 0.002549 0.012515
0 0.603901 0.933811 0.002432 0.008745
0 0.605481 0.944502 0.002671 0.004863
0 0.600134 0.953857 0.002915 0.012637
0 0.602747 0.960359 0.002798 0.012759
0 0.603633 0.980149 0.002793 0.008989
0 0.603816 0.998337 0.002671 0.003325
0 0.821526 0.551458 0.003149 0.005249
0 0.817063 0.573328 0.002622 0.003501
0 0.826526 0.685137 0.005103 0.004736
0 0.828940 0.756558 0.002432 0.003242
0 0.831301 0.829927 0.004497 0.003770
0 0.834277 0.867715 0.002920 0.002793
0 0.831423 0.873425 0.004009 0.003765
0 0.833828 0.882512 0.004492 0.006440
0 0.835347 0.897273 0.002676 0.003159
0 0.840803 0.984075 0.004009 0.002798
