0 0.304309 0.901262 0.004136 0.004048
0 0.286335 0.872776 0.003120 0.004556
0 0.272761 0.848486 0.002280 0.003037
0 0.129365 0.652510 0.002285 0.003926
0 0.143369 0.684617 0.001934 0.003042
0 0.184814 0.716909 0.004219 0.005234
0 0.223701 0.769043 0.001992 0.002578
0 0.570078 0.955786 0.002402 0.002285
0 0.202024 0.771980 0.002427 0.002427
0 0.205793 0.817490 0.004810 0.003047
0 0.200981 0.808416 0.002783 0.004556
0 0.185642 0.791743 0.002329 0.003643
0 0.179146 0.778386 0.002041 0.005103
0 0.161433 0.767014 0.004810 0.005396
0 0.173899 0.754983 0.003208 0.004663
0 0.221709 0.767520 0.001641 0.003047
0 0.464526 0.762920 0.002812 0.002881
0 0.311543 0.511624 0.001895 0.002319
0 0.330508 0.540937 0.002227 0.002939
0 0.376470 0.679277 0.002744 0.003379
0 0.132517 0.666885 0.001704 0.003037
0 0.277463 0.911982 0.001616 0.003164
0 0.345417 0.994207 0.002603 0.003022
0 0.274888 0.877012 0.001602 0.002949
0 0.264890 0.833643 0.002329 0.003242
0 0.083042 0.564026 0.004023 0.002974
0 0.264771 0.898174 0.003564 0.002490
0 0.280825 0.934807 0.003291 0.004048
0 0.332642 0.549883 0.002197 0.003291
0 0.347507 0.616587 0.004390 0.007090
0 0.351050 0.620383 0.003037 0.006411
0 0.397124 0.702383 0.002695 0.003223
0 0.411523 0.729976 0.002686 0.003760
0 0.454470 0.777214 0.004858 0.004048
0 0.638604 0.988701 0.002344 0.003633
0 0.625508 0.956567 0.002881 0.005811
0 0.622021 0.947568 0.002178 0.002598
0 0.530889 0.900217 0.003906 0.005024
0 0.501973 0.855562 0.004639 0.005664
0 0.482920 0.826223 0.002520 0.004155
0 0.500530 0.795693 0.001821 0.002529
0 0.430981 0.758652 0.003447 0.004570
0 0.433142 0.724749 0.002603 0.002739
0 0.423074 0.704761 0.002837 0.004150
0 0.367285 0.662734 0.002754 0.003223
0 0.364707 0.655908 0.002285 0.002695
0 0.367695 0.580859 0.004932 0.002930
0 0.112632 0.615854 0.004150 0.003174
0 0.122632 0.700103 0.001855 0.002021
0 0.112759 0.692507 0.004219 0.003882
0 0.235022 0.876428 0.002632 0.003140
0 0.360522 0.965671 0.003037 0.003140
0 0.326672 0.954473 0.003442 0.002832
0 0.290076 0.944131 0.004292 0.003867
0 0.335847 0.921204 0.002534 0.002964
0 0.322737 0.912805 0.003940 0.003794
