0 0.414509 0.114934 0.004956 0.007144
0 0.422380 0.074546 0.002622 0.003936
0 0.405969 0.046077 0.004253 0.003442
0 0.390479 0.048098 0.002227 0.004253
0 0.387642 0.079639 0.002432 0.003545
0 0.384009 0.162036 0.002949 0.004893
0 0.406182 0.207266 0.002812 0.005059
0 0.401575 0.198721 0.001899 0.003867
0 0.420803 0.228079 0.002671 0.003374
0 0.391899 0.224309 0.001895 0.003237
0 0.390068 0.237175 0.001484 0.003657
0 0.388108 0.258064 0.001919 0.006685
0 0.385730 0.264795 0.001821 0.006377
0 0.383501 0.270212 0.001621 0.005063
0 0.381833 0.296563 0.001772 0.006328
0 0.383857 0.297363 0.001602 0.002529
0 0.394009 0.312031 0.002002 0.004102
0 0.390801 0.328696 0.002178 0.003799
0 0.389570 0.335657 0.001826 0.005063
0 0.389990 0.368406 0.002227 0.005366
0 0.387864 0.372302 0.002837 0.004458
0 0.387207 0.376604 0.001719 0.003745
0 0.387358 0.380657 0.002637 0.003950
0 0.386853 0.384250 0.002427 0.004048
0 0.389797 0.395989 0.002612 0.006411
0 0.387561 0.399619 0.001860 0.004219
0 0.385493 0.394006 0.001943 0.002280
0 0.382490 0.430195 0.001602 0.002871
0 0.384092 0.431968 0.001436 0.003379
0 0.387722 0.457881 0.002446 0.006328
0 0.396279 0.478008 0.001562 0.003662
0 0.381191 0.475493 0.001855 0.004980
0 0.385317 0.477202 0.002002 0.005273
0 0.373572 0.513601 0.002358 0.006919
0 0.383696 0.515920 0.002197 0.007007
0 0.387158 0.510520 0.002363 0.004976
0 0.396438 0.507947 0.002026 0.008774
0 0.387324 0.524990 0.001689 0.005400
0 0.411455 0.526257 0.001855 0.002866
0 0.390911 0.557727 0.001772 0.005063
0 0.393735 0.594092 0.001924 0.004453
0 0.392168 0.594749 0.001211 0.002534
0 0.403406 0.595508 0.001821 0.006074
0 0.390430 0.616992 0.001758 0.003809
0 0.389697 0.621064 0.001465 0.004922
0 0.391309 0.621885 0.001406 0.004688
0 0.389858 0.635559 0.002461 0.010620
0 0.388596 0.650818 0.002603 0.004429
0 0.380332 0.664424 0.003096 0.003799
0 0.411094 0.715427 0.001943 0.004253
0 0.412187 0.728184 0.001943 0.004492
0 0.398335 0.731282 0.002676 0.007046
0 0.400400 0.737295 0.001455 0.004736
0 0.410586 0.779753 0.002021 0.004858
0 0.409421 0.790486 0.001519 0.006079
0 0.409878 0.796814 0.002227 0.003745
0 0.408723 0.838323 0.002065 0.004985
0 0.377131 0.850593 0.002065 0.004009
0 0.383450 0.851079 0.002065 0.003281
0 0.387266 0.813733 0.001943 0.004497
0 0.378640 0.879802 0.002915 0.004009
0 0.384717 0.894565 0.002432 0.003887
0 0.628857 0.057844 0.002793 0.010688
0 0.626428 0.056628 0.002554 0.007290
0 0.626611 0.065195 0.001943 0.002549
0 0.644041 0.075217 0.002915 0.010640
0 0.648706 0.053054 0.001748 0.004810
0 0.651477 0.038694 0.002329 0.009038
0 0.650166 0.008293 0.002334 0.005688
0 0.655923 0.024478 0.001309 0.003643
0 0.635488 0.108584 0.002021 0.006328
0 0.627937 0.110061 0.001772 0.005063
0 0.634687 0.119216 0.001436 0.004302
0 0.633464 0.123687 0.001685 0.004473
0 0.632451 0.128833 0.001182 0.004131
0 0.632261 0.140405 0.002627 0.005830
0 0.633784 0.156880 0.002363 0.004219
0 0.633994 0.184680 0.002275 0.005991
0 0.634126 0.201665 0.002129 0.004053
0 0.634683 0.206477 0.002021 0.004556
0 0.635906 0.220430 0.001899 0.003516
0 0.633796 0.226018 0.001899 0.003442
0 0.634949 0.241873 0.002739 0.009282
0 0.632141 0.245986 0.002319 0.007666
0 0.635623 0.249783 0.001548 0.003306
0 0.633542 0.255725 0.001899 0.004077
0 0.635166 0.256357 0.001895 0.003936
0 0.635454 0.273054 0.002275 0.004136
0 0.633921 0.298354 0.001826 0.002744
0 0.636936 0.314407 0.002251 0.004009
0 0.637324 0.327168 0.001895 0.002529
0 0.634417 0.340869 0.002700 0.006328
0 0.633701 0.354243 0.002109 0.006074
0 0.632190 0.378638 0.002251 0.007451
0 0.635215 0.377971 0.002109 0.003726
0 0.633740 0.408833 0.002520 0.004688
0 0.633887 0.413259 0.002461 0.004048
0 0.631777 0.432246 0.002109 0.003379
0 0.630593 0.435874 0.002446 0.004893
0 0.633462 0.439587 0.001436 0.002866
0 0.647512 0.432244 0.002358 0.006919
0 0.647007 0.452581 0.003545 0.005571
0 0.631650 0.456333 0.002871 0.008184
0 0.632241 0.468528 0.002871 0.004722
0 0.629214 0.493145 0.003545 0.008408
0 0.627300 0.512969 0.001924 0.011035
0 0.627937 0.525396 0.003022 0.006396
0 0.628396 0.531829 0.003374 0.006753
0 0.610659 0.602861 0.002109 0.004512
0 0.642183 0.614697 0.004336 0.003691
0 0.631211 0.622646 0.003037 0.008437
0 0.616274 0.578132 0.001826 0.005669
0 0.608936 0.635784 0.002363 0.005903
0 0.606362 0.636079 0.002275 0.005313
0 0.631436 0.642554 0.001758 0.004922
0 0.629941 0.645747 0.001465 0.006035
0 0.633047 0.653306 0.001934 0.003691
0 0.608364 0.658838 0.001641 0.003223
0 0.600330 0.713027 0.002632 0.006074
0 0.629741 0.759199 0.003643 0.006279
0 0.588279 0.754592 0.003140 0.008608
0 0.621296 0.776665 0.001519 0.004307
0 0.588220 0.790164 0.002026 0.007173
0 0.585901 0.790798 0.001938 0.004390
0 0.612708 0.825247 0.002026 0.003882
0 0.616504 0.821030 0.002363 0.007930
0 0.586292 0.836147 0.002446 0.004893
0 0.585969 0.879780 0.003628 0.006074
0 0.607278 0.918999 0.004009 0.002920
0 0.613196 0.848071 0.003989 0.005039
0 0.607212 0.872427 0.002939 0.003359
0 0.857449 0.027737 0.003159 0.003521
0 0.858601 0.041040 0.001821 0.003398
0 0.863887 0.043713 0.003887 0.010210
0 0.846877 0.047966 0.002183 0.006079
0 0.842502 0.059326 0.002671 0.005225
0 0.844448 0.065828 0.002432 0.007534
0 0.861353 0.051663 0.001855 0.005737
0 0.864980 0.063079 0.002363 0.008003
0 0.840122 0.086013 0.002617 0.004810
0 0.842529 0.095735 0.001758 0.004009
0 0.845872 0.098655 0.001831 0.005483
0 0.861692 0.095139 0.002114 0.005767
0 0.859199 0.101577 0.002109 0.006055
0 0.872939 0.094258 0.002109 0.004570
0 0.874663 0.100269 0.001758 0.007031
0 0.865630 0.095737 0.002109 0.004570
0 0.867881 0.092151 0.002109 0.007524
0 0.866685 0.124092 0.002197 0.005518
0 0.864487 0.121821 0.002490 0.005273
0 0.861321 0.145869 0.002837 0.007695
0 0.858687 0.156448 0.003037 0.006577
0 0.854131 0.147285 0.002227 0.003037
0 0.856765 0.149106 0.002837 0.007090
0 0.857332 0.142268 0.002026 0.006401
0 0.871746 0.168145 0.001616 0.003096
0 0.854370 0.180288 0.001641 0.003691
0 0.856187 0.183218 0.002109 0.004395
0 0.854165 0.194053 0.001563 0.006055
0 0.855239 0.189927 0.001172 0.002295
0 0.847107 0.191931 0.002554 0.007778
0 0.852974 0.203735 0.002100 0.003809
0 0.841543 0.220400 0.001562 0.003711
0 0.839268 0.232791 0.002832 0.005063
0 0.846963 0.232485 0.001621 0.006885
0 0.848481 0.236082 0.001416 0.003745
0 0.842861 0.237500 0.001113 0.002734
0 0.857898 0.245295 0.002427 0.009419
0 0.839573 0.252788 0.002026 0.004756
0 0.855083 0.210222 0.002949 0.006157
0 0.859050 0.211150 0.001772 0.004468
0 0.851299 0.265396 0.002197 0.009619
0 0.855322 0.263035 0.002822 0.008550
0 0.839712 0.259099 0.001191 0.006255
0 0.841892 0.260120 0.002183 0.005767
0 0.852698 0.277549 0.002036 0.004570
0 0.852278 0.282998 0.002036 0.005908
0 0.841343 0.289009 0.001689 0.006680
0 0.839795 0.290767 0.001133 0.003164
0 0.837407 0.274597 0.001406 0.004009
0 0.840259 0.297749 0.001904 0.003271
0 0.842725 0.299849 0.001563 0.002783
0 0.840723 0.304658 0.002148 0.005859
0 0.844941 0.309692 0.001641 0.004512
0 0.848428 0.309839 0.002168 0.004102
0 0.846865 0.323960 0.001699 0.002988
0 0.844697 0.320562 0.001465 0.003223
0 0.839629 0.318481 0.001641 0.003281
0 0.840635 0.331284 0.002197 0.004932
0 0.847578 0.355332 0.002344 0.007324
0 0.832637 0.361177 0.002930 0.007031
0 0.829800 0.375107 0.004043 0.003750
0 0.843599 0.370596 0.002812 0.003984
0 0.838760 0.374717 0.001816 0.005039
0 0.838301 0.398589 0.002275 0.004219
0 0.838503 0.421719 0.003726 0.009355
0 0.834426 0.426394 0.002603 0.005483
0 0.828167 0.425586 0.002183 0.004570
0 0.840366 0.436316 0.002246 0.005835
0 0.837112 0.448430 0.002319 0.005698
0 0.826318 0.459048 0.001641 0.004277
0 0.834116 0.473506 0.001855 0.004834
0 0.823069 0.497207 0.001899 0.004150
0 0.824441 0.506909 0.002534 0.005977
0 0.823191 0.563848 0.002329 0.004863
0 0.832100 0.560203 0.003340 0.003237
0 0.836660 0.583721 0.002324 0.005977
0 0.833145 0.580203 0.002744 0.004429
0 0.830474 0.580942 0.002041 0.004219
0 0.837490 0.598440 0.002275 0.004644
0 0.834958 0.619971 0.001685 0.004150
0 0.833413 0.615332 0.002246 0.004854
0 0.829805 0.653171 0.002363 0.005991
0 0.831196 0.670134 0.001768 0.004302
0 0.833530 0.675742 0.001758 0.003320
0 0.826599 0.819094 0.005776 0.005601
0 0.821885 0.851348 0.003770 0.006436
0 0.819333 0.853171 0.002798 0.006685
