0 0.890525 0.843191 0.002837 0.007290
0 0.893003 0.836152 0.003340 0.007393
0 0.898979 0.830127 0.001924 0.005469
0 0.896448 0.835493 0.002329 0.003242
0 0.925774 0.463428 0.002046 0.005830
0 0.909167 0.478518 0.002329 0.005396
0 0.930461 0.449692 0.001616 0.003936
0 0.901235 0.445784 0.002832 0.003950
0 0.899868 0.440923 0.002939 0.006172
0 0.901387 0.452415 0.002529 0.005063
0 0.899868 0.458997 0.002129 0.005669
0 0.920608 0.559070 0.002788 0.004556
0 0.912888 0.548650 0.003374 0.009536
0 0.915588 0.523208 0.002700 0.008437
0 0.923005 0.621472 0.003120 0.008608
0 0.919448 0.605808 0.003516 0.004644
0 0.914854 0.705146 0.003223 0.003516
0 0.913486 0.701362 0.003320 0.003662
0 0.916392 0.700557 0.002100 0.005664
0 0.911538 0.725547 0.003691 0.005391
0 0.919185 0.728594 0.002695 0.003047
0 0.916255 0.726426 0.002812 0.005977
0 0.880574 0.769187 0.001616 0.002954
0 0.879519 0.766021 0.001479 0.002812
0 0.873540 0.797383 0.002051 0.003867
0 0.874595 0.794453 0.002168 0.004102
0 0.887549 0.934395 0.002783 0.005146
0 0.884260 0.924609 0.002280 0.006328
0 0.884082 0.891348 0.001826 0.006748
0 0.879617 0.882803 0.004009 0.008086
0 0.905574 0.875022 0.003120 0.003374
0 0.884902 0.873459 0.002783 0.006665
0 0.882373 0.809561 0.002148 0.002734
0 0.881055 0.805508 0.001758 0.004883
0 0.882715 0.800234 0.002930 0.005078
0 0.881201 0.793691 0.003711 0.006836
0 0.885815 0.794570 0.003271 0.005859
0 0.870605 0.817559 0.003516 0.003809
0 0.870825 0.814507 0.002197 0.003271
0 0.912290 0.805630 0.002344 0.004492
0 0.912949 0.796328 0.002197 0.005615
0 0.908174 0.788584 0.002979 0.003418
0 0.892988 0.786582 0.003467 0.003125
0 0.895063 0.804258 0.001855 0.004102
0 0.644043 0.951245 0.001895 0.005391
0 0.699321 0.574541 0.001709 0.004004
0 0.699971 0.566602 0.001611 0.002588
0 0.700562 0.563628 0.002109 0.003447
0 0.698562 0.556855 0.002026 0.003037
0 0.690242 0.519614 0.003140 0.005264
0 0.655845 0.495811 0.004727 0.004023
0 0.664456 0.405588 0.002915 0.004497
0 0.886545 0.310366 0.002065 0.003037
0 0.935835 0.253113 0.003037 0.004858
0 0.944016 0.198152 0.003159 0.005103
0 0.929084 0.551458 0.002251 0.005415
0 0.920640 0.745508 0.003281 0.004619
0 0.696709 0.614297 0.001904 0.003223
0 0.696782 0.620742 0.001562 0.003906
0 0.676396 0.629922 0.001221 0.004199
0 0.697593 0.633511 0.001582 0.003047
0 0.697710 0.638315 0.001816 0.003750
0 0.699380 0.644731 0.001406 0.002988
0 0.699878 0.638433 0.001348 0.002812
0 0.695366 0.641948 0.001465 0.003398
0 0.678657 0.652332 0.002021 0.003442
0 0.649900 0.985510 0.001968 0.003306
0 0.689937 0.920649 0.001348 0.002637
0 0.692036 0.798896 0.002109 0.004639
0 0.689844 0.805898 0.001436 0.003291
0 0.692285 0.852405 0.002227 0.004253
0 0.648467 0.802676 0.002168 0.004512
0 0.692273 0.764397 0.001606 0.002954
0 0.689126 0.708503 0.003350 0.004663
0 0.698779 0.678188 0.002275 0.004551
0 0.908735 0.879417 0.001602 0.002280
0 0.887947 0.860039 0.002622 0.006299
0 0.922678 0.573157 0.003442 0.003745
0 0.927507 0.671226 0.001548 0.003799
0 0.924900 0.595623 0.002329 0.005269
0 0.881587 0.674590 0.002197 0.003662
0 0.873872 0.749956 0.002344 0.003955
0 0.877798 0.737166 0.002529 0.005903
0 0.879829 0.734619 0.002744 0.005908
0 0.882817 0.729771 0.003096 0.004922
0 0.915168 0.775247 0.003022 0.004429
0 0.912031 0.801362 0.001904 0.002148
0 0.870835 0.793286 0.001953 0.004053
0 0.870093 0.877017 0.002002 0.003711
0 0.883716 0.882583 0.002393 0.004004
0 0.888403 0.927593 0.001934 0.004629
0 0.901438 0.924473 0.004048 0.004639
0 0.886819 0.977773 0.002671 0.005273
0 0.889194 0.945996 0.002051 0.003223
0 0.879207 0.942656 0.002280 0.004727
0 0.881318 0.920161 0.001934 0.004453
0 0.882202 0.909922 0.001807 0.003369
0 0.868262 0.910557 0.001563 0.002295
0 0.868481 0.892827 0.002344 0.004629
0 0.867939 0.903276 0.001660 0.002734
0 0.904478 0.871021 0.002637 0.003613
0 0.919395 0.872974 0.001514 0.003516
0 0.902422 0.861382 0.001699 0.002637
0 0.913081 0.830474 0.001709 0.002881
0 0.886431 0.836045 0.001611 0.001953
0 0.882893 0.837031 0.001772 0.003555
0 0.882317 0.695745 0.001968 0.004497
0 0.897515 0.665835 0.001709 0.002539
0 0.892520 0.675422 0.002734 0.004565
0 0.878784 0.651587 0.002275 0.004307
0 0.876438 0.617454 0.002026 0.004048
0 0.882456 0.509976 0.003047 0.006445
0 0.907993 0.555320 0.001855 0.001362
0 0.919263 0.594502 0.002051 0.002295
0 0.867285 0.763779 0.001953 0.002686
0 0.894048 0.693213 0.001934 0.003516
0 0.880417 0.668535 0.002026 0.003848
0 0.897878 0.566040 0.002700 0.002783
0 0.877627 0.589114 0.002187 0.001948
0 0.912351 0.536335 0.002310 0.004858
