0 0.367183 0.860251 0.003047 0.006196
0 0.177642 0.148516 0.004033 0.006553
0 0.180764 0.147244 0.002622 0.007144
0 0.173889 0.181021 0.003120 0.004473
0 0.175908 0.279822 0.004229 0.007729
0 0.166396 0.319397 0.002598 0.012935
0 0.169138 0.330295 0.001479 0.004644
0 0.171423 0.338206 0.001968 0.005698
0 0.170125 0.347136 0.002603 0.005835
0 0.164497 0.363201 0.002744 0.004497
0 0.165571 0.380288 0.001514 0.004785
0 0.166475 0.384512 0.002344 0.003662
0 0.166768 0.390273 0.003711 0.005908
0 0.162715 0.401943 0.001660 0.004639
0 0.163228 0.415933 0.002686 0.005859
0 0.170713 0.411499 0.001758 0.004980
0 0.167168 0.420317 0.002520 0.005039
0 0.169805 0.418765 0.002402 0.003340
0 0.168350 0.440005 0.002988 0.002930
0 0.175405 0.493594 0.001816 0.005859
0 0.176987 0.502793 0.001348 0.003633
0 0.164221 0.510681 0.002446 0.005737
0 0.166096 0.526470 0.001997 0.004102
0 0.165583 0.530693 0.001567 0.003857
0 0.173738 0.540337 0.001274 0.002832
0 0.163057 0.551807 0.002393 0.005225
0 0.159346 0.564331 0.001709 0.004492
0 0.165669 0.574243 0.002051 0.004883
0 0.171895 0.574268 0.002100 0.004443
0 0.161445 0.579028 0.003271 0.008691
0 0.161812 0.601987 0.002168 0.003516
0 0.170396 0.625020 0.003281 0.004687
0 0.156567 0.629941 0.002812 0.003281
0 0.160610 0.626074 0.002461 0.006094
0 0.167319 0.638872 0.003105 0.006797
0 0.159512 0.668833 0.002295 0.005322
0 0.153457 0.675889 0.001514 0.002734
0 0.155435 0.679722 0.001562 0.003271
0 0.160244 0.681968 0.001611 0.004150
0 0.155010 0.690718 0.002393 0.004736
0 0.151714 0.691011 0.002148 0.005811
0 0.159268 0.695181 0.002461 0.006621
0 0.157715 0.700278 0.001934 0.003809
0 0.148545 0.704644 0.002109 0.004219
0 0.158799 0.711030 0.001406 0.006445
0 0.160410 0.709624 0.001582 0.002695
0 0.159678 0.702388 0.001875 0.003457
0 0.147695 0.717505 0.001465 0.006973
0 0.147139 0.722749 0.002578 0.003867
0 0.148345 0.734712 0.002041 0.009268
0 0.144900 0.737380 0.002603 0.008706
0 0.142031 0.754673 0.002461 0.009072
0 0.157998 0.740234 0.001699 0.006328
0 0.159668 0.740024 0.001641 0.004873
0 0.160400 0.743682 0.001465 0.001992
0 0.160312 0.747295 0.001523 0.004980
0 0.146399 0.762590 0.002866 0.006831
0 0.153486 0.767651 0.001689 0.007510
0 0.160630 0.766809 0.001953 0.004106
0 0.158750 0.768103 0.001318 0.002886
0 0.158545 0.779263 0.001367 0.003027
0 0.144873 0.790127 0.001855 0.004541
0 0.147290 0.796133 0.001807 0.004150
0 0.146028 0.806147 0.001938 0.006328
0 0.145852 0.852751 0.001519 0.002700
0 0.138325 0.854009 0.003574 0.009600
0 0.142493 0.857664 0.002915 0.010815
0 0.143342 0.849829 0.002915 0.004619
0 0.141155 0.843752 0.002915 0.007046
0 0.133376 0.876172 0.002124 0.006289
0 0.135400 0.878403 0.001924 0.004863
0 0.139548 0.901736 0.002632 0.012896
0 0.127200 0.905789 0.002329 0.004771
0 0.125022 0.899402 0.002837 0.007593
0 0.131519 0.909729 0.002432 0.009429
0 0.134438 0.905027 0.001621 0.005073
0 0.154336 0.902041 0.001719 0.006367
0 0.157524 0.904470 0.002021 0.004565
0 0.155610 0.933757 0.002129 0.006079
0 0.153589 0.939629 0.001719 0.006279
0 0.156978 0.940488 0.002432 0.005771
0 0.135823 0.956238 0.002671 0.011177
0 0.141531 0.959092 0.001460 0.002793
0 0.152954 0.952439 0.001934 0.004966
0 0.151382 0.960313 0.001523 0.002754
0 0.137612 0.967754 0.001523 0.001934
0 0.142124 0.977422 0.001875 0.002871
0 0.134966 0.937434 0.002363 0.009028
0 0.137935 0.946816 0.001660 0.004199
0 0.121851 0.932471 0.001289 0.003398
0 0.124873 0.942520 0.001172 0.005566
0 0.124729 0.934172 0.002026 0.010122
0 0.159966 0.914585 0.001816 0.003105
0 0.393555 0.081021 0.005293 0.004531
0 0.413254 0.119819 0.002798 0.006318
0 0.386587 0.152200 0.003887 0.006196
0 0.414287 0.163984 0.002432 0.004980
0 0.387131 0.174980 0.002798 0.003643
0 0.383669 0.177229 0.001948 0.003521
0 0.414185 0.209126 0.001621 0.004287
0 0.411865 0.208704 0.001475 0.004292
0 0.411372 0.212185 0.001338 0.002534
0 0.378782 0.223574 0.001128 0.003516
0 0.411787 0.237500 0.001465 0.002812
0 0.369900 0.240662 0.002534 0.005991
0 0.412129 0.242285 0.001699 0.002871
0 0.411426 0.246465 0.002871 0.005479
0 0.399844 0.286514 0.002334 0.006123
0 0.391724 0.341279 0.001992 0.003516
0 0.367290 0.347173 0.001855 0.003418
0 0.370098 0.355156 0.001611 0.005322
0 0.368364 0.357451 0.001563 0.004248
0 0.390874 0.363994 0.001953 0.006006
0 0.393608 0.363726 0.001953 0.004980
0 0.368857 0.377085 0.003125 0.008789
0 0.357847 0.385605 0.005127 0.004150
0 0.389341 0.397007 0.002393 0.004492
0 0.383782 0.421787 0.002183 0.005342
0 0.369790 0.389126 0.001621 0.004854
0 0.371807 0.468574 0.002930 0.007031
0 0.372002 0.475679 0.002930 0.006885
0 0.372456 0.486931 0.002188 0.012271
0 0.370388 0.507102 0.003647 0.007896
0 0.367871 0.531096 0.002529 0.004155
0 0.352937 0.547803 0.002837 0.005977
0 0.352229 0.567849 0.002632 0.006382
0 0.366309 0.560449 0.001465 0.003281
0 0.369443 0.563643 0.002344 0.004395
0 0.368477 0.567510 0.002285 0.002988
0 0.367751 0.544333 0.003237 0.008716
0 0.365935 0.586611 0.002954 0.005625
0 0.366189 0.591216 0.002319 0.003164
0 0.367881 0.621221 0.002637 0.006855
0 0.364863 0.622275 0.002227 0.003809
0 0.366384 0.646714 0.002632 0.008301
0 0.365422 0.659622 0.002935 0.005366
0 0.362705 0.673005 0.001641 0.002808
0 0.363135 0.685610 0.001934 0.004102
0 0.366252 0.701611 0.002095 0.002979
0 0.365911 0.712720 0.002007 0.004590
0 0.364390 0.726851 0.002344 0.003564
0 0.366719 0.744106 0.001904 0.004004
0 0.364717 0.743887 0.001904 0.004150
0 0.364375 0.750283 0.002002 0.003369
0 0.364814 0.758291 0.002197 0.008447
0 0.368013 0.754751 0.002344 0.008105
0 0.366348 0.774097 0.002002 0.004199
0 0.364492 0.779541 0.002197 0.003857
0 0.366104 0.815647 0.002871 0.005483
0 0.357817 0.391863 0.003096 0.003657
0 0.372620 0.252334 0.003940 0.005830
0 0.375601 0.212639 0.003516 0.005132
0 0.591763 0.161965 0.002021 0.005161
0 0.144871 0.776719 0.003628 0.010889
0 0.152344 0.817705 0.004033 0.005293
0 0.145789 0.820017 0.002524 0.004829
0 0.367585 0.871863 0.002124 0.004741
0 0.366672 0.876909 0.002368 0.004375
0 0.365374 0.881162 0.001704 0.004131
0 0.367798 0.880920 0.001699 0.003403
0 0.364668 0.891282 0.002246 0.005288
0 0.371814 0.890217 0.001704 0.005347
0 0.369653 0.903042 0.001523 0.003525
0 0.355671 0.924426 0.002847 0.010503
0 0.373467 0.935000 0.001826 0.002187
0 0.373506 0.943208 0.002334 0.008096
0 0.371389 0.942878 0.002622 0.010796
0 0.348049 0.961440 0.002476 0.008682
0 0.343894 0.975408 0.001606 0.003062
0 0.349543 0.992073 0.001968 0.004448
0 0.376006 0.990361 0.002148 0.009912
0 0.373687 0.997075 0.001904 0.005176
0 0.365513 0.793408 0.001514 0.004736
0 0.365879 0.798462 0.001855 0.003125
0 0.356870 0.399070 0.003867 0.007944
0 0.619158 0.152720 0.003101 0.005391
0 0.623142 0.149556 0.001821 0.002812
0 0.589336 0.220166 0.001582 0.004570
0 0.590625 0.210117 0.002168 0.005449
0 0.590537 0.203730 0.002227 0.002871
0 0.601885 0.269004 0.003223 0.006641
0 0.588140 0.271519 0.001611 0.004736
0 0.599395 0.262632 0.002051 0.004834
0 0.604868 0.298828 0.003955 0.008154
0 0.622871 0.317461 0.001465 0.004785
0 0.624165 0.316777 0.001807 0.009668
0 0.619624 0.335361 0.003662 0.004150
0 0.611572 0.349033 0.002441 0.005273
0 0.610269 0.364966 0.003223 0.010254
0 0.609651 0.380396 0.002700 0.008691
0 0.606133 0.406074 0.001855 0.004443
0 0.607939 0.405244 0.001563 0.002393
0 0.609585 0.426514 0.001689 0.007246
0 0.609163 0.442439 0.001968 0.005347
0 0.603647 0.448816 0.002109 0.004556
0 0.605374 0.446284 0.002026 0.001855
0 0.612651 0.475352 0.001338 0.005342
0 0.615886 0.484253 0.002036 0.006250
0 0.626365 0.486470 0.002319 0.006748
0 0.612461 0.490010 0.001514 0.004297
0 0.613975 0.487935 0.001807 0.001807
0 0.616162 0.516816 0.001172 0.002988
0 0.615107 0.522881 0.002461 0.004922
0 0.618857 0.524727 0.001758 0.004629
0 0.603770 0.521973 0.001230 0.003457
0 0.612346 0.542065 0.001753 0.005488
0 0.617024 0.569355 0.003442 0.002734
0 0.610391 0.604399 0.002432 0.006074
0 0.612637 0.600149 0.001826 0.003159
0 0.579165 0.587693 0.001943 0.004497
0 0.612720 0.617468 0.002529 0.007290
0 0.613025 0.624102 0.001519 0.004561
0 0.612314 0.628303 0.002529 0.003843
0 0.610039 0.631846 0.002432 0.004658
0 0.610662 0.646299 0.001479 0.004219
0 0.610417 0.664824 0.001548 0.006260
0 0.606235 0.687993 0.002109 0.004102
0 0.615869 0.702671 0.001563 0.002344
0 0.617798 0.703867 0.001904 0.006201
0 0.613530 0.708037 0.003545 0.002432
0 0.622593 0.703379 0.001621 0.004453
0 0.615994 0.731199 0.001548 0.005835
0 0.613848 0.736790 0.001475 0.005063
0 0.611951 0.741992 0.001616 0.004219
0 0.609980 0.763071 0.001221 0.004395
0 0.579561 0.772056 0.002295 0.002930
0 0.608198 0.776133 0.001855 0.002100
0 0.594067 0.793442 0.002109 0.003691
0 0.598491 0.801616 0.002051 0.003047
0 0.616257 0.838142 0.002065 0.004858
0 0.599380 0.814814 0.002578 0.005332
0 0.612378 0.920388 0.002178 0.003940
0 0.577537 0.925591 0.002251 0.003936
0 0.608618 0.941025 0.002109 0.006396
0 0.609636 0.952100 0.002739 0.004355
0 0.594343 0.954209 0.003657 0.003516
0 0.603733 0.996919 0.002964 0.004893
0 0.600481 0.993879 0.002026 0.009448
0 0.621633 0.120210 0.002192 0.003379
0 0.615264 0.105488 0.002451 0.003799
0 0.612986 0.110676 0.001938 0.003540
0 0.612825 0.185981 0.001606 0.003711
0 0.617100 0.240962 0.001221 0.002832
0 0.613901 0.242939 0.001953 0.003076
0 0.613267 0.231526 0.001367 0.004438
0 0.618198 0.272822 0.001123 0.005371
0 0.618247 0.278633 0.001318 0.005859
0 0.616294 0.276436 0.001318 0.001660
0 0.619932 0.272847 0.001172 0.002100
0 0.588745 0.284609 0.001465 0.004102
