0 0.360481 0.425837 0.002310 0.004937
0 0.102231 0.451201 0.002627 0.004814
0 0.100610 0.455928 0.002539 0.004814
0 0.102319 0.462012 0.002451 0.006475
0 0.105554 0.466824 0.003325 0.006128
0 0.087000 0.455315 0.003149 0.004810
0 0.085164 0.469102 0.003149 0.004551
0 0.135957 0.525527 0.002871 0.006807
0 0.089224 0.545488 0.003477 0.006504
0 0.092043 0.480127 0.003657 0.007939
0 0.139641 0.556201 0.003149 0.006514
0 0.088179 0.567964 0.003574 0.005674
0 0.088967 0.576155 0.003677 0.006509
0 0.088284 0.581670 0.002729 0.004307
0 0.088494 0.587710 0.003989 0.006934
0 0.093325 0.597107 0.002939 0.004937
0 0.092117 0.602307 0.003257 0.005669
0 0.098125 0.613579 0.002803 0.005518
0 0.099307 0.618567 0.002891 0.003589
0 0.096287 0.619968 0.003149 0.005161
0 0.114050 0.771580 0.002847 0.005249
0 0.110879 0.774863 0.002627 0.004814
0 0.122607 0.855935 0.002646 0.006050
0 0.131465 0.960771 0.002627 0.004014
0 0.130154 0.965984 0.002915 0.005396
0 0.129167 0.971309 0.002407 0.004082
0 0.134780 0.981057 0.003652 0.007437
0 0.133582 0.994607 0.003022 0.004536
0 0.338767 0.039844 0.003052 0.005010
0 0.334194 0.065867 0.003047 0.004790
0 0.330273 0.093523 0.003916 0.006099
0 0.318513 0.598196 0.003628 0.008618
0 0.318589 0.605984 0.003779 0.006050
0 0.350354 0.182117 0.002769 0.008188
0 0.304814 0.212600 0.002520 0.005884
0 0.304131 0.230769 0.002832 0.007563
0 0.305706 0.247783 0.002202 0.004619
0 0.308909 0.246050 0.003784 0.006826
0 0.306021 0.272571 0.002627 0.006089
0 0.308647 0.276929 0.002207 0.003047
0 0.355522 0.266182 0.002539 0.007617
0 0.353071 0.278435 0.002539 0.005688
0 0.310479 0.341091 0.002773 0.004282
0 0.310667 0.347959 0.002896 0.004912
0 0.310994 0.361482 0.003022 0.005542
0 0.312004 0.372888 0.003276 0.004917
0 0.310618 0.387068 0.003276 0.008823
0 0.311851 0.430518 0.002100 0.004834
0 0.311797 0.437764 0.002832 0.005879
0 0.320925 0.757192 0.002144 0.004414
0 0.321675 0.776050 0.002725 0.005898
0 0.321826 0.782778 0.002725 0.006348
0 0.358274 0.818015 0.003325 0.006655
0 0.352461 0.618367 0.002012 0.004897
0 0.352593 0.623093 0.002275 0.004028
0 0.351362 0.567502 0.003906 0.007563
0 0.356404 0.504248 0.002915 0.006201
0 0.327729 0.846648 0.002646 0.005415
0 0.505288 0.987764 0.004658 0.004658
0 0.361335 0.925642 0.003765 0.005864
0 0.362429 0.883064 0.002974 0.005425
0 0.362385 0.888491 0.003237 0.004375
0 0.358291 0.946323 0.002920 0.006270
0 0.357927 0.951975 0.002769 0.004888
0 0.352603 0.958831 0.003789 0.006050
0 0.372087 0.994529 0.002788 0.005474
0 0.352610 0.964800 0.003325 0.005166
0 0.428044 0.995127 0.003882 0.007676
0 0.471479 0.995649 0.005146 0.004219
0 0.672478 0.997795 0.007935 0.004048
0 0.684333 0.991089 0.004136 0.004648
0 0.934800 0.980374 0.005977 0.003442
0 0.940674 0.979158 0.004355 0.003042
0 0.949707 0.979185 0.002695 0.002988
0 0.953281 0.978306 0.003984 0.004980
0 0.955068 0.982671 0.003457 0.003516
0 0.120352 0.871812 0.003545 0.005771
0 0.125110 0.935908 0.003745 0.007090
0 0.098560 0.674141 0.002637 0.004355
0 0.147656 0.877595 0.002480 0.006567
0 0.125845 0.869011 0.002939 0.006089
0 0.112646 0.758936 0.002617 0.006406
0 0.994470 0.248845 0.002407 0.005103
0 0.997131 0.280691 0.002837 0.006616
0 0.996440 0.444380 0.002188 0.007295
0 0.999023 0.438401 0.001953 0.004380
0 0.996187 0.434097 0.003574 0.004814
0 0.997412 0.416709 0.002334 0.005762
0 0.995115 0.408213 0.002700 0.005547
0 0.993418 0.391233 0.003154 0.004790
0 0.510303 0.988604 0.004883 0.004346
0 0.876836 0.980706 0.012393 0.006616
0 0.915054 0.979431 0.008311 0.004888
0 0.997659 0.972588 0.003159 0.007959
0 0.845364 0.983625 0.003794 0.002700
0 0.328784 0.878704 0.002520 0.004536
0 0.328596 0.872087 0.003149 0.008442
0 0.357327 0.804761 0.003628 0.005898
0 0.988645 0.983508 0.006353 0.003521
0 0.101255 0.405281 0.003467 0.007769
0 0.362224 0.467373 0.003853 0.005166
0 0.355491 0.488396 0.003208 0.004741
0 0.358176 0.355352 0.001763 0.003779
0 0.357610 0.347161 0.003149 0.006050
0 0.134424 0.759617 0.004199 0.004829
0 0.106729 0.533833 0.004385 0.004687
0 0.131077 0.501770 0.003628 0.006353
0 0.105325 0.374670 0.003677 0.004556
0 0.101235 0.342458 0.002617 0.002856
0 0.105745 0.219565 0.005444 0.005293
0 0.094250 0.213440 0.003628 0.004233
0 0.089033 0.210945 0.004687 0.004390
0 0.102256 0.338447 0.001523 0.004746
0 0.105940 0.322056 0.002183 0.003848
0 0.107139 0.395271 0.004687 0.007866
0 0.101389 0.415659 0.004917 0.010586
0 0.133809 0.554211 0.004687 0.010210
0 0.088845 0.491125 0.003237 0.007876
0 0.097920 0.525269 0.002100 0.004902
0 0.117585 0.532185 0.004839 0.004839
0 0.102473 0.579653 0.003413 0.007266
0 0.123608 0.586243 0.003467 0.003784
0 0.121665 0.590601 0.002939 0.004307
0 0.101624 0.641663 0.002710 0.003677
0 0.113401 0.807007 0.004917 0.005928
0 0.125437 0.921692 0.003589 0.005513
0 0.131782 0.913816 0.002451 0.004810
0 0.125906 0.895015 0.002876 0.007715
0 0.147468 0.841016 0.002310 0.004736
0 0.113022 0.823140 0.004785 0.006934
0 0.106331 0.746519 0.003208 0.008018
0 0.120405 0.624727 0.003037 0.007773
0 0.101084 0.653279 0.003037 0.006313
0 0.143186 0.619412 0.003149 0.006470
0 0.083818 0.085278 0.003643 0.010059
0 0.107095 0.446626 0.004287 0.005430
0 0.108052 0.441006 0.002363 0.004375
0 0.102852 0.385830 0.001992 0.003574
0 0.100344 0.322356 0.003140 0.005571
0 0.102522 0.329749 0.002837 0.006177
0 0.096548 0.317900 0.003037 0.004961
0 0.091436 0.316687 0.003135 0.004761
0 0.086880 0.312485 0.002529 0.004658
0 0.098936 0.272205 0.002178 0.004985
0 0.110894 0.247974 0.003643 0.008750
0 0.087004 0.241711 0.002671 0.005103
0 0.071431 0.127302 0.002979 0.008140
0 0.089670 0.279004 0.002710 0.004990
0 0.104724 0.286575 0.002534 0.006479
0 0.102336 0.353530 0.002114 0.006201
0 0.102520 0.360894 0.002187 0.005908
0 0.090522 0.355862 0.002842 0.004888
0 0.079692 0.341350 0.002187 0.005034
0 0.080017 0.346416 0.002114 0.004521
0 0.114407 0.364067 0.001753 0.004375
0 0.130530 0.384653 0.002876 0.005225
0 0.100100 0.390786 0.002837 0.005879
0 0.100361 0.396458 0.003154 0.004624
0 0.086917 0.398665 0.003569 0.003989
0 0.082190 0.395249 0.002729 0.004307
0 0.080933 0.390103 0.001680 0.003887
