0 0.864421 0.879512 0.002671 0.008262
0 0.866912 0.876536 0.002554 0.005708
0 0.874749 0.900046 0.002915 0.007778
0 0.852581 0.868047 0.003853 0.007520
0 0.857725 0.877583 0.006650 0.021172
0 0.861748 0.853962 0.003496 0.010669
0 0.857944 0.974453 0.004082 0.008896
0 0.868733 0.969204 0.003794 0.009766
0 0.864141 0.955862 0.003643 0.011665
0 0.851892 0.972046 0.004810 0.011953
0 0.845259 0.934722 0.003496 0.009336
0 0.864431 0.937493 0.003062 0.008745
0 0.847227 0.954331 0.002480 0.010938
0 0.867566 0.909497 0.004663 0.012246
0 0.872744 0.905928 0.003936 0.006270
0 0.860203 0.901699 0.002769 0.012393
0 0.840547 0.914141 0.003525 0.006318
0 0.846135 0.901929 0.002554 0.005469
0 0.857073 0.856130 0.003325 0.012690
0 0.859126 0.843640 0.004199 0.006821
0 0.848279 0.817134 0.005249 0.006299
0 0.848013 0.808125 0.004023 0.008574
0 0.853962 0.807424 0.005425 0.009976
0 0.854436 0.789990 0.003647 0.006279
0 0.853269 0.795962 0.002935 0.004658
0 0.855552 0.777344 0.004482 0.012451
0 0.854080 0.762954 0.004761 0.009316
0 0.839651 0.767766 0.003442 0.007798
0 0.841138 0.741079 0.004727 0.008574
0 0.853491 0.735752 0.006826 0.012354
0 0.852861 0.718772 0.004375 0.011196
0 0.841926 0.711072 0.003853 0.007349
0 0.832910 0.638811 0.003779 0.006294
0 0.829526 0.624854 0.004375 0.005537
0 0.841409 0.618074 0.005103 0.009478
0 0.839441 0.626895 0.003501 0.007578
0 0.843523 0.629666 0.002915 0.004663
0 0.839343 0.579126 0.004497 0.010449
0 0.839163 0.591155 0.003403 0.011665
0 0.840740 0.566855 0.003159 0.010205
0 0.835696 0.510918 0.004282 0.007305
0 0.834417 0.528472 0.002935 0.008809
0 0.839937 0.529077 0.003037 0.006582
0 0.837202 0.550442 0.003848 0.007593
0 0.824482 0.493569 0.002812 0.005908
0 0.824929 0.427605 0.005737 0.007935
0 0.831895 0.420327 0.004375 0.007773
0 0.836389 0.416621 0.003159 0.008145
0 0.833193 0.389563 0.003936 0.011812
0 0.837766 0.401343 0.002954 0.005977
0 0.836108 0.363262 0.004053 0.007090
0 0.830032 0.347517 0.003442 0.006382
0 0.824119 0.280295 0.006177 0.009722
0 0.826333 0.180967 0.006123 0.008457
0 0.821377 0.148159 0.006709 0.008750
0 0.627737 0.252979 0.005269 0.008506
0 0.630369 0.240981 0.004048 0.006582
0 0.588352 0.245386 0.004253 0.008506
0 0.624810 0.212874 0.004355 0.006782
0 0.612959 0.151768 0.003711 0.004893
0 0.612622 0.175098 0.003203 0.005146
0 0.615916 0.178765 0.002700 0.008437
0 0.586560 0.120640 0.005737 0.007002
0 0.609297 0.363989 0.003936 0.006709
0 0.606089 0.363579 0.001748 0.003936
0 0.630730 0.376848 0.003208 0.009478
0 0.642686 0.385376 0.003496 0.004082
0 0.610828 0.397114 0.003062 0.004814
0 0.642617 0.392271 0.002783 0.005820
0 0.642915 0.399187 0.002363 0.006157
0 0.633044 0.346499 0.003022 0.005908
0 0.630652 0.356130 0.003442 0.008999
0 0.644070 0.427280 0.005835 0.009912
0 0.628831 0.471589 0.003442 0.012554
0 0.627664 0.487434 0.003140 0.010229
0 0.644775 0.491938 0.005566 0.009316
0 0.629287 0.506367 0.004961 0.009414
0 0.631411 0.520239 0.004150 0.003945
0 0.631919 0.531631 0.002734 0.004658
0 0.631765 0.544338 0.004048 0.010024
0 0.647156 0.547527 0.003647 0.005874
0 0.648066 0.568484 0.002832 0.006685
0 0.630806 0.565347 0.003545 0.007900
0 0.633994 0.589292 0.003848 0.012051
0 0.632473 0.621794 0.003442 0.008403
0 0.634814 0.659109 0.003301 0.006187
0 0.636594 0.685503 0.002886 0.003936
0 0.635137 0.726648 0.002529 0.005161
0 0.634377 0.744465 0.003647 0.005366
0 0.631948 0.753733 0.002021 0.007290
0 0.635288 0.758491 0.003037 0.010127
0 0.634146 0.774407 0.002324 0.004458
0 0.635713 0.779573 0.003037 0.004253
0 0.633977 0.815334 0.003237 0.006255
0 0.632905 0.860010 0.003545 0.006416
0 0.633708 0.878171 0.004810 0.012837
0 0.635227 0.891504 0.003794 0.006406
0 0.627642 0.943494 0.005713 0.011421
0 0.652004 0.961719 0.003159 0.008018
0 0.398223 0.269058 0.004082 0.005977
0 0.395161 0.298291 0.003789 0.007871
0 0.380718 0.153452 0.003643 0.008506
0 0.395569 0.447969 0.004370 0.006709
0 0.373625 0.486519 0.002622 0.005537
0 0.383818 0.484375 0.002227 0.006328
0 0.387510 0.489150 0.002578 0.005449
0 0.384338 0.521541 0.003882 0.005649
0 0.419309 0.587900 0.005249 0.006299
0 0.390481 0.605273 0.002954 0.005488
0 0.387441 0.622529 0.003291 0.014346
0 0.390059 0.631304 0.002617 0.005566
0 0.415105 0.885586 0.004810 0.008457
