0 0.194419 0.513936 0.002344 0.007266
0 0.196187 0.516680 0.002109 0.006396
0 0.196558 0.529658 0.001582 0.006211
0 0.193335 0.533057 0.001699 0.003867
0 0.192603 0.539971 0.001875 0.005625
0 0.194478 0.539268 0.001758 0.003867
0 0.197012 0.568254 0.003135 0.003442
0 0.192810 0.568611 0.002427 0.006782
0 0.200977 0.488877 0.001689 0.004150
0 0.197144 0.491011 0.002109 0.006094
0 0.193511 0.493970 0.003281 0.007676
0 0.196985 0.504990 0.002583 0.003105
0 0.201086 0.506543 0.001753 0.004805
0 0.189548 0.305811 0.003120 0.010039
0 0.193809 0.305767 0.002363 0.009785
0 0.180986 0.297539 0.003037 0.006328
0 0.188579 0.291382 0.002695 0.005313
0 0.192639 0.344458 0.002251 0.006328
0 0.205049 0.348618 0.001953 0.003223
0 0.195239 0.389155 0.002441 0.006299
0 0.197559 0.390327 0.001416 0.004053
0 0.200654 0.413296 0.002363 0.006582
0 0.206770 0.402537 0.002954 0.012065
0 0.200991 0.402495 0.003203 0.005566
0 0.198206 0.396504 0.002026 0.004219
0 0.198740 0.426265 0.001904 0.004639
0 0.199138 0.435315 0.003140 0.008706
0 0.193518 0.434656 0.002427 0.006177
0 0.192910 0.441895 0.003242 0.004658
0 0.195549 0.450818 0.002114 0.003335
0 0.198301 0.448564 0.001992 0.006562
0 0.197417 0.463892 0.001904 0.005615
0 0.195737 0.479597 0.001758 0.003726
0 0.198232 0.482024 0.002109 0.006470
0 0.200696 0.482654 0.001685 0.007593
0 0.187314 0.572363 0.002051 0.005098
0 0.185996 0.576523 0.002461 0.003574
0 0.192559 0.552129 0.002637 0.007031
0 0.191611 0.559932 0.002402 0.007812
0 0.193667 0.611787 0.002061 0.008145
0 0.196216 0.613164 0.002217 0.002695
0 0.191704 0.609414 0.001631 0.008437
0 0.180957 0.605635 0.002051 0.006621
0 0.179810 0.611875 0.001748 0.005391
0 0.190239 0.618809 0.001855 0.007129
0 0.154805 0.617324 0.003633 0.005742
0 0.167402 0.640000 0.002109 0.008320
0 0.165674 0.646797 0.001816 0.004336
0 0.163535 0.653682 0.002109 0.003105
0 0.165244 0.660752 0.001562 0.004053
0 0.161274 0.658254 0.001660 0.004214
0 0.190640 0.645718 0.002812 0.008721
0 0.193523 0.649268 0.002671 0.007246
0 0.192539 0.656018 0.003379 0.006255
0 0.193242 0.663083 0.002529 0.003940
0 0.189585 0.660906 0.003096 0.003657
0 0.187881 0.668706 0.002109 0.006748
0 0.186150 0.674697 0.001353 0.005059
0 0.187427 0.675498 0.001709 0.005820
0 0.190115 0.681531 0.001860 0.004556
0 0.186907 0.688911 0.002446 0.004717
0 0.158264 0.670098 0.002700 0.004727
0 0.159165 0.677861 0.001611 0.002832
0 0.157383 0.677959 0.001660 0.004102
0 0.158154 0.690908 0.001855 0.006328
0 0.155889 0.696455 0.001221 0.003223
0 0.185498 0.694565 0.001924 0.004355
0 0.192246 0.701602 0.002109 0.005215
0 0.153496 0.706230 0.002168 0.006621
0 0.150571 0.717432 0.002490 0.004443
0 0.191289 0.723574 0.001816 0.006152
0 0.185957 0.725566 0.003926 0.007793
0 0.188376 0.715046 0.002739 0.008647
0 0.148455 0.745608 0.001899 0.004429
0 0.145217 0.765852 0.002026 0.004888
0 0.143110 0.771038 0.001855 0.006665
0 0.190381 0.756570 0.002432 0.008608
0 0.187949 0.755515 0.002021 0.004253
0 0.188000 0.766499 0.001724 0.003330
0 0.183748 0.763359 0.001519 0.011025
0 0.185623 0.765085 0.001821 0.005366
0 0.183477 0.774922 0.001416 0.004736
0 0.185015 0.775361 0.001367 0.004053
0 0.182200 0.803589 0.002124 0.007393
0 0.179312 0.806831 0.001621 0.003545
0 0.178823 0.811240 0.001406 0.002637
0 0.187202 0.806670 0.001172 0.002988
0 0.187671 0.810918 0.001641 0.003633
0 0.188257 0.816982 0.001875 0.008145
0 0.182163 0.813789 0.002109 0.003398
0 0.180852 0.820730 0.003042 0.007290
0 0.184551 0.841318 0.002148 0.004785
0 0.182769 0.844248 0.001416 0.006445
0 0.185247 0.871663 0.002026 0.006245
0 0.178579 0.869890 0.002363 0.003882
0 0.179102 0.897395 0.001943 0.003892
0 0.182559 0.902871 0.001523 0.008027
0 0.182676 0.912334 0.001523 0.004453
0 0.179307 0.916230 0.001582 0.004512
0 0.171367 0.891675 0.003037 0.002617
0 0.178496 0.887285 0.002109 0.007500
0 0.181204 0.924392 0.001938 0.005054
0 0.183357 0.926707 0.001685 0.004810
0 0.180591 0.936797 0.002109 0.006045
0 0.177747 0.939397 0.001196 0.004360
0 0.174475 0.945269 0.001968 0.005977
0 0.143601 0.886206 0.001831 0.004990
0 0.143430 0.880864 0.001626 0.004990
0 0.143511 0.819551 0.002344 0.006201
0 0.390366 0.223979 0.002188 0.008164
0 0.397861 0.258586 0.001943 0.003403
0 0.397417 0.278987 0.001689 0.006245
0 0.414839 0.278101 0.002617 0.006328
0 0.392021 0.238999 0.001465 0.003633
0 0.391785 0.365115 0.001899 0.007524
0 0.381577 0.573264 0.003848 0.003501
0 0.399998 0.642153 0.002954 0.007002
0 0.377991 0.724321 0.002915 0.005977
0 0.381108 0.693042 0.002295 0.002930
0 0.379788 0.689233 0.001118 0.003906
0 0.381279 0.688232 0.001367 0.002979
0 0.377773 0.753906 0.002832 0.007900
0 0.388726 0.812769 0.002871 0.007676
0 0.389231 0.827661 0.002192 0.005234
0 0.390415 0.866157 0.001562 0.003369
0 0.391875 0.868672 0.001641 0.005449
0 0.391057 0.944814 0.001821 0.008711
0 0.388174 0.948711 0.001924 0.005771
0 0.392576 0.925273 0.002837 0.008506
0 0.408823 0.140022 0.003359 0.006509
0 0.408403 0.146216 0.004199 0.005039
0 0.402903 0.174021 0.002554 0.005347
0 0.661670 0.241213 0.002109 0.005737
0 0.663779 0.241506 0.001602 0.003628
0 0.635134 0.245051 0.002192 0.004302
0 0.660483 0.266606 0.001406 0.002324
0 0.654995 0.320420 0.001758 0.005332
0 0.659009 0.311309 0.001934 0.003633
0 0.658071 0.332134 0.002637 0.007910
0 0.658027 0.362310 0.001807 0.004346
0 0.653899 0.367070 0.001655 0.004297
0 0.647725 0.431118 0.001318 0.005176
0 0.616934 0.601475 0.001660 0.004297
0 0.616738 0.605920 0.001563 0.004595
0 0.617817 0.585313 0.001826 0.002041
0 0.615496 0.584397 0.002251 0.003589
0 0.623408 0.530693 0.002109 0.005039
0 0.628008 0.531602 0.001699 0.006504
0 0.613984 0.677197 0.002324 0.005273
0 0.616621 0.681770 0.003516 0.003169
0 0.623506 0.741614 0.002227 0.005874
0 0.621377 0.765684 0.002109 0.005488
0 0.617271 0.797334 0.001611 0.004541
0 0.616465 0.802485 0.001660 0.004687
0 0.618613 0.807124 0.001563 0.004395
0 0.618027 0.810664 0.001270 0.002197
0 0.617935 0.845542 0.002109 0.006680
0 0.614946 0.852603 0.001875 0.006152
0 0.615151 0.856821 0.002051 0.001816
0 0.619321 0.911145 0.002246 0.006187
0 0.616895 0.948491 0.002051 0.006973
0 0.619561 0.940669 0.002227 0.005742
0 0.614585 0.960503 0.001875 0.002285
