0 0.497991 0.043391 0.002573 0.009829
0 0.312805 0.104856 0.003657 0.012729
0 0.314568 0.100066 0.012729 0.004409
0 0.283564 0.112922 0.002646 0.006929
0 0.266868 0.079397 0.003530 0.004409
0 0.286401 0.090867 0.002520 0.011724
0 0.285962 0.085950 0.003906 0.002144
0 0.269075 0.083369 0.003403 0.002773
0 0.274553 0.082234 0.003276 0.004790
0 0.257542 0.101265 0.006802 0.002266
0 0.196919 0.104856 0.005293 0.002144
0 0.162515 0.105737 0.006553 0.002393
0 0.172913 0.104917 0.007437 0.002520
0 0.296484 0.155017 0.003525 0.009829
0 0.335024 0.281160 0.002646 0.007437
0 0.500486 0.052314 0.002720 0.006504
0 0.500334 0.059802 0.002720 0.005747
0 0.500789 0.065244 0.002417 0.004541
0 0.469937 0.039082 0.003027 0.011494
0 0.505327 0.083997 0.003027 0.005142
0 0.519771 0.090879 0.006504 0.006201
0 0.540791 0.089141 0.003779 0.003330
0 0.563325 0.082485 0.005898 0.003027
0 0.568391 0.083469 0.003931 0.001968
0 0.508279 0.109055 0.002798 0.005864
0 0.511694 0.110850 0.002627 0.004551
0 0.517207 0.130366 0.003154 0.007178
0 0.520007 0.145811 0.002974 0.009365
0 0.524863 0.170886 0.002188 0.005249
0 0.531035 0.183577 0.002803 0.006304
0 0.533486 0.198108 0.002451 0.003501
0 0.537598 0.221692 0.002100 0.005161
0 0.554089 0.274148 0.003267 0.005356
0 0.562439 0.307969 0.004214 0.011240
0 0.566289 0.345715 0.003359 0.007144
0 0.568914 0.361782 0.003364 0.006934
0 0.573848 0.380110 0.002520 0.007036
0 0.568704 0.378113 0.002310 0.004937
0 0.572747 0.398018 0.004097 0.008613
0 0.570383 0.411038 0.001685 0.002729
0 0.571436 0.420334 0.002100 0.006616
0 0.575715 0.446509 0.002710 0.004814
0 0.575103 0.452502 0.003066 0.005073
0 0.575847 0.466943 0.002974 0.007002
0 0.576257 0.499695 0.002974 0.005952
0 0.578191 0.493513 0.003179 0.005444
0 0.579988 0.585471 0.003022 0.005298
0 0.581692 0.588938 0.001890 0.003657
0 0.579927 0.593538 0.002393 0.004282
0 0.579736 0.599966 0.002773 0.004033
0 0.581528 0.632039 0.002520 0.009077
0 0.582283 0.650313 0.003022 0.004287
0 0.584153 0.694807 0.002417 0.003257
0 0.463977 0.089307 0.004536 0.003633
0 0.472327 0.091846 0.003813 0.002178
0 0.449551 0.091755 0.005811 0.002720
0 0.387664 0.095569 0.005083 0.002358
0 0.363528 0.094570 0.006167 0.002539
