0 0.580928 0.574924 0.004082 0.009077
0 0.581230 0.586721 0.003174 0.008774
0 0.580398 0.597385 0.005142 0.011343
0 0.580854 0.632576 0.002119 0.008472
0 0.582251 0.666624 0.002451 0.005952
0 0.583999 0.694858 0.001680 0.001973
0 0.569182 0.359587 0.002358 0.005444
0 0.565591 0.343079 0.002090 0.004829
0 0.562595 0.306897 0.001772 0.007876
0 0.554263 0.285010 0.002939 0.002734
0 0.554104 0.273826 0.001997 0.004517
0 0.547100 0.239687 0.002676 0.010635
0 0.533364 0.198411 0.001748 0.003413
0 0.520044 0.146138 0.002715 0.009014
0 0.509890 0.110996 0.002710 0.006299
0 0.524719 0.160442 0.002407 0.006714
0 0.543010 0.230181 0.002622 0.005400
0 0.571587 0.419197 0.003281 0.007876
0 0.575007 0.450088 0.003501 0.011465
