0 0.588237 0.141719 0.006553 0.007559
0 0.584333 0.166536 0.005288 0.003276
0 0.586543 0.246648 0.002363 0.004302
0 0.591240 0.297417 0.002109 0.003867
0 0.585176 0.343193 0.002988 0.005039
0 0.585117 0.349580 0.003223 0.003984
0 0.586045 0.414023 0.002578 0.003750
0 0.584260 0.476992 0.002886 0.005625
0 0.585315 0.484199 0.003022 0.004570
0 0.584062 0.539316 0.003301 0.007520
0 0.582166 0.548281 0.002319 0.002949
0 0.586606 0.557573 0.002295 0.003418
0 0.581553 0.563335 0.002051 0.003223
0 0.582383 0.571318 0.002539 0.003369
0 0.581729 0.599548 0.002734 0.004761
0 0.580818 0.605674 0.002329 0.003242
0 0.585525 0.609016 0.002837 0.003237
0 0.577100 0.657068 0.003037 0.007290
0 0.579104 0.676206 0.003159 0.003770
0 0.581777 0.679607 0.002188 0.004497
0 0.579832 0.685623 0.002671 0.004370
0 0.580076 0.710044 0.002671 0.004375
0 0.580420 0.721191 0.002578 0.005215
0 0.582412 0.748345 0.002344 0.004102
0 0.578516 0.759006 0.002520 0.002690
0 0.586343 0.816877 0.002793 0.005103
0 0.588105 0.805034 0.003887 0.007412
0 0.586743 0.845913 0.003037 0.003545
0 0.588560 0.850298 0.002783 0.004219
0 0.593191 0.878694 0.002935 0.004556
0 0.594353 0.897681 0.002632 0.003848
0 0.610874 0.967029 0.004736 0.005464
0 0.615918 0.970247 0.004131 0.004858
0 0.598240 0.980210 0.003765 0.003887
0 0.603342 0.982520 0.003276 0.004619
0 0.390935 0.949695 0.001616 0.003022
0 0.383833 0.956514 0.002744 0.002461
0 0.383694 0.972021 0.002036 0.002109
0 0.385627 0.974409 0.002954 0.003232
0 0.389177 0.987559 0.001616 0.003516
0 0.392695 0.998350 0.002461 0.003301
0 0.377251 0.914641 0.002197 0.002446
0 0.352866 0.653284 0.003203 0.009116
0 0.347170 0.612192 0.002280 0.004893
0 0.350503 0.612444 0.002871 0.005063
0 0.350125 0.617507 0.002446 0.003374
0 0.347383 0.586179 0.002744 0.006606
0 0.348755 0.595461 0.002109 0.002671
0 0.332764 0.237793 0.002832 0.004756
0 0.332664 0.228274 0.002632 0.005161
0 0.340093 0.340000 0.002881 0.004922
0 0.343853 0.554749 0.004219 0.004302
