0 0.351458 0.803154 0.002026 0.002832
0 0.308020 0.852126 0.002183 0.003022
0 0.306633 0.808328 0.001548 0.002671
0 0.311226 0.708135 0.002275 0.003379
0 0.302002 0.638584 0.001992 0.002344
0 0.344631 0.495583 0.002427 0.003403
0 0.110059 0.986560 0.001514 0.002739
0 0.129092 0.953970 0.001816 0.002812
0 0.132637 0.949458 0.001406 0.002227
0 0.131870 0.904531 0.001709 0.002686
0 0.119795 0.884263 0.001416 0.002393
0 0.130718 0.871309 0.001348 0.002812
0 0.112261 0.860615 0.001348 0.002637
0 0.087671 0.781885 0.001563 0.002490
0 0.085083 0.775317 0.001465 0.002637
0 0.087305 0.797261 0.001660 0.002441
0 0.106548 0.835698 0.002051 0.002988
0 0.101333 0.831157 0.001934 0.002695
0 0.107061 0.787168 0.001582 0.002812
0 0.127930 0.824248 0.002246 0.003174
0 0.129644 0.800273 0.001123 0.002637
0 0.129517 0.793113 0.001563 0.002827
0 0.125732 0.795017 0.001514 0.003325
0 0.124099 0.789761 0.001938 0.002363
0 0.121028 0.744407 0.002192 0.003374
0 0.117061 0.686570 0.001465 0.002876
0 0.117256 0.695383 0.001465 0.002056
0 0.119658 0.668447 0.001699 0.002461
0 0.102871 0.666309 0.002109 0.002871
0 0.120884 0.573645 0.001895 0.002603
0 0.123447 0.617188 0.001123 0.002002
0 0.089060 0.448884 0.002534 0.001968
0 0.100454 0.460767 0.001270 0.001855
0 0.090640 0.477368 0.002051 0.002734
0 0.085862 0.503584 0.002534 0.004053
0 0.084175 0.521221 0.001855 0.004219
0 0.077568 0.573279 0.002617 0.002954
0 0.081069 0.595886 0.002363 0.003452
0 0.076580 0.608936 0.003462 0.003799
0 0.077380 0.620156 0.002534 0.003291
0 0.076494 0.623997 0.002783 0.003374
