0 0.908232 0.635679 0.001758 0.002539
0 0.909160 0.624253 0.001367 0.002246
0 0.910085 0.662725 0.002192 0.005488
0 0.899861 0.528735 0.002534 0.005820
0 0.897432 0.494268 0.001992 0.004922
0 0.912427 0.493276 0.002754 0.004395
0 0.893442 0.478071 0.002441 0.004932
0 0.911814 0.454946 0.003306 0.006611
0 0.908508 0.452273 0.003306 0.007173
0 0.901914 0.436035 0.003174 0.005859
0 0.906016 0.434839 0.002490 0.006494
0 0.887229 0.437461 0.002788 0.004893
0 0.893115 0.504700 0.003340 0.007192
0 0.896106 0.379512 0.002866 0.007090
0 0.899077 0.347378 0.002686 0.006924
0 0.897212 0.303047 0.002930 0.005469
0 0.890522 0.268262 0.003037 0.005566
0 0.911279 0.250745 0.004453 0.005972
0 0.896648 0.250037 0.002935 0.007192
0 0.904590 0.381760 0.002109 0.005415
0 0.894795 0.459048 0.001973 0.005908
0 0.899014 0.448816 0.001973 0.006821
0 0.897188 0.457148 0.001963 0.005342
0 0.911648 0.499385 0.003237 0.006963
0 0.905977 0.564253 0.001875 0.004219
0 0.903691 0.560532 0.001875 0.005215
0 0.907178 0.597346 0.001953 0.006206
0 0.911060 0.588582 0.002393 0.005171
0 0.910793 0.593999 0.002534 0.004687
0 0.910149 0.618657 0.001636 0.007617
0 0.911321 0.622700 0.001646 0.006680
0 0.905684 0.624375 0.001855 0.005029
0 0.906880 0.629551 0.002490 0.004834
0 0.906172 0.636313 0.001855 0.006934
0 0.901965 0.712886 0.003765 0.011055
0 0.907859 0.724307 0.002671 0.009844
0 0.895645 0.714702 0.003447 0.007314
0 0.903057 0.803850 0.002432 0.006382
0 0.902852 0.815293 0.002432 0.006377
0 0.897314 0.859983 0.001719 0.004253
0 0.897061 0.864438 0.001621 0.004863
0 0.682961 0.837642 0.002837 0.005469
0 0.682302 0.871409 0.002329 0.004556
0 0.679316 0.871260 0.003037 0.007363
0 0.657122 0.717942 0.003237 0.005835
0 0.655750 0.698184 0.003442 0.007803
0 0.653149 0.690837 0.002461 0.004780
0 0.653447 0.626709 0.002783 0.004590
0 0.650488 0.630698 0.002539 0.004395
0 0.654268 0.619055 0.002881 0.006187
0 0.654998 0.596821 0.002036 0.002598
0 0.652881 0.578325 0.001875 0.005156
0 0.654077 0.525391 0.001758 0.004082
0 0.647114 0.494233 0.001221 0.002344
0 0.650205 0.453540 0.001611 0.002539
0 0.649487 0.436917 0.001221 0.002583
0 0.667969 0.358184 0.001514 0.001904
0 0.704141 0.164502 0.002227 0.004863
0 0.701885 0.250554 0.002295 0.003716
0 0.656060 0.279868 0.001904 0.004395
0 0.670972 0.404050 0.001953 0.006401
0 0.669775 0.400317 0.001416 0.003809
0 0.653784 0.393594 0.002393 0.004590
0 0.655537 0.402393 0.001709 0.004199
0 0.670334 0.414297 0.001851 0.003809
0 0.664954 0.436995 0.002388 0.004497
0 0.662734 0.438423 0.002188 0.005107
0 0.659529 0.460220 0.002769 0.006123
0 0.884192 0.912231 0.002700 0.008018
0 0.901064 0.610859 0.002051 0.006152
0 0.902002 0.605176 0.001934 0.004980
0 0.897075 0.543740 0.001855 0.006328
0 0.896064 0.550024 0.002871 0.006748
0 0.896953 0.199482 0.003340 0.005469
0 0.650688 0.406753 0.003369 0.007275
0 0.652153 0.400088 0.002783 0.005957
0 0.668862 0.386338 0.003047 0.008086
0 0.666313 0.375703 0.001816 0.005332
0 0.667222 0.362842 0.002109 0.004102
0 0.669507 0.364893 0.001992 0.005508
0 0.664009 0.330269 0.002783 0.009619
0 0.667085 0.329131 0.002363 0.008184
0 0.010076 0.315581 0.004048 0.009111
0 0.001965 0.382603 0.002915 0.008506
0 0.008787 0.336025 0.002954 0.006836
0 0.881001 0.215630 0.002783 0.004385
0 0.906016 0.399097 0.001621 0.003340
0 0.901692 0.443350 0.002612 0.005146
0 0.005547 0.352932 0.003936 0.005903
0 0.899463 0.387534 0.002129 0.004453
0 0.885674 0.349080 0.001758 0.003022
0 0.886343 0.346196 0.002109 0.002744
0 0.887083 0.341555 0.002319 0.006255
0 0.898418 0.259941 0.002988 0.004453
0 0.899326 0.256631 0.001641 0.002871
0 0.899619 0.252529 0.002344 0.004629
0 0.632822 0.890337 0.003125 0.010547
0 0.684224 0.854536 0.003096 0.008086
0 0.637119 0.788484 0.002109 0.005737
0 0.636990 0.781440 0.002534 0.007852
0 0.654429 0.608784 0.002002 0.004932
0 0.654087 0.603999 0.001904 0.004639
0 0.651560 0.587175 0.002329 0.006685
0 0.653606 0.510464 0.001909 0.004492
0 0.653752 0.505801 0.002095 0.004932
0 0.656211 0.476089 0.002344 0.007031
0 0.656768 0.470405 0.002051 0.004102
0 0.657900 0.433857 0.001611 0.005957
0 0.681589 0.928066 0.002280 0.004131
0 0.678687 0.970813 0.003027 0.005415
0 0.678159 0.988496 0.002812 0.006611
0 0.682764 0.896599 0.003516 0.006401
0 0.678511 0.908025 0.003027 0.004497
0 0.635784 0.813984 0.002788 0.005908
0 0.655635 0.534792 0.001924 0.004253
0 0.635417 0.903313 0.001821 0.006079
0 0.630332 0.981516 0.002246 0.006118
0 0.907888 0.646807 0.001724 0.004150
0 0.908721 0.638682 0.001563 0.003076
