0 0.163496 0.284521 0.002822 0.008877
0 0.228450 0.197178 0.002456 0.004336
0 0.480938 0.251836 0.001660 0.003174
0 0.477593 0.267036 0.001953 0.002295
0 0.479839 0.265254 0.002148 0.002734
0 0.481938 0.262861 0.002441 0.002441
0 0.471499 0.278999 0.002227 0.004150
0 0.452258 0.294949 0.002632 0.002632
0 0.453374 0.287656 0.002832 0.003037
0 0.459753 0.284014 0.002632 0.002227
0 0.457019 0.288672 0.003237 0.002227
0 0.459246 0.298896 0.002427 0.004453
0 0.440972 0.305530 0.003545 0.003745
0 0.442844 0.303706 0.002427 0.002529
0 0.452615 0.308616 0.002935 0.004048
0 0.438491 0.306895 0.002227 0.003242
0 0.431201 0.315400 0.003037 0.002637
0 0.428416 0.316819 0.003540 0.002837
0 0.426440 0.319297 0.003242 0.003545
0 0.421860 0.326138 0.003545 0.004219
0 0.441941 0.333940 0.002700 0.004307
0 0.443459 0.330103 0.002700 0.003037
0 0.445190 0.326809 0.003291 0.003882
0 0.447930 0.320525 0.004219 0.004976
0 0.441099 0.325881 0.003037 0.003882
0 0.410637 0.348115 0.002026 0.003965
0 0.412832 0.350308 0.002363 0.004473
0 0.419666 0.348662 0.004048 0.004219
0 0.337422 0.453223 0.003076 0.002734
0 0.338765 0.450659 0.003223 0.002393
0 0.309150 0.491272 0.002051 0.001997
0 0.357334 0.429727 0.003320 0.003076
0 0.364756 0.423354 0.002734 0.003223
0 0.375129 0.410891 0.003306 0.003237
0 0.377766 0.407832 0.002534 0.003164
0 0.394402 0.383379 0.004810 0.004814
0 0.397246 0.378787 0.004375 0.003794
0 0.403943 0.373794 0.005083 0.006533
0 0.301523 0.501611 0.002686 0.003223
0 0.300818 0.506550 0.003442 0.003540
0 0.295781 0.139604 0.002744 0.003447
0 0.296111 0.120442 0.002632 0.002837
0 0.287000 0.129807 0.003042 0.004556
0 0.217314 0.216426 0.002100 0.004004
0 0.491016 0.253350 0.001514 0.002266
0 0.152654 0.717834 0.003208 0.002622
0 0.149226 0.721042 0.004380 0.003647
0 0.149480 0.715791 0.001968 0.002480
0 0.145808 0.646694 0.004761 0.004658
0 0.255393 0.582288 0.003345 0.003345
0 0.258479 0.578594 0.003442 0.004453
0 0.976833 0.697480 0.003501 0.005537
0 0.985291 0.682246 0.003501 0.006270
0 0.986455 0.691721 0.002041 0.003354
0 0.988206 0.676411 0.003794 0.005977
0 0.993525 0.675244 0.004229 0.005977
0 0.995422 0.670654 0.003062 0.003789
0 0.997244 0.665696 0.004956 0.006704
0 0.208247 0.205386 0.005908 0.002549
0 0.214087 0.203999 0.003223 0.002246
0 0.212012 0.206450 0.003955 0.002588
0 0.223530 0.202944 0.002764 0.004639
0 0.242527 0.177249 0.003120 0.006606
0 0.242607 0.183657 0.002109 0.008633
0 0.241616 0.181423 0.002080 0.007349
0 0.268552 0.156917 0.002212 0.005874
0 0.315681 0.097002 0.005913 0.002734
0 0.125811 0.325869 0.006055 0.001855
0 0.349663 0.056150 0.002734 0.007290
0 0.344805 0.057112 0.002734 0.005972
0 0.378987 0.027273 0.008101 0.003345
0 0.337786 0.047312 0.004761 0.002026
0 0.319609 0.075479 0.005273 0.002578
0 0.313691 0.095291 0.004639 0.001890
0 0.348237 0.088105 0.002959 0.005820
0 0.367295 0.044333 0.006162 0.002954
0 0.381233 0.016338 0.005972 0.002637
0 0.342859 0.074185 0.003042 0.005713
0 0.091218 0.356904 0.003403 0.003281
0 0.123853 0.674319 0.005205 0.002524
0 0.127229 0.675166 0.002534 0.006328
0 0.108005 0.693296 0.005415 0.002178
0 0.088730 0.719133 0.005098 0.002114
0 0.054624 0.766062 0.006299 0.002622
0 0.065474 0.752566 0.006279 0.002632
0 0.095886 0.791035 0.005347 0.003037
0 0.123481 0.754937 0.005127 0.002832
0 0.126045 0.750122 0.004512 0.001992
0 0.134131 0.659407 0.006582 0.002329
0 0.281216 0.532722 0.003613 0.002173
0 0.133450 0.316704 0.002622 0.003643
0 0.171372 0.270740 0.002227 0.005571
0 0.254924 0.555405 0.006479 0.003037
0 0.280967 0.535999 0.005156 0.002319
0 0.220513 0.217451 0.002637 0.002539
0 0.218755 0.220381 0.003516 0.003125
0 0.223452 0.207686 0.002539 0.002246
0 0.225117 0.195498 0.002637 0.002686
0 0.226411 0.192373 0.006104 0.003174
0 0.239116 0.207656 0.003105 0.004160
0 0.208440 0.235327 0.002739 0.004639
0 0.180615 0.240747 0.002734 0.003545
0 0.195029 0.245029 0.003320 0.003955
0 0.183452 0.235583 0.002734 0.001519
0 0.184363 0.233459 0.002935 0.002124
0 0.184363 0.257659 0.002935 0.002935
0 0.186084 0.260847 0.003135 0.002837
0 0.192310 0.256189 0.006279 0.005464
0 0.260786 0.551638 0.003750 0.003140
0 0.305010 0.494917 0.003525 0.004736
0 0.312998 0.485344 0.008809 0.002544
0 0.053481 0.412361 0.001973 0.009263
0 0.200215 0.649658 0.006562 0.002168
0 0.201357 0.651304 0.008262 0.002168
0 0.121375 0.328687 0.004517 0.001973
0 0.118516 0.333562 0.005850 0.001929
0 0.099019 0.350063 0.001709 0.005537
0 0.096506 0.348975 0.001880 0.006865
0 0.240945 0.570452 0.004858 0.004614
0 0.124932 0.310381 0.002637 0.006387
0 0.121777 0.314700 0.002637 0.003970
0 0.326956 0.472297 0.002446 0.005874
0 0.332158 0.464170 0.001953 0.004453
0 0.122546 0.318494 0.002476 0.007661
0 0.207129 0.645479 0.005566 0.002002
0 0.197334 0.658262 0.004688 0.001563
0 0.216282 0.631777 0.007173 0.002529
0 0.212107 0.636914 0.003804 0.001875
0 0.270369 0.542690 0.008931 0.002109
0 0.011738 0.445566 0.004102 0.006914
0 0.042146 0.416931 0.009536 0.002280
0 0.104795 0.343037 0.008350 0.002529
0 0.078911 0.368022 0.006035 0.001758
0 0.105437 0.334563 0.009194 0.002700
0 0.104551 0.339248 0.003203 0.001768
0 0.365288 0.003479 0.005264 0.002632
0 0.393130 0.025247 0.005869 0.002632
0 0.159941 0.290447 0.002363 0.004302
