0 0.083884 0.085818 0.004233 0.009370
0 0.357783 0.818699 0.002627 0.007349
0 0.357434 0.804001 0.003677 0.005952
0 0.370906 0.730520 0.004722 0.005249
0 0.322307 0.778472 0.004282 0.013857
0 0.320793 0.756682 0.003276 0.008062
0 0.321047 0.737153 0.007808 0.012344
0 0.101372 0.453298 0.002432 0.007896
0 0.088896 0.545110 0.002529 0.006479
0 0.130476 0.962393 0.002798 0.007178
0 0.102368 0.354014 0.002783 0.007959
0 0.108340 0.440803 0.003457 0.005483
0 0.124336 0.535371 0.003125 0.007256
0 0.133787 0.555071 0.003120 0.006499
0 0.134395 0.983657 0.003164 0.009141
0 0.148157 0.877146 0.003149 0.007349
0 0.126418 0.868457 0.002632 0.005469
0 0.126631 0.895127 0.003037 0.006670
0 0.121465 0.885283 0.002246 0.005908
0 0.071968 0.126521 0.004023 0.007524
0 0.094639 0.213647 0.002529 0.004756
0 0.088411 0.210813 0.002427 0.004761
0 0.106118 0.219661 0.003037 0.006782
0 0.087185 0.242898 0.002837 0.007085
0 0.110879 0.248467 0.003848 0.006885
0 0.100500 0.264768 0.003345 0.006079
0 0.098931 0.272666 0.002227 0.006279
0 0.089160 0.278132 0.001523 0.004253
0 0.104500 0.287346 0.002427 0.007290
0 0.102339 0.361555 0.002617 0.005991
0 0.130544 0.384734 0.002700 0.003970
0 0.086848 0.312180 0.002280 0.004048
0 0.091150 0.317117 0.002446 0.004136
0 0.096550 0.318845 0.003120 0.004390
0 0.100222 0.322222 0.002866 0.004385
0 0.102288 0.329856 0.002280 0.003628
0 0.101770 0.342141 0.003569 0.006509
0 0.106919 0.446492 0.003545 0.005669
0 0.101755 0.461729 0.002329 0.005166
0 0.086113 0.518279 0.003037 0.006685
0 0.095024 0.531643 0.003037 0.005464
0 0.098918 0.528201 0.002329 0.006274
0 0.117256 0.532012 0.003643 0.003496
0 0.136792 0.525522 0.002773 0.004521
0 0.131326 0.501177 0.003208 0.004521
0 0.109663 0.503110 0.004961 0.006885
0 0.109785 0.495110 0.003887 0.006440
0 0.106624 0.490127 0.002915 0.007168
0 0.089080 0.490044 0.003403 0.003887
0 0.092239 0.480686 0.002915 0.007046
0 0.084766 0.469023 0.002793 0.004619
0 0.105083 0.466494 0.002939 0.005879
0 0.120410 0.458203 0.005459 0.009023
0 0.087136 0.455371 0.002729 0.004619
0 0.083987 0.451067 0.003149 0.008188
0 0.101726 0.415227 0.003140 0.007290
0 0.101372 0.405759 0.003037 0.007388
0 0.107041 0.395937 0.003643 0.006582
0 0.103193 0.386826 0.001826 0.004150
0 0.100764 0.392952 0.003237 0.008101
0 0.086338 0.398999 0.003359 0.004619
0 0.082034 0.395325 0.002729 0.005249
0 0.081299 0.390601 0.002520 0.003779
0 0.080354 0.342520 0.003989 0.010078
0 0.090537 0.356377 0.002939 0.006719
0 0.139658 0.554473 0.002363 0.004893
0 0.123003 0.586248 0.002363 0.003716
0 0.121526 0.590298 0.002280 0.003711
0 0.088813 0.587031 0.003711 0.006582
0 0.088984 0.580999 0.003711 0.004644
0 0.089363 0.575811 0.003628 0.005566
0 0.088308 0.568682 0.003716 0.006328
0 0.103411 0.580535 0.003540 0.008101
0 0.093042 0.599495 0.003203 0.007085
0 0.096538 0.620588 0.003281 0.005903
0 0.099241 0.618437 0.002446 0.003291
0 0.098398 0.613752 0.003291 0.004390
0 0.142854 0.619160 0.002700 0.005654
0 0.126108 0.632368 0.003125 0.005400
0 0.120288 0.624309 0.003291 0.007847
0 0.095859 0.639624 0.002695 0.004727
0 0.101133 0.641689 0.002451 0.003799
0 0.097937 0.659207 0.003647 0.005103
0 0.100974 0.654165 0.002915 0.006680
0 0.107026 0.746616 0.003652 0.007188
0 0.134751 0.759421 0.003281 0.004858
0 0.112578 0.758691 0.002188 0.004619
0 0.110757 0.774910 0.001943 0.004009
0 0.114158 0.771448 0.002915 0.004614
0 0.112395 0.789519 0.002671 0.005200
0 0.114365 0.800840 0.002949 0.005342
0 0.112043 0.795251 0.002954 0.005132
0 0.108599 0.793352 0.003232 0.006118
0 0.113672 0.806179 0.002871 0.004048
0 0.122095 0.856365 0.002275 0.005425
0 0.128831 0.969478 0.002798 0.006650
0 0.361143 0.579858 0.004727 0.008047
0 0.306492 0.272751 0.003569 0.005669
0 0.308486 0.303826 0.003779 0.005669
0 0.307542 0.316633 0.003989 0.006929
0 0.310796 0.340254 0.002939 0.004619
0 0.312791 0.382346 0.004409 0.003569
0 0.311636 0.373108 0.004199 0.005249
0 0.310901 0.361350 0.003149 0.006509
0 0.310796 0.346973 0.003359 0.004619
0 0.339604 0.040476 0.004023 0.005601
0 0.335581 0.053772 0.002275 0.003501
0 0.336455 0.048350 0.002627 0.005947
0 0.346416 0.103928 0.002793 0.004614
0 0.334304 0.066372 0.003647 0.005957
0 0.331631 0.073906 0.003154 0.005713
0 0.330247 0.093904 0.002427 0.005103
0 0.321987 0.201306 0.004619 0.007769
0 0.309390 0.246028 0.003359 0.005669
0 0.306240 0.248757 0.002520 0.004829
0 0.304666 0.230281 0.003989 0.008188
0 0.304980 0.212539 0.003359 0.006299
0 0.350415 0.157898 0.003037 0.006079
0 0.352297 0.173813 0.003403 0.006807
0 0.351023 0.182563 0.003765 0.008750
0 0.352141 0.264878 0.002671 0.003770
0 0.355481 0.266641 0.002310 0.008262
0 0.352930 0.278547 0.002549 0.006079
0 0.356399 0.305217 0.002935 0.004556
0 0.356448 0.299851 0.003442 0.006382
0 0.356653 0.310432 0.002837 0.005874
0 0.360088 0.351133 0.002188 0.004736
0 0.357048 0.347366 0.002915 0.006196
0 0.358384 0.355627 0.002188 0.004009
0 0.357705 0.372454 0.002920 0.009478
0 0.359841 0.386201 0.002251 0.004287
0 0.310732 0.386270 0.002168 0.007383
0 0.310615 0.396230 0.001816 0.003633
0 0.310935 0.413972 0.002915 0.003501
0 0.312759 0.410693 0.002480 0.003936
0 0.311611 0.429846 0.002578 0.004214
0 0.311372 0.437373 0.002041 0.004961
0 0.360435 0.425708 0.003066 0.006709
0 0.363059 0.466970 0.003354 0.006411
0 0.315383 0.470034 0.002769 0.004375
0 0.313123 0.476157 0.002915 0.006123
0 0.356206 0.494963 0.002773 0.004663
0 0.355332 0.488113 0.003643 0.005542
0 0.359250 0.510312 0.003149 0.004551
0 0.355928 0.503926 0.002100 0.006123
0 0.317683 0.510796 0.004829 0.005879
0 0.317263 0.530847 0.003569 0.007349
0 0.317864 0.542385 0.005366 0.008706
0 0.318218 0.553979 0.003242 0.006377
0 0.351499 0.568254 0.003242 0.006479
0 0.317632 0.575596 0.003340 0.007598
0 0.318845 0.606133 0.003745 0.005869
0 0.318752 0.598577 0.004409 0.008608
0 0.352871 0.620203 0.003779 0.010708
0 0.318752 0.659255 0.003149 0.010708
0 0.348411 0.698425 0.003647 0.009233
0 0.346296 0.800173 0.002632 0.003960
0 0.324526 0.809873 0.003779 0.005039
0 0.355227 0.974607 0.004810 0.004136
0 0.547292 0.989036 0.006558 0.003354
0 0.997378 0.973552 0.005244 0.006929
0 0.988137 0.984060 0.003755 0.003159
0 0.954487 0.982117 0.003037 0.002671
0 0.953269 0.978655 0.004995 0.003765
0 0.947856 0.979746 0.004375 0.003037
0 0.934678 0.980659 0.005234 0.003643
0 0.916333 0.978594 0.005723 0.003398
0 0.881091 0.981267 0.006196 0.004858
0 0.874353 0.979990 0.005845 0.005225
0 0.683542 0.992622 0.003208 0.006416
0 0.672681 0.998235 0.004814 0.003354
0 0.509971 0.989424 0.002529 0.004131
0 0.505752 0.987104 0.002529 0.004219
0 0.471748 0.995706 0.003037 0.003550
0 0.427866 0.994951 0.003203 0.004131
0 0.398906 0.998059 0.002881 0.003657
0 0.394512 0.998096 0.001973 0.003447
0 0.377012 0.990159 0.002627 0.005425
0 0.372725 0.993569 0.002451 0.004551
0 0.364763 0.998535 0.003325 0.002930
0 0.351643 0.996282 0.003325 0.005776
0 0.330647 0.998098 0.004028 0.003804
0 0.336069 0.994619 0.004023 0.005596
0 0.340969 0.987795 0.004028 0.007700
0 0.345081 0.984121 0.003501 0.006650
0 0.324880 0.857605 0.002700 0.005229
0 0.329114 0.878613 0.002534 0.004727
0 0.328313 0.873047 0.003120 0.005566
0 0.331436 0.890471 0.003291 0.005483
0 0.358228 0.951414 0.002793 0.005708
0 0.358254 0.946035 0.003501 0.004199
0 0.361580 0.925303 0.002798 0.006123
0 0.369541 0.884011 0.005771 0.005073
0 0.362366 0.885061 0.003325 0.009624
0 0.327866 0.846777 0.002275 0.006123
