0 0.356357 0.669929 0.001758 0.003726
0 0.125554 0.002502 0.003149 0.004409
0 0.125923 0.015642 0.002529 0.004048
0 0.131685 0.022732 0.001924 0.004253
0 0.125063 0.030071 0.002227 0.003345
0 0.122375 0.029263 0.001714 0.002734
0 0.126733 0.041460 0.002129 0.004453
0 0.122017 0.050728 0.002432 0.004150
0 0.118684 0.050625 0.002837 0.003945
0 0.122178 0.054878 0.002529 0.003340
0 0.126228 0.059331 0.001519 0.002939
0 0.121409 0.065408 0.002427 0.003950
0 0.117317 0.074976 0.001313 0.002227
0 0.125869 0.068140 0.002422 0.004150
0 0.122886 0.081252 0.002529 0.004253
0 0.114473 0.093706 0.002324 0.003643
0 0.119395 0.093857 0.002227 0.003340
0 0.118577 0.097249 0.002622 0.002837
0 0.115034 0.113501 0.002422 0.003135
0 0.115896 0.116843 0.002134 0.002935
0 0.114680 0.130054 0.002134 0.003848
0 0.115591 0.135623 0.002139 0.003442
0 0.113511 0.139521 0.002227 0.003340
0 0.116001 0.139927 0.001924 0.003750
0 0.112256 0.143118 0.001924 0.003442
0 0.113162 0.148787 0.002925 0.003647
0 0.109814 0.143674 0.002129 0.003140
0 0.147236 0.139016 0.001416 0.002935
0 0.136853 0.143267 0.002134 0.003340
0 0.147759 0.095818 0.001855 0.003794
0 0.148623 0.059917 0.001465 0.003662
0 0.148672 0.063213 0.001562 0.002246
0 0.112153 0.162666 0.002402 0.003750
0 0.114644 0.165684 0.002461 0.004512
0 0.111099 0.156426 0.002051 0.002988
0 0.113389 0.178230 0.001758 0.004292
0 0.110947 0.198254 0.002393 0.004146
0 0.107009 0.187849 0.001968 0.003022
0 0.109226 0.191118 0.002183 0.003096
0 0.110000 0.177759 0.001338 0.002393
0 0.136006 0.177759 0.001758 0.003027
0 0.134041 0.178708 0.001616 0.003091
0 0.136858 0.236875 0.002280 0.002197
0 0.136648 0.255859 0.002192 0.002363
0 0.127957 0.271174 0.001353 0.002446
0 0.124841 0.300317 0.002026 0.002832
0 0.121448 0.311558 0.001519 0.002227
0 0.121602 0.314092 0.001367 0.002783
0 0.102549 0.296025 0.001816 0.002754
0 0.143542 0.185176 0.002632 0.004658
0 0.100220 0.319531 0.002109 0.003867
0 0.098955 0.324346 0.002812 0.004639
0 0.095332 0.325754 0.002041 0.003657
0 0.094241 0.313376 0.001265 0.002954
0 0.096914 0.315137 0.002109 0.002812
0 0.096985 0.318616 0.003091 0.004146
0 0.094102 0.319038 0.001543 0.002881
0 0.095474 0.322061 0.002041 0.002881
0 0.093564 0.332915 0.002002 0.002881
0 0.092637 0.335454 0.002002 0.002588
0 0.092563 0.338188 0.001855 0.002686
0 0.094663 0.337773 0.001758 0.003223
0 0.094590 0.340630 0.001709 0.002490
0 0.122676 0.347954 0.002246 0.003418
0 0.144312 0.318096 0.002832 0.004883
0 0.108555 0.436541 0.001689 0.003237
0 0.110874 0.435942 0.002393 0.003301
0 0.089512 0.445974 0.001523 0.006147
0 0.091445 0.448259 0.002109 0.003687
0 0.098022 0.469058 0.002539 0.002441
0 0.092959 0.454404 0.001416 0.002344
0 0.094102 0.456978 0.001758 0.002637
0 0.092466 0.458320 0.001611 0.002881
0 0.094614 0.460200 0.002393 0.003516
0 0.088569 0.481963 0.002197 0.002930
0 0.103242 0.486743 0.002021 0.005400
0 0.101538 0.481824 0.001758 0.003364
0 0.103564 0.474204 0.001416 0.002490
0 0.103589 0.470715 0.001855 0.004497
0 0.106162 0.470610 0.003076 0.004980
0 0.106187 0.474272 0.002246 0.002539
0 0.084873 0.469539 0.001758 0.002163
0 0.086982 0.468687 0.002227 0.003633
0 0.123647 0.476504 0.002578 0.004043
0 0.121128 0.477705 0.001992 0.003164
0 0.120396 0.481162 0.002051 0.003984
0 0.123003 0.480781 0.002109 0.003105
0 0.109858 0.497437 0.003174 0.004297
0 0.107246 0.492358 0.002637 0.005566
0 0.103335 0.499868 0.001953 0.003076
0 0.104482 0.496450 0.002588 0.003467
0 0.098843 0.499941 0.002148 0.003613
0 0.099331 0.496035 0.002344 0.003711
0 0.090601 0.349216 0.002627 0.003862
0 0.089397 0.353411 0.002554 0.004087
0 0.088923 0.356948 0.001313 0.002549
0 0.090420 0.358296 0.001240 0.002334
0 0.090271 0.361943 0.002407 0.004375
0 0.089849 0.367974 0.001631 0.002002
0 0.090066 0.371255 0.001460 0.002129
0 0.090125 0.376179 0.001216 0.001880
0 0.090383 0.391733 0.001470 0.002529
0 0.090310 0.394263 0.001724 0.002734
0 0.087651 0.416221 0.001758 0.003232
0 0.137529 0.411848 0.002178 0.005063
0 0.132671 0.434880 0.003379 0.005552
0 0.141482 0.382126 0.002534 0.004048
0 0.136516 0.160020 0.003042 0.006748
0 0.141406 0.168193 0.003105 0.003984
0 0.133564 0.090313 0.004150 0.006680
0 0.103013 0.520688 0.003037 0.004043
0 0.102720 0.525288 0.003174 0.004687
0 0.102690 0.532412 0.002100 0.003662
0 0.101787 0.536050 0.001953 0.003516
0 0.083369 0.542939 0.002441 0.004150
0 0.083247 0.550654 0.002393 0.004346
0 0.101719 0.541594 0.002441 0.004985
0 0.102158 0.547383 0.003027 0.006104
0 0.104600 0.552166 0.002148 0.003374
0 0.107725 0.544790 0.002051 0.002588
0 0.110190 0.543523 0.002197 0.002388
0 0.106240 0.541716 0.001807 0.003071
0 0.109023 0.540911 0.002979 0.002534
0 0.089373 0.540684 0.002349 0.002686
0 0.085906 0.538584 0.001655 0.003271
0 0.088228 0.537949 0.002197 0.002783
0 0.106411 0.563125 0.001611 0.003613
0 0.131997 0.553506 0.002002 0.003223
0 0.091753 0.581631 0.002227 0.003926
0 0.081077 0.595476 0.002534 0.006177
0 0.102529 0.595352 0.002227 0.003516
0 0.103843 0.607266 0.001416 0.003467
0 0.103843 0.610098 0.001709 0.002197
0 0.107783 0.615708 0.001904 0.002881
0 0.102168 0.614634 0.001904 0.003564
0 0.098501 0.619648 0.002734 0.003760
0 0.093267 0.621118 0.002979 0.004199
0 0.088481 0.624927 0.002393 0.003516
0 0.106548 0.651401 0.002686 0.005225
0 0.100713 0.664805 0.002344 0.005273
0 0.090874 0.659458 0.001514 0.002783
0 0.102163 0.675024 0.001563 0.003174
0 0.103335 0.668140 0.001855 0.003760
0 0.102358 0.671655 0.001953 0.003174
0 0.099795 0.673218 0.001904 0.002881
0 0.110278 0.686084 0.001465 0.002393
0 0.111328 0.688137 0.001807 0.001802
0 0.112720 0.690408 0.002246 0.003032
0 0.114673 0.691626 0.001465 0.002832
0 0.088940 0.695425 0.001709 0.002637
0 0.088696 0.698013 0.002002 0.002441
0 0.093188 0.701455 0.001807 0.003760
0 0.093091 0.704775 0.001807 0.002979
0 0.108245 0.718843 0.005063 0.005625
0 0.096116 0.724011 0.004995 0.005132
0 0.090735 0.727354 0.004360 0.003232
0 0.085674 0.762229 0.001973 0.004360
0 0.080083 0.760542 0.002041 0.002109
0 0.085391 0.775481 0.002109 0.003442
0 0.073120 0.805273 0.001562 0.003125
0 0.073755 0.808792 0.001660 0.003521
0 0.086953 0.848516 0.001660 0.003613
0 0.086367 0.851763 0.001855 0.002588
0 0.085830 0.854839 0.002051 0.003467
0 0.076418 0.880496 0.003882 0.004810
0 0.080723 0.954448 0.002178 0.003447
0 0.084451 0.960881 0.001899 0.002534
0 0.086208 0.964749 0.001616 0.003657
0 0.085012 0.967456 0.002603 0.002178
0 0.361970 0.011348 0.002427 0.004131
0 0.363184 0.049687 0.001699 0.003750
0 0.363418 0.054053 0.001816 0.003574
0 0.329053 0.092241 0.001758 0.003574
0 0.359260 0.119238 0.002427 0.004492
0 0.358613 0.133394 0.001621 0.003135
0 0.321880 0.180754 0.002588 0.004009
0 0.353699 0.314766 0.002036 0.004287
0 0.353486 0.319302 0.001758 0.004355
0 0.319529 0.383596 0.002534 0.002534
0 0.357620 0.434578 0.002310 0.004009
0 0.356870 0.449751 0.002461 0.003936
0 0.318374 0.427715 0.001318 0.002344
0 0.317185 0.414912 0.001685 0.002461
0 0.312637 0.500479 0.002168 0.004805
0 0.313105 0.507568 0.001934 0.002930
0 0.311501 0.549875 0.001421 0.003345
0 0.311907 0.553672 0.001421 0.003643
0 0.313589 0.565281 0.002383 0.003726
0 0.312180 0.576707 0.002397 0.005483
0 0.311931 0.591509 0.002319 0.004150
0 0.308423 0.634097 0.001699 0.004395
0 0.310503 0.633745 0.001992 0.003691
0 0.310737 0.637905 0.002344 0.004160
0 0.309429 0.662031 0.002051 0.004395
0 0.307524 0.665962 0.001855 0.005615
0 0.307302 0.690825 0.002241 0.004287
0 0.310681 0.692021 0.003374 0.005557
0 0.305369 0.705696 0.001187 0.003374
0 0.306035 0.709390 0.001406 0.003867
0 0.306733 0.724883 0.001514 0.004346
0 0.331753 0.843875 0.002187 0.005835
0 0.335645 0.871016 0.001816 0.003340
0 0.337080 0.881680 0.001289 0.002285
0 0.337432 0.883994 0.001172 0.002109
0 0.337373 0.886191 0.001172 0.001934
0 0.337402 0.888271 0.001230 0.001875
0 0.337461 0.890264 0.002402 0.001641
0 0.339863 0.898164 0.002129 0.003545
0 0.334861 0.936116 0.002446 0.004048
0 0.347573 0.832849 0.002178 0.002603
0 0.351904 0.756091 0.003105 0.005972
0 0.357236 0.673938 0.001826 0.003726
0 0.353474 0.673936 0.001899 0.003164
0 0.354458 0.658855 0.001758 0.003657
0 0.356638 0.634314 0.001479 0.002954
0 0.359836 0.632029 0.001968 0.002319
0 0.357305 0.631643 0.001826 0.002388
0 0.357656 0.628972 0.001689 0.002388
0 0.359099 0.629324 0.000913 0.002388
0 0.358635 0.590901 0.001519 0.003345
0 0.360288 0.589888 0.001367 0.003174
0 0.359653 0.582734 0.001367 0.003516
0 0.361265 0.586006 0.001563 0.002148
0 0.360571 0.570386 0.001270 0.002441
0 0.358813 0.568357 0.001367 0.001909
0 0.358472 0.563232 0.001660 0.002783
0 0.359692 0.565967 0.001465 0.002197
0 0.360718 0.552317 0.001758 0.002056
0 0.353137 0.370068 0.003208 0.005654
0 0.319897 0.332593 0.003545 0.004961
0 0.319946 0.338162 0.003242 0.006177
0 0.102153 0.283994 0.001758 0.004687
0 0.369734 0.053459 0.003413 0.003677
0 0.332578 0.863687 0.001641 0.002578
0 0.080513 0.937778 0.001816 0.006152
