0 0.266963 0.051328 0.003447 0.004785
0 0.285811 0.422495 0.008770 0.013301
0 0.294280 0.466584 0.005796 0.008062
0 0.252021 0.113728 0.005459 0.009868
0 0.261921 0.180627 0.006929 0.007769
0 0.268010 0.243931 0.005249 0.012178
0 0.268115 0.255059 0.006299 0.008398
0 0.268115 0.275005 0.005459 0.010918
0 0.268010 0.291274 0.004409 0.010703
0 0.292031 0.456760 0.005039 0.006509
0 0.294866 0.478174 0.004829 0.007764
0 0.254177 0.094600 0.003149 0.004199
0 0.328813 0.830894 0.006348 0.009980
0 0.259080 0.117080 0.003501 0.005771
0 0.271204 0.324568 0.005249 0.008228
0 0.259558 0.140183 0.004897 0.007173
0 0.265857 0.190747 0.005249 0.008574
0 0.263784 0.169036 0.003320 0.007427
0 0.259070 0.076787 0.006968 0.009580
0 0.264895 0.204587 0.005952 0.016274
0 0.317234 0.731328 0.010884 0.023945
0 0.308799 0.657373 0.007861 0.015137
0 0.307104 0.635034 0.006045 0.011592
0 0.295540 0.506392 0.004536 0.008564
0 0.259778 0.086899 0.006646 0.005947
0 0.510876 0.417483 0.005796 0.012095
0 0.510371 0.398208 0.004785 0.010332
0 0.257327 0.132827 0.005249 0.006475
0 0.262373 0.162183 0.003086 0.005811
0 0.497888 0.312837 0.006929 0.009238
0 0.490540 0.271265 0.006089 0.009658
0 0.490015 0.234106 0.005459 0.007979
0 0.287729 0.443909 0.006299 0.009575
0 0.483687 0.185620 0.005439 0.008164
0 0.475071 0.071338 0.005747 0.006953
0 0.475977 0.054861 0.006348 0.009673
0 0.285962 0.409949 0.005439 0.009370
0 0.241045 0.056902 0.010332 0.015366
