0 0.296707 0.442295 0.005083 0.007256
0 0.285823 0.472971 0.005103 0.007290
0 0.281929 0.486055 0.004023 0.006123
0 0.276067 0.519382 0.002446 0.004897
0 0.448491 0.820796 0.006895 0.014512
0 0.345349 0.310339 0.008706 0.013423
0 0.439124 0.046724 0.006089 0.011338
0 0.431985 0.061946 0.008608 0.016587
0 0.374092 0.226831 0.007979 0.009434
0 0.365254 0.250039 0.006299 0.008818
0 0.359675 0.263589 0.007290 0.012354
0 0.334636 0.343464 0.005142 0.011187
0 0.319382 0.384431 0.006167 0.007622
0 0.288740 0.463787 0.003643 0.006997
