0 0.289094 0.497314 0.003384 0.005342
0 0.283408 0.165010 0.003418 0.004590
0 0.280332 0.162739 0.002637 0.006592
0 0.565771 0.819236 0.007715 0.014077
0 0.282676 0.098281 0.005293 0.010566
0 0.281685 0.114453 0.005752 0.013574
0 0.278467 0.075684 0.002832 0.005664
0 0.276516 0.011841 0.003911 0.006201
0 0.276660 0.017456 0.003516 0.004736
0 0.276348 0.021484 0.002588 0.003906
0 0.276443 0.024976 0.003374 0.005225
0 0.288296 0.375112 0.004688 0.006738
0 0.287483 0.380623 0.004458 0.006333
0 0.289590 0.518081 0.003516 0.006279
0 0.290161 0.540452 0.003369 0.006401
0 0.290327 0.550083 0.003447 0.006963
0 0.290713 0.564497 0.004219 0.006260
0 0.278418 0.034321 0.004883 0.008887
0 0.290405 0.456458 0.005420 0.008052
0 0.289600 0.412373 0.003613 0.007324
0 0.285110 0.328635 0.004888 0.011284
0 0.284604 0.315137 0.003975 0.008398
0 0.284912 0.289446 0.003906 0.009351
