0 0.600769 0.046497 0.007690 0.014868
0 0.875063 0.571465 0.005439 0.007256
0 0.961260 0.737744 0.008770 0.013604
0 0.942363 0.703582 0.006045 0.008765
0 0.932537 0.680757 0.005142 0.005439
0 0.833567 0.456040 0.005073 0.008047
0 0.773752 0.381267 0.004839 0.006050
0 0.753635 0.341443 0.007583 0.011841
0 0.744944 0.331240 0.007788 0.008564
0 0.737432 0.313245 0.008818 0.016587
0 0.718535 0.269573 0.008398 0.009868
0 0.717488 0.216709 0.011489 0.016328
0 0.677627 0.190083 0.010850 0.013994
0 0.670408 0.151833 0.009321 0.006050
0 0.658818 0.150195 0.003779 0.006807
0 0.639448 0.127727 0.006475 0.009272
0 0.644758 0.099473 0.007349 0.007979
0 0.629536 0.078372 0.007139 0.009028
0 0.663259 0.133669 0.009771 0.016040
0 0.626516 0.106550 0.005103 0.005835
0 0.616091 0.083003 0.003208 0.006562
0 0.382839 0.066853 0.006802 0.011587
0 0.349331 0.032085 0.007812 0.008564
0 0.395142 0.087615 0.008936 0.006284
0 0.406541 0.148503 0.010884 0.011187
0 0.340959 0.482231 0.006528 0.009434
0 0.331345 0.466633 0.009800 0.013062
0 0.307437 0.415876 0.007256 0.017778
0 0.233103 0.279546 0.012388 0.018262
0 0.218093 0.252148 0.006714 0.013018
0 0.209990 0.232737 0.007617 0.017778
0 0.199651 0.210427 0.007983 0.013062
0 0.148811 0.648250 0.009272 0.011372
0 0.189636 0.715112 0.008706 0.012695
0 0.107463 0.581240 0.009067 0.011250
0 0.062114 0.489270 0.005439 0.006528
0 0.035630 0.436121 0.006172 0.007622
0 0.018101 0.394299 0.008359 0.007837
0 0.046575 0.459604 0.008882 0.012012
0 0.078569 0.520198 0.007559 0.011587
0 0.243069 0.307012 0.007720 0.007256
0 0.358274 0.038394 0.008706 0.007617
0 0.379858 0.056716 0.007617 0.007983
0 0.376958 0.075217 0.005439 0.005806
0 0.392195 0.080115 0.004712 0.006167
0 0.386392 0.123508 0.007256 0.010522
0 0.411060 0.130581 0.007256 0.011611
0 0.419768 0.181917 0.008706 0.012700
0 0.433191 0.212754 0.006528 0.007617
0 0.441370 0.231731 0.006089 0.008188
0 0.461841 0.274773 0.006299 0.011548
0 0.498430 0.337993 0.006050 0.007305
0 0.504099 0.347190 0.004790 0.006050
0 0.627952 0.068958 0.005669 0.006509
0 0.658711 0.119973 0.006299 0.006089
0 0.618503 0.089954 0.004829 0.006089
0 0.613152 0.073892 0.006714 0.009238
0 0.699653 0.234187 0.007559 0.011548
0 0.710361 0.253083 0.005879 0.008188
0 0.740801 0.274395 0.009658 0.013018
0 0.727471 0.287307 0.005664 0.007769
0 0.792976 0.413782 0.005444 0.007622
0 0.826716 0.435369 0.005444 0.008706
0 0.833792 0.447705 0.005083 0.007256
0 0.848013 0.513079 0.007979 0.012339
0 0.869961 0.558428 0.007617 0.015234
