0 0.874187 0.166333 0.006089 0.008818
0 0.195112 0.079868 0.004199 0.006475
0 0.187783 0.115933 0.005039 0.006299
0 0.176411 0.160417 0.004375 0.007524
0 0.170986 0.184912 0.002627 0.010322
0 0.446707 0.046975 0.006294 0.006548
0 0.445823 0.087412 0.005542 0.013857
0 0.440156 0.108450 0.008818 0.014106
0 0.674458 0.040198 0.004531 0.009673
0 0.677566 0.050903 0.005737 0.008438
0 0.679070 0.086707 0.005073 0.007524
0 0.646001 0.134561 0.004023 0.010146
0 0.661660 0.154944 0.006299 0.009624
0 0.635593 0.200784 0.005249 0.009272
0 0.621421 0.253269 0.003848 0.007524
0 0.611272 0.299458 0.005249 0.008223
0 0.599946 0.372568 0.004619 0.007559
0 0.877126 0.156465 0.008188 0.007139
0 0.868308 0.243069 0.004829 0.006509
0 0.860959 0.301333 0.005249 0.007139
0 0.831145 0.363582 0.006509 0.009448
0 0.824685 0.415596 0.006528 0.011250
0 0.819243 0.437725 0.007979 0.009072
0 0.836838 0.440991 0.006890 0.009072
0 0.811807 0.474368 0.006895 0.012700
0 0.796580 0.520500 0.007056 0.014868
0 0.828577 0.472126 0.007056 0.014360
0 0.795662 0.652830 0.004712 0.006167
0 0.793755 0.666411 0.004961 0.005869
0 0.752993 0.775642 0.006553 0.010327
0 0.763730 0.725981 0.005459 0.013018
0 0.433582 0.131421 0.007915 0.020713
0 0.427910 0.162241 0.005449 0.015781
0 0.142556 0.319131 0.007808 0.012070
