0 0.030532 0.249270 0.014814 0.017534
0 0.744941 0.714041 0.015117 0.011187
0 0.251855 0.154983 0.009824 0.009575
0 0.362793 0.666799 0.006270 0.006851
0 0.099497 0.334556 0.004199 0.004199
0 0.495098 0.801941 0.004199 0.005249
0 0.511260 0.818213 0.004619 0.005039
0 0.066521 0.294866 0.006509 0.006509
0 0.216528 0.482617 0.005322 0.005371
0 0.225312 0.493630 0.008223 0.008921
0 0.278762 0.556965 0.007349 0.006821
0 0.306860 0.591958 0.006475 0.006123
0 0.342891 0.640994 0.004375 0.005981
0 0.357107 0.659290 0.003647 0.005249
0 0.257676 0.530076 0.008818 0.013101
0 0.200354 0.461196 0.009028 0.010918
0 0.084734 0.310515 0.008188 0.009868
