0 0.358628 0.129321 0.003643 0.010107
0 0.356440 0.134133 0.004619 0.013853
0 0.355842 0.149978 0.003872 0.007671
0 0.356133 0.156658 0.004258 0.007388
0 0.354775 0.213064 0.003027 0.006060
0 0.589712 0.090547 0.004229 0.005225
0 0.572722 0.016887 0.003872 0.007651
0 0.576636 0.022007 0.003369 0.002979
0 0.577539 0.025432 0.004590 0.006460
0 0.577173 0.063628 0.003467 0.002256
0 0.577075 0.065684 0.003271 0.003223
0 0.589502 0.083423 0.003125 0.005264
0 0.586299 0.083523 0.003643 0.006479
0 0.564380 0.112988 0.003955 0.008105
0 0.583904 0.126396 0.003843 0.005117
0 0.797813 0.371523 0.003516 0.007031
0 0.794255 0.457668 0.007065 0.012505
0 0.358633 0.109424 0.003809 0.010156
0 0.344888 0.056460 0.003984 0.006797
0 0.357520 0.184277 0.003125 0.006104
0 0.357676 0.255039 0.003047 0.006621
0 0.356943 0.270742 0.003105 0.005801
0 0.354736 0.270449 0.002832 0.007910
0 0.359045 0.329751 0.003540 0.006074
0 0.364951 0.414385 0.004492 0.007471
0 0.787969 0.140762 0.002832 0.006396
0 0.363726 0.394883 0.004395 0.008086
0 0.794033 0.118350 0.002197 0.004883
0 0.821636 0.586296 0.004014 0.005630
0 0.571025 0.012466 0.003262 0.006357
0 0.791885 0.119106 0.002393 0.005029
0 0.582781 0.130474 0.003452 0.005674
0 0.568296 0.180493 0.004248 0.012744
0 0.586621 0.058618 0.004102 0.007861
0 0.566602 0.213293 0.003320 0.006274
0 0.565381 0.234023 0.003027 0.007109
0 0.569890 0.352905 0.002280 0.004150
0 0.795063 0.121243 0.002686 0.004692
0 0.806689 0.204260 0.004385 0.009536
0 0.796631 0.256260 0.002979 0.006445
0 0.817488 0.321423 0.004390 0.006665
0 0.816230 0.370920 0.004160 0.007593
0 0.797866 0.514961 0.004658 0.008203
0 0.818721 0.531160 0.003643 0.004556
0 0.801106 0.552729 0.004253 0.005771
0 0.805640 0.578779 0.002686 0.004834
0 0.803149 0.577876 0.002783 0.003809
0 0.802222 0.581440 0.002686 0.004395
0 0.804697 0.728682 0.003711 0.006494
0 0.807612 0.837417 0.003955 0.006348
0 0.803687 0.830645 0.002988 0.004746
0 0.807661 0.854385 0.002988 0.006328
0 0.808120 0.919326 0.005029 0.009668
0 0.817329 0.617759 0.003750 0.006094
0 0.801201 0.631499 0.004805 0.006738
0 0.565430 0.280576 0.004590 0.009131
0 0.798115 0.407190 0.002461 0.004419
0 0.799070 0.410171 0.003218 0.005625
0 0.569890 0.355613 0.002378 0.003608
0 0.570962 0.365320 0.002490 0.005249
0 0.566748 0.334456 0.002441 0.004067
0 0.565830 0.337563 0.002461 0.004395
0 0.568296 0.338369 0.001885 0.004346
0 0.822705 0.600146 0.004492 0.005371
0 0.805591 0.716138 0.003760 0.006982
0 0.816816 0.297827 0.002871 0.004932
0 0.791621 0.229326 0.002832 0.005273
0 0.789033 0.225078 0.002539 0.004199
0 0.789180 0.228789 0.002734 0.005469
0 0.789287 0.167085 0.003867 0.009609
0 0.788203 0.176431 0.003574 0.007676
0 0.804712 0.169956 0.003564 0.006055
0 0.794409 0.093848 0.004346 0.007715
0 0.787122 0.184077 0.003735 0.007764
0 0.809907 0.228701 0.003418 0.005566
0 0.794978 0.296875 0.004019 0.007812
0 0.588433 0.075344 0.004346 0.005347
