0 0.576870 0.064824 0.004043 0.006094
0 0.354917 0.213403 0.003750 0.006094
0 0.356311 0.156038 0.004302 0.006919
0 0.355806 0.149668 0.005312 0.007510
0 0.358545 0.129546 0.003418 0.010293
0 0.358787 0.110361 0.004077 0.009941
0 0.573218 0.383530 0.004687 0.005957
0 0.589380 0.090898 0.003271 0.005078
0 0.806621 0.204360 0.006416 0.010967
0 0.816260 0.370537 0.004248 0.006797
0 0.797915 0.515122 0.004883 0.008008
0 0.818557 0.530969 0.003813 0.004858
0 0.800815 0.552969 0.004102 0.005615
0 0.817271 0.617549 0.004512 0.006035
0 0.586357 0.058342 0.004736 0.008989
0 0.570913 0.012930 0.002900 0.006855
0 0.572681 0.016687 0.002979 0.005952
0 0.588437 0.075410 0.004902 0.006494
0 0.589624 0.083552 0.003369 0.005571
0 0.586453 0.083215 0.003472 0.006411
0 0.564287 0.112925 0.004707 0.008789
0 0.583921 0.126641 0.003223 0.004785
0 0.582708 0.130815 0.003306 0.005811
0 0.568433 0.179805 0.004785 0.010986
0 0.567043 0.213477 0.003726 0.006113
0 0.565479 0.234033 0.004043 0.007266
0 0.565452 0.280645 0.004897 0.010635
0 0.569946 0.354380 0.003076 0.006709
0 0.570825 0.365024 0.002539 0.004756
0 0.794126 0.093765 0.003926 0.007441
0 0.788286 0.141289 0.003232 0.007285
0 0.789258 0.167622 0.003906 0.009375
0 0.804819 0.170215 0.003271 0.005811
0 0.786990 0.183896 0.003862 0.007734
0 0.788196 0.176885 0.003638 0.007031
0 0.798325 0.409409 0.004727 0.007930
0 0.797969 0.371563 0.002979 0.005566
0 0.795251 0.296704 0.004370 0.006787
0 0.794187 0.457341 0.005903 0.010825
0 0.821274 0.586338 0.003418 0.005713
0 0.822795 0.599854 0.004282 0.005762
0 0.809668 0.228162 0.004004 0.006274
0 0.791516 0.229348 0.003022 0.006118
0 0.788989 0.227336 0.002783 0.007407
0 0.787788 0.202954 0.002295 0.004199
0 0.786177 0.203052 0.002100 0.005176
