0 0.517383 0.234578 0.005762 0.008120
0 0.516716 0.314023 0.006577 0.010469
0 0.514060 0.273269 0.004897 0.005991
0 0.516699 0.187334 0.003027 0.006445
0 0.518674 0.336106 0.004790 0.008159
0 0.520271 0.420430 0.006558 0.009043
0 0.520801 0.399148 0.005498 0.008687
0 0.295767 0.221682 0.003936 0.010845
0 0.299192 0.167573 0.004048 0.008691
0 0.296682 0.109131 0.006919 0.009756
0 0.298899 0.117205 0.004253 0.012046
0 0.300405 0.093525 0.004434 0.007275
0 0.293857 0.089622 0.004414 0.008335
0 0.298442 0.070979 0.004307 0.006528
0 0.304783 0.064146 0.006157 0.007139
0 0.305225 0.053994 0.005762 0.007988
0 0.290537 0.036826 0.005078 0.007568
0 0.286943 0.029094 0.004238 0.007700
0 0.298828 0.077686 0.002930 0.004492
0 0.300486 0.081885 0.002827 0.005273
0 0.298677 0.140505 0.003408 0.006304
0 0.299653 0.146267 0.002939 0.005317
0 0.295498 0.157695 0.003027 0.006787
0 0.298330 0.158232 0.003223 0.006006
0 0.291458 0.270723 0.002935 0.005332
0 0.291067 0.266377 0.003032 0.005527
0 0.294146 0.286895 0.002139 0.005127
0 0.291167 0.303032 0.003213 0.004785
0 0.290415 0.298906 0.002783 0.004834
0 0.293638 0.295537 0.002881 0.008154
0 0.293140 0.326050 0.002930 0.004590
0 0.290845 0.324927 0.002539 0.005078
0 0.284546 0.383228 0.002637 0.004736
0 0.293652 0.380493 0.002979 0.005811
0 0.293567 0.710220 0.005688 0.015332
0 0.292422 0.636592 0.004453 0.009316
0 0.293994 0.620840 0.002930 0.007715
0 0.297939 0.457271 0.003125 0.005664
0 0.297593 0.435576 0.002197 0.004785
0 0.293628 0.397290 0.002490 0.004932
0 0.294834 0.403091 0.002783 0.005029
0 0.286118 0.391328 0.003320 0.006406
0 0.294702 0.232319 0.004541 0.009922
0 0.291907 0.285718 0.002563 0.005986
0 0.293508 0.250269 0.003813 0.004834
0 0.293101 0.255125 0.004873 0.004692
0 0.296184 0.389524 0.003696 0.009136
0 0.294326 0.421729 0.005547 0.008398
0 0.295566 0.486277 0.006758 0.011812
0 0.522354 0.055205 0.004189 0.007637
0 0.519709 0.070166 0.005044 0.007520
0 0.516863 0.226633 0.003843 0.005542
