0 0.290938 0.456616 0.005605 0.006787
0 0.287314 0.380693 0.002930 0.006689
0 0.283474 0.254253 0.002788 0.005518
0 0.282573 0.098721 0.004932 0.010645
0 0.290532 0.550229 0.003125 0.007295
0 0.278350 0.074998 0.003291 0.005229
0 0.276758 0.024561 0.004004 0.006680
0 0.277180 0.018621 0.002886 0.005063
0 0.276230 0.012393 0.003633 0.006797
0 0.289858 0.541592 0.002344 0.005566
0 0.289551 0.518164 0.002148 0.005078
0 0.280378 0.163169 0.002847 0.005615
0 0.283779 0.164756 0.003369 0.004980
0 0.289861 0.412114 0.004370 0.008018
0 0.286777 0.346953 0.003047 0.005508
0 0.279880 0.088540 0.003237 0.005205
0 0.284687 0.329404 0.002393 0.006689
0 0.285664 0.327085 0.002490 0.006055
0 0.284653 0.314990 0.003105 0.006504
0 0.284883 0.289131 0.005137 0.010840
0 0.280410 0.127002 0.002812 0.005664
0 0.278276 0.082244 0.002646 0.004849
