0 0.290815 0.298921 0.002637 0.004453
0 0.291064 0.302966 0.002930 0.004810
0 0.520752 0.399460 0.004785 0.009692
0 0.514189 0.272966 0.004531 0.008550
0 0.517727 0.234990 0.004595 0.007285
0 0.520034 0.419897 0.005146 0.009707
0 0.298513 0.071230 0.003657 0.005547
0 0.317791 0.023372 0.004526 0.006870
0 0.297554 0.435254 0.002930 0.005176
0 0.304229 0.063535 0.005264 0.008223
0 0.304875 0.053782 0.004575 0.007075
0 0.298584 0.445364 0.002832 0.005376
0 0.298271 0.456567 0.002783 0.005566
0 0.291001 0.557168 0.002246 0.005371
0 0.289031 0.557808 0.002476 0.005459
0 0.293477 0.611865 0.002188 0.004492
0 0.294038 0.615303 0.002236 0.004258
0 0.293662 0.712988 0.005488 0.011621
0 0.522266 0.054736 0.003809 0.006250
0 0.535112 0.040806 0.002979 0.005566
0 0.289541 0.035029 0.004004 0.006104
0 0.517166 0.314160 0.006206 0.010937
0 0.291357 0.268303 0.004590 0.011421
0 0.293049 0.252415 0.004849 0.010688
0 0.294922 0.232097 0.004102 0.009536
0 0.296140 0.221929 0.003706 0.008945
0 0.299031 0.166897 0.003237 0.007231
0 0.298877 0.117161 0.004980 0.008843
0 0.297070 0.109365 0.003223 0.006611
0 0.294614 0.090161 0.003096 0.007080
0 0.315430 0.029209 0.003223 0.005078
0 0.516526 0.186963 0.003755 0.006738
0 0.516689 0.226885 0.003418 0.006396
0 0.287490 0.029780 0.004492 0.007617
0 0.302222 0.073201 0.003564 0.005649
0 0.300269 0.082234 0.002588 0.005356
0 0.299023 0.077285 0.002832 0.004932
0 0.290400 0.324956 0.002188 0.005371
0 0.293655 0.381680 0.002339 0.005664
0 0.295757 0.388540 0.002832 0.005713
0 0.285574 0.391865 0.002788 0.006113
0 0.284695 0.383511 0.002104 0.003369
0 0.293533 0.397407 0.002788 0.005576
0 0.294268 0.285090 0.002588 0.007466
0 0.292095 0.285066 0.002539 0.007231
0 0.293779 0.279570 0.003271 0.004844
0 0.298071 0.158247 0.003418 0.008008
0 0.295703 0.156636 0.002881 0.007812
0 0.299805 0.146370 0.003516 0.006187
0 0.298542 0.140090 0.003657 0.006938
0 0.295120 0.402437 0.003130 0.007236
0 0.293706 0.420186 0.002002 0.004688
0 0.294937 0.422227 0.002178 0.005059
0 0.299956 0.094053 0.004980 0.007275
0 0.518364 0.391960 0.004893 0.006870
0 0.518530 0.335933 0.003223 0.005664
0 0.296121 0.486541 0.006987 0.010083
0 0.293833 0.295903 0.003633 0.007676
