0 0.326826 0.175693 0.006094 0.013789
0 0.414993 0.532197 0.004985 0.009219
0 0.420454 0.438926 0.003613 0.005762
0 0.442498 0.286182 0.004429 0.007520
0 0.667393 0.350835 0.005000 0.010039
0 0.425486 0.059771 0.004556 0.007695
0 0.669351 0.301084 0.004229 0.006543
0 0.668728 0.308167 0.004253 0.006782
0 0.666653 0.316113 0.005571 0.009316
0 0.421858 0.209109 0.002817 0.005757
0 0.670640 0.115330 0.004561 0.011030
0 0.419854 0.375012 0.004570 0.010571
0 0.422852 0.213997 0.003711 0.007261
0 0.395061 0.013093 0.003892 0.007925
