0 0.284758 0.314756 0.003403 0.007412
0 0.285000 0.289058 0.005586 0.012148
0 0.283545 0.165327 0.003076 0.005566
0 0.279292 0.094141 0.002393 0.005029
0 0.280530 0.126592 0.002710 0.005986
0 0.278313 0.082222 0.002134 0.004219
0 0.278542 0.075081 0.004077 0.006401
0 0.279907 0.087876 0.002812 0.004512
0 0.279741 0.034365 0.003320 0.007959
0 0.277151 0.034749 0.003618 0.008140
0 0.282446 0.099219 0.004346 0.012012
0 0.282346 0.111987 0.003560 0.008154
0 0.279780 0.115820 0.003418 0.008789
0 0.286816 0.346973 0.003418 0.006445
0 0.289482 0.517969 0.002930 0.005859
0 0.289902 0.541143 0.002197 0.004590
0 0.290383 0.549751 0.002671 0.005752
0 0.313174 0.713555 0.005059 0.007168
0 0.313926 0.738521 0.002832 0.004834
0 0.316807 0.760034 0.002832 0.004150
0 0.510200 0.074082 0.005469 0.010059
0 0.287705 0.380059 0.003340 0.006855
0 0.288496 0.374932 0.002930 0.006563
0 0.277012 0.018394 0.003164 0.004570
0 0.276694 0.024194 0.003799 0.007031
0 0.276660 0.012524 0.003447 0.007734
0 0.290671 0.456875 0.004438 0.007129
0 0.289468 0.411934 0.004199 0.007471
0 0.284697 0.328967 0.005225 0.011548
