0 0.795044 0.296746 0.004639 0.008530
0 0.357788 0.130171 0.006592 0.015518
0 0.568335 0.178809 0.005225 0.010449
0 0.794304 0.457395 0.005503 0.010601
0 0.799028 0.408955 0.005361 0.010391
0 0.798735 0.371543 0.004219 0.008516
0 0.797903 0.349524 0.005063 0.009829
0 0.810330 0.228308 0.005425 0.007349
0 0.804468 0.170132 0.004551 0.007520
0 0.786953 0.183855 0.004082 0.008228
0 0.789543 0.167612 0.004380 0.009072
0 0.794480 0.093398 0.004976 0.010039
0 0.565620 0.280835 0.003711 0.008984
0 0.567041 0.212861 0.002979 0.004736
0 0.572817 0.144680 0.003633 0.005679
0 0.570720 0.142046 0.002915 0.003584
0 0.564324 0.112490 0.004585 0.010059
0 0.586638 0.082356 0.003013 0.006206
0 0.589431 0.082722 0.002456 0.004976
0 0.588582 0.074844 0.004897 0.007148
0 0.586692 0.057693 0.004341 0.007378
0 0.576719 0.024023 0.006367 0.011338
0 0.571997 0.014089 0.005361 0.010571
0 0.821143 0.586089 0.004619 0.007412
0 0.822725 0.599700 0.003887 0.006196
0 0.816772 0.297749 0.003369 0.006064
0 0.565474 0.232925 0.002441 0.004521
0 0.569695 0.353547 0.004292 0.006606
0 0.573560 0.383179 0.003574 0.005332
0 0.345317 0.057363 0.004131 0.007002
0 0.110981 0.263750 0.003594 0.009238
0 0.111440 0.237715 0.003223 0.006445
0 0.111885 0.154805 0.002979 0.005811
0 0.113599 0.173267 0.002637 0.004687
0 0.113291 0.192842 0.003857 0.006445
0 0.583252 0.128491 0.006055 0.010596
