0 0.310083 0.085134 0.005469 0.010581
0 0.310386 0.007588 0.006680 0.015117
0 0.297839 0.364033 0.005776 0.015117
0 0.538962 0.075642 0.005444 0.009673
0 0.296951 0.398608 0.005796 0.010078
0 0.288601 0.503560 0.003325 0.006953
0 0.287544 0.526235 0.004229 0.007559
0 0.287241 0.536362 0.004834 0.007256
0 0.287092 0.550271 0.004536 0.004839
0 0.544382 0.822251 0.010581 0.017129
0 0.307158 0.059939 0.004199 0.005249
0 0.306184 0.112209 0.002632 0.005063
0 0.306843 0.151323 0.003042 0.004736
0 0.300464 0.275063 0.006123 0.010645
0 0.296433 0.313752 0.005249 0.011196
0 0.294380 0.442146 0.005459 0.007554
0 0.299250 0.700364 0.004829 0.004829
