0 0.294312 0.090020 0.003955 0.008057
0 0.293115 0.252285 0.004883 0.010234
0 0.295776 0.486084 0.004248 0.008594
0 0.304539 0.053291 0.005249 0.007979
0 0.300703 0.094114 0.004355 0.006987
0 0.304517 0.063740 0.004639 0.007676
0 0.317832 0.024023 0.004414 0.007275
0 0.298945 0.117271 0.005020 0.010645
0 0.517791 0.234500 0.005063 0.008267
0 0.517510 0.313958 0.004658 0.011040
0 0.521064 0.399097 0.005703 0.009600
0 0.519905 0.422002 0.005347 0.007285
0 0.296013 0.315732 0.002866 0.004785
0 0.293521 0.382693 0.002324 0.006118
0 0.295735 0.388843 0.003374 0.006748
0 0.285688 0.391992 0.003115 0.005957
0 0.293574 0.397310 0.002637 0.005566
0 0.295234 0.403293 0.003027 0.007173
0 0.294023 0.419844 0.002148 0.003760
0 0.297681 0.435427 0.002344 0.004692
0 0.298071 0.456831 0.003369 0.005820
0 0.294404 0.285508 0.002461 0.005742
0 0.291855 0.284629 0.003105 0.007266
0 0.293994 0.280000 0.003398 0.006094
0 0.293879 0.295813 0.004009 0.008159
0 0.290540 0.299009 0.002827 0.005078
0 0.291052 0.302939 0.002876 0.004736
0 0.293103 0.324561 0.002485 0.005859
0 0.290649 0.325293 0.002783 0.006250
0 0.293774 0.613452 0.003984 0.008555
0 0.290747 0.557427 0.002051 0.004883
0 0.289136 0.557671 0.001758 0.004199
0 0.524302 0.454673 0.003516 0.005029
0 0.518071 0.391934 0.003916 0.006426
0 0.518691 0.335742 0.003594 0.005566
0 0.515186 0.272634 0.002637 0.005513
0 0.513159 0.271755 0.002881 0.005815
0 0.516846 0.226440 0.003809 0.006152
0 0.516582 0.187041 0.003516 0.006689
0 0.522451 0.055139 0.004473 0.007446
0 0.296172 0.185110 0.004307 0.009282
0 0.296553 0.177051 0.005566 0.008691
0 0.295916 0.157734 0.002505 0.005996
0 0.298228 0.158752 0.002832 0.006206
0 0.298545 0.139556 0.003809 0.006982
0 0.299976 0.146572 0.003369 0.004863
0 0.298157 0.071150 0.003452 0.005835
0 0.302205 0.072944 0.003091 0.005205
0 0.298999 0.076987 0.002744 0.004150
0 0.315239 0.029346 0.003271 0.005957
0 0.295986 0.221611 0.002930 0.009424
0 0.294653 0.232007 0.003760 0.008086
0 0.299316 0.167107 0.003223 0.006968
0 0.297144 0.109465 0.004346 0.007729
0 0.291577 0.268132 0.004150 0.011753
