0 0.292395 0.636428 0.005835 0.010825
0 0.294512 0.232471 0.003760 0.007715
0 0.295991 0.222263 0.003799 0.009956
0 0.299292 0.167244 0.003857 0.007437
0 0.299316 0.116448 0.005371 0.008511
0 0.296792 0.109463 0.003545 0.006494
0 0.294463 0.090562 0.004844 0.008076
0 0.300269 0.094146 0.003955 0.007393
0 0.298313 0.070859 0.004438 0.006172
0 0.304231 0.063782 0.004751 0.006763
0 0.305322 0.054077 0.004102 0.006104
0 0.293972 0.284629 0.003276 0.008613
0 0.293560 0.295527 0.002930 0.008262
0 0.290806 0.299043 0.002734 0.004785
0 0.290854 0.302925 0.002832 0.005029
0 0.293225 0.381042 0.002700 0.005483
0 0.295588 0.389563 0.003208 0.007339
0 0.294836 0.402515 0.003394 0.006074
0 0.293562 0.397117 0.003208 0.005737
0 0.284595 0.383154 0.002979 0.005273
0 0.286155 0.391262 0.002681 0.006060
0 0.284497 0.392925 0.002393 0.005957
0 0.295259 0.423301 0.002051 0.004102
0 0.299963 0.146084 0.002856 0.005488
0 0.295720 0.157859 0.002769 0.005854
0 0.298022 0.158542 0.003174 0.005767
0 0.296680 0.176858 0.004805 0.008110
0 0.293489 0.250684 0.003042 0.004375
0 0.295281 0.486914 0.006284 0.009277
0 0.518462 0.335703 0.003330 0.005645
0 0.514038 0.273247 0.004492 0.006738
0 0.292705 0.255120 0.004844 0.005708
0 0.300684 0.081812 0.002930 0.006299
0 0.292187 0.285146 0.002832 0.006055
0 0.516787 0.313833 0.004668 0.009043
0 0.521013 0.398701 0.005347 0.007773
0 0.519988 0.421360 0.004263 0.008384
0 0.519387 0.070798 0.006177 0.007495
0 0.516582 0.226650 0.002734 0.004492
0 0.516582 0.234756 0.002539 0.005566
0 0.321316 0.015864 0.003091 0.005908
0 0.315444 0.028555 0.002881 0.003867
0 0.287017 0.029546 0.005225 0.007715
0 0.290439 0.036763 0.005273 0.007129
0 0.522197 0.054822 0.005322 0.007026
0 0.516318 0.186992 0.003467 0.007129
0 0.289001 0.557612 0.002710 0.006592
0 0.291284 0.557212 0.002539 0.006025
0 0.293977 0.621206 0.006050 0.009775
0 0.294138 0.420513 0.002437 0.003623
0 0.297798 0.435498 0.002637 0.005176
0 0.297861 0.456948 0.003125 0.006738
