0 0.162163 0.655618 0.005039 0.008062
0 0.334417 0.380720 0.013667 0.012388
0 0.517454 0.089414 0.011567 0.014063
0 0.495093 0.121956 0.009678 0.013647
0 0.427175 0.221052 0.004849 0.009868
0 0.358098 0.347549 0.005688 0.008398
0 0.350122 0.357942 0.008213 0.009868
0 0.261731 0.494307 0.006528 0.010078
0 0.251548 0.507219 0.010937 0.011548
0 0.212185 0.571252 0.014087 0.019526
0 0.532119 0.068721 0.006719 0.007461
0 0.532810 0.061880 0.005103 0.005107
0 0.572131 0.425049 0.007603 0.006982
0 0.558672 0.442207 0.010684 0.010889
0 0.612527 0.350767 0.010483 0.010479
0 0.631555 0.313889 0.007104 0.008286
0 0.654421 0.283916 0.006509 0.007988
0 0.743774 0.145750 0.008447 0.006147
0 0.754385 0.133660 0.006162 0.005669
0 0.361829 0.338508 0.006167 0.004624
0 0.367178 0.325669 0.005156 0.008525
0 0.385112 0.298120 0.005947 0.008525
0 0.444431 0.193047 0.005483 0.013320
0 0.454302 0.180010 0.010898 0.005049
0 0.465991 0.164197 0.005937 0.010825
0 0.473562 0.154988 0.005757 0.011714
0 0.504875 0.111443 0.007397 0.007642
0 0.507466 0.101704 0.009619 0.010352
0 0.544573 0.050474 0.005483 0.007920
0 0.541189 0.043193 0.006411 0.008486
0 0.563889 0.026685 0.006694 0.006006
0 0.569592 0.018506 0.005688 0.006152
