0 0.687817 0.095676 0.006299 0.005288
0 0.315559 0.410488 0.010610 0.011787
0 0.381033 0.237600 0.005073 0.009097
0 0.447148 0.096221 0.003398 0.004492
0 0.448118 0.090989 0.003540 0.005161
0 0.431804 0.127925 0.008706 0.017051
0 0.416206 0.165190 0.006074 0.010244
0 0.401077 0.193330 0.004253 0.011035
0 0.393284 0.207754 0.004253 0.011035
0 0.352397 0.320408 0.004521 0.006997
0 0.339058 0.351099 0.004082 0.008604
0 0.336941 0.364951 0.003647 0.006270
0 0.439478 0.115920 0.005459 0.007769
0 0.333296 0.374646 0.004521 0.008315
0 0.229617 0.617781 0.010581 0.019956
0 0.679949 0.110032 0.007192 0.006792
0 0.615583 0.261077 0.005796 0.006802
0 0.598704 0.295212 0.004790 0.007056
0 0.585698 0.333965 0.006299 0.010078
0 0.557385 0.414390 0.005425 0.008223
0 0.548811 0.433638 0.009272 0.010322
0 0.410303 0.174849 0.006074 0.010244
0 0.440212 0.106580 0.006372 0.008013
0 0.462715 0.042554 0.005234 0.009873
0 0.467527 0.048796 0.003687 0.005708
0 0.482751 0.022349 0.007729 0.006084
0 0.486794 0.012922 0.006372 0.007808
0 0.256768 0.548628 0.007363 0.012070
0 0.264116 0.534280 0.005967 0.009272
