0 0.316921 0.207151 0.004897 0.009976
0 0.310654 0.237871 0.005977 0.010498
0 0.326208 0.096050 0.003325 0.006826
0 0.528789 0.400852 0.005547 0.008315
0 0.286292 0.529312 0.005601 0.015049
0 0.525415 0.421213 0.005879 0.011968
0 0.530488 0.273354 0.006650 0.009375
0 0.530640 0.315681 0.006348 0.011187
0 0.536384 0.236318 0.004839 0.008164
0 0.554221 0.057339 0.004233 0.008164
0 0.551196 0.073213 0.005439 0.007861
0 0.302065 0.442197 0.005293 0.008564
0 0.302571 0.431868 0.004790 0.009067
0 0.302822 0.420657 0.004785 0.006802
0 0.305669 0.286670 0.003936 0.011084
0 0.286394 0.599148 0.003062 0.008599
0 0.273079 0.795398 0.008345 0.011245
0 0.279744 0.694187 0.008569 0.020659
0 0.539700 0.188752 0.005249 0.008374
0 0.302590 0.388513 0.004897 0.009097
0 0.305913 0.375479 0.005947 0.009971
0 0.324958 0.153025 0.006821 0.008745
0 0.321113 0.167932 0.007812 0.015874
0 0.326025 0.128755 0.006553 0.014609
0 0.323608 0.017976 0.010078 0.016372
0 0.300479 0.408135 0.005039 0.008311
0 0.308762 0.253799 0.005669 0.012598
0 0.314492 0.218386 0.004199 0.009448
0 0.322244 0.144038 0.004790 0.007812
0 0.330012 0.080562 0.005103 0.005830
0 0.353105 0.011453 0.005039 0.006509
0 0.324111 0.076052 0.004023 0.009800
0 0.329883 0.056982 0.004375 0.004902
0 0.335908 0.050264 0.006045 0.007861
0 0.337720 0.041045 0.007256 0.007559
