0 0.573315 0.383394 0.004199 0.005322
0 0.570735 0.365112 0.002739 0.004502
0 0.569714 0.353511 0.003794 0.006611
0 0.566025 0.335723 0.003164 0.005908
0 0.112302 0.401260 0.002729 0.006934
0 0.110439 0.360269 0.002246 0.005322
0 0.114629 0.329224 0.002686 0.005078
0 0.818835 0.435613 0.003442 0.005972
0 0.797593 0.514541 0.004004 0.007324
0 0.798633 0.409043 0.004980 0.009766
0 0.794434 0.093496 0.005469 0.009629
0 0.798560 0.371318 0.003564 0.007178
0 0.798193 0.348711 0.004492 0.008496
0 0.794856 0.296929 0.004751 0.007861
0 0.111738 0.237046 0.003174 0.007227
0 0.113328 0.192346 0.004692 0.005981
0 0.113716 0.178838 0.004395 0.005684
0 0.113745 0.172949 0.004336 0.005625
0 0.112031 0.154324 0.003096 0.006118
0 0.111270 0.103494 0.005908 0.010054
0 0.354775 0.213169 0.002979 0.006006
0 0.356106 0.155542 0.003110 0.007373
0 0.355754 0.149590 0.003110 0.006387
0 0.809944 0.227813 0.004263 0.006494
0 0.804768 0.169888 0.005044 0.007158
0 0.786914 0.183936 0.004688 0.007910
0 0.788052 0.175659 0.003711 0.007090
0 0.789236 0.166421 0.004556 0.010381
0 0.583381 0.128857 0.005728 0.012012
0 0.357429 0.130303 0.006187 0.014121
0 0.793938 0.457688 0.005757 0.013921
0 0.565767 0.280542 0.005264 0.008936
0 0.565486 0.233096 0.003237 0.005293
0 0.568408 0.179297 0.005859 0.010840
0 0.564404 0.112283 0.004922 0.008296
0 0.588567 0.074470 0.005063 0.006362
0 0.586719 0.082593 0.003516 0.006104
0 0.589551 0.082666 0.002344 0.004785
0 0.586230 0.057896 0.003906 0.008330
0 0.577034 0.023237 0.008755 0.010850
0 0.572488 0.014148 0.006294 0.010864
0 0.111770 0.297559 0.003374 0.005273
0 0.801250 0.552456 0.003457 0.006680
0 0.803281 0.579258 0.003516 0.008105
0 0.806309 0.579136 0.002930 0.005029
0 0.806013 0.666284 0.003218 0.006055
0 0.110869 0.262959 0.004248 0.008691
0 0.822798 0.600044 0.004102 0.006250
0 0.821704 0.585835 0.004443 0.007178
