0 0.836060 0.564026 0.009912 0.007729
0 0.820391 0.556187 0.007861 0.008164
0 0.356487 0.014180 0.005249 0.005244
0 0.353054 0.019724 0.005103 0.004810
0 0.345063 0.030937 0.006562 0.006709
0 0.304170 0.088735 0.010215 0.008916
0 0.638572 0.847605 0.010063 0.009663
0 0.832371 0.536719 0.007583 0.010205
0 0.271067 0.146118 0.007290 0.004961
0 0.230051 0.203967 0.006509 0.009868
0 0.611953 0.057703 0.003359 0.005669
0 0.595896 0.096021 0.006509 0.010078
0 0.583325 0.112866 0.012842 0.012354
0 0.825369 0.133096 0.006089 0.009238
0 0.825759 0.143093 0.005269 0.009907
0 0.802622 0.177678 0.006377 0.005571
0 0.807380 0.192815 0.006782 0.005669
0 0.772893 0.235090 0.009292 0.010220
0 0.766355 0.210867 0.004458 0.011040
0 0.732534 0.269993 0.007686 0.011450
0 0.713445 0.297236 0.006089 0.006719
0 0.675950 0.351865 0.008188 0.009238
0 0.639390 0.415283 0.006650 0.007695
0 0.973806 0.312861 0.005073 0.007178
0 0.969282 0.321772 0.010605 0.008564
0 0.935903 0.390498 0.007051 0.006299
0 0.908821 0.442146 0.006802 0.006802
0 0.875740 0.504302 0.005542 0.006553
0 0.858733 0.491199 0.007310 0.008062
0 0.664949 0.804570 0.009849 0.013340
0 0.715330 0.760601 0.006802 0.006045
0 0.722141 0.748257 0.006323 0.006045
0 0.918452 0.420034 0.008311 0.010791
0 0.769470 0.625359 0.010835 0.011333
0 0.799841 0.587192 0.008892 0.008750
