0 0.794097 0.115522 0.006201 0.010938
0 0.790068 0.024182 0.003447 0.006606
0 0.791265 0.229419 0.003076 0.006641
0 0.798689 0.426357 0.002397 0.004053
0 0.794531 0.252627 0.003848 0.008516
0 0.794736 0.261482 0.004668 0.007593
0 0.793401 0.128696 0.003892 0.007783
0 0.796147 0.336704 0.004209 0.010908
0 0.798674 0.413979 0.003208 0.005273
0 0.801123 0.416689 0.003418 0.006006
0 0.792505 0.268750 0.004150 0.007520
0 0.798518 0.430288 0.002339 0.004492
0 0.797461 0.396343 0.005039 0.012246
0 0.794685 0.318567 0.004048 0.008306
0 0.794990 0.312632 0.004043 0.006807
0 0.795132 0.065693 0.003662 0.007129
0 0.807153 0.015850 0.003301 0.006113
0 0.794763 0.236316 0.004077 0.007524
0 0.799509 0.421492 0.003120 0.004810
0 0.801377 0.487744 0.004443 0.005615
0 0.801177 0.521428 0.002451 0.004683
0 0.800454 0.541648 0.004248 0.006206
