0 0.669189 0.300862 0.003711 0.005825
0 0.415986 0.487129 0.003174 0.007520
0 0.425029 0.232397 0.002461 0.005918
0 0.423853 0.233767 0.002393 0.006694
0 0.442334 0.285789 0.008008 0.010933
0 0.326851 0.175596 0.005156 0.011191
0 0.394709 0.013452 0.007290 0.009717
0 0.415017 0.531780 0.004009 0.009966
0 0.660498 0.384966 0.003711 0.005166
0 0.658687 0.381064 0.003223 0.005469
0 0.659419 0.373105 0.004687 0.009277
0 0.666389 0.315859 0.005337 0.008252
0 0.668594 0.307925 0.004150 0.007617
0 0.145293 0.063811 0.006797 0.006821
