0 0.212808 0.178916 0.006348 0.007861
0 0.221877 0.191011 0.009370 0.015117
0 0.175046 0.692756 0.005444 0.010884
0 0.754817 0.291042 0.011489 0.012095
0 0.010088 0.327988 0.004668 0.005977
0 0.025688 0.362324 0.004375 0.006123
0 0.040996 0.405046 0.004082 0.005249
0 0.049963 0.428445 0.004810 0.006851
0 0.078572 0.492578 0.003989 0.005039
0 0.257847 0.289468 0.006650 0.008467
0 0.342200 0.470969 0.005542 0.007310
0 0.391353 0.030190 0.007256 0.009678
0 0.409797 0.049390 0.006655 0.006953
0 0.420681 0.073123 0.004839 0.005444
0 0.405842 0.068113 0.004282 0.005288
0 0.412229 0.116721 0.006509 0.008188
0 0.436152 0.124873 0.008154 0.012793
0 0.441814 0.178394 0.009370 0.014512
0 0.452908 0.209199 0.004839 0.006348
0 0.459465 0.229639 0.005063 0.007695
0 0.477539 0.272568 0.008809 0.010732
0 0.509990 0.339453 0.004375 0.008262
0 0.514729 0.348628 0.005591 0.005469
0 0.618713 0.012627 0.005669 0.007139
0 0.641494 0.082539 0.006299 0.008818
0 0.646323 0.099756 0.005039 0.007559
0 0.684092 0.131479 0.005596 0.006299
0 0.727437 0.268059 0.006563 0.008970
0 0.658132 0.079832 0.005747 0.004839
0 0.716750 0.193433 0.004663 0.005977
0 0.798442 0.434104 0.005137 0.006353
0 0.830515 0.458228 0.005454 0.008398
0 0.836372 0.469795 0.006719 0.007979
0 0.864326 0.584141 0.010078 0.011084
0 0.846187 0.536650 0.008066 0.011338
0 0.716572 0.246902 0.009980 0.012700
0 0.733806 0.285447 0.009370 0.009976
0 0.741704 0.302695 0.006123 0.006826
0 0.643867 0.090950 0.003643 0.006704
0 0.631248 0.054634 0.008110 0.018350
0 0.657996 0.088174 0.008208 0.010498
0 0.681711 0.161616 0.005249 0.006924
0 0.694094 0.164556 0.008608 0.005664
0 0.781248 0.400730 0.006089 0.008608
0 0.869048 0.595522 0.005039 0.008398
0 0.836421 0.479880 0.005039 0.011548
0 0.943665 0.768838 0.006802 0.013857
0 0.928169 0.733191 0.006045 0.012095
0 0.919351 0.710767 0.004531 0.007559
0 0.764050 0.359543 0.005981 0.013999
0 0.755322 0.348621 0.007324 0.012388
0 0.748748 0.328843 0.007769 0.016582
0 0.697852 0.203521 0.011719 0.014170
0 0.664084 0.137209 0.005073 0.008921
0 0.733315 0.228372 0.007559 0.013354
0 0.651790 0.112654 0.008608 0.016167
0 0.672261 0.110029 0.007139 0.009658
0 0.688848 0.145303 0.009658 0.015117
0 0.423550 0.081169 0.009795 0.008267
0 0.382241 0.023293 0.007520 0.009097
0 0.102910 0.554504 0.007861 0.010581
0 0.412698 0.058193 0.005874 0.008818
0 0.431907 0.142605 0.011489 0.010581
0 0.508396 0.909211 0.008188 0.011548
0 0.370369 0.533022 0.008062 0.009824
0 0.314829 0.410969 0.004199 0.006470
0 0.312800 0.401250 0.005649 0.012451
0 0.334224 0.455005 0.008164 0.014209
0 0.247886 0.262307 0.008398 0.014487
0 0.235352 0.234956 0.008311 0.016182
0 0.229136 0.213835 0.008164 0.020864
