0 0.350913 0.660479 0.003545 0.006982
0 0.348218 0.349326 0.003955 0.008574
0 0.361011 0.881365 0.004248 0.009536
0 0.350220 0.590405 0.003662 0.009229
0 0.342883 0.140039 0.002954 0.005908
0 0.343408 0.184126 0.003320 0.007422
0 0.349585 0.435840 0.004736 0.009766
0 0.351274 0.520125 0.004297 0.008901
0 0.348237 0.581160 0.004199 0.007505
0 0.347827 0.379927 0.004219 0.006152
0 0.354463 0.989622 0.003164 0.005767
0 0.357629 0.941506 0.004556 0.009214
0 0.357097 0.843862 0.003218 0.007568
0 0.350234 0.554097 0.003516 0.005977
