0 0.354854 0.989673 0.003457 0.007373
0 0.341682 0.069846 0.004653 0.010630
0 0.343186 0.127646 0.003159 0.005469
0 0.348081 0.349695 0.007412 0.012397
0 0.343247 0.139553 0.004492 0.006929
0 0.350337 0.554238 0.002930 0.007520
0 0.361135 0.880959 0.005757 0.012300
0 0.357261 0.844077 0.006680 0.012764
0 0.351187 0.660732 0.003545 0.008203
0 0.350195 0.589663 0.003613 0.010195
0 0.351577 0.520679 0.004814 0.009326
0 0.349487 0.436182 0.004443 0.013184
0 0.343430 0.157656 0.003892 0.006436
0 0.343528 0.184214 0.004146 0.007734
0 0.353225 0.678472 0.005972 0.014883
0 0.358574 0.855618 0.007002 0.011226
0 0.359753 0.863760 0.005317 0.009111
0 0.358247 0.941516 0.005674 0.012554
