0 0.272581 0.105549 0.005444 0.007622
0 0.447332 0.570593 0.005249 0.006509
0 0.286863 0.221340 0.007700 0.011899
0 0.641152 0.575425 0.009912 0.010352
0 0.611931 0.495532 0.007808 0.008818
0 0.576633 0.394680 0.008062 0.014614
0 0.559880 0.343284 0.008315 0.010581
0 0.537959 0.284834 0.006299 0.009570
0 0.531157 0.260269 0.006299 0.008818
0 0.526372 0.248049 0.004785 0.008062
0 0.496716 0.158862 0.008765 0.013906
0 0.485833 0.131804 0.008765 0.017231
0 0.479226 0.098748 0.009478 0.011812
0 0.479121 0.082620 0.005078 0.010161
0 0.471646 0.680359 0.003936 0.005688
0 0.468359 0.671372 0.005439 0.008164
0 0.387183 0.478335 0.005137 0.006650
0 0.359067 0.443176 0.006045 0.011489
0 0.351658 0.407500 0.005142 0.006650
0 0.328105 0.342861 0.007559 0.009072
0 0.310422 0.278767 0.004839 0.007856
0 0.278970 0.178059 0.005439 0.012095
0 0.274805 0.156772 0.006045 0.006299
0 0.272539 0.131577 0.004531 0.007812
0 0.271279 0.115830 0.004033 0.006045
