0 0.601919 0.229485 0.004229 0.009360
0 0.383369 0.402354 0.003125 0.006592
0 0.387544 0.365962 0.003457 0.005098
0 0.391934 0.436533 0.003613 0.005908
0 0.398623 0.444841 0.004297 0.006968
0 0.409814 0.462793 0.003105 0.004492
0 0.416431 0.470515 0.003662 0.005024
0 0.417480 0.475032 0.003320 0.004009
0 0.419116 0.478474 0.003271 0.004448
0 0.419824 0.484333 0.003223 0.004253
0 0.427949 0.550601 0.005566 0.008037
0 0.416841 0.653809 0.004443 0.007324
0 0.417173 0.663586 0.004629 0.007622
0 0.388567 0.811899 0.004575 0.008691
0 0.389434 0.926855 0.003516 0.006299
0 0.422170 0.028616 0.004780 0.007231
0 0.635718 0.049194 0.005908 0.005713
0 0.603589 0.042805 0.004541 0.006284
0 0.608433 0.097068 0.003320 0.006636
0 0.601787 0.203101 0.002881 0.005762
0 0.602036 0.174067 0.003271 0.005654
0 0.602534 0.268979 0.002979 0.006836
0 0.603533 0.283203 0.003892 0.007520
0 0.602783 0.330017 0.002637 0.005249
0 0.607292 0.528203 0.004458 0.007285
0 0.608008 0.533220 0.003027 0.004165
0 0.604165 0.112488 0.005400 0.009956
0 0.388813 0.125918 0.004893 0.011475
0 0.383103 0.168760 0.005249 0.012178
0 0.391396 0.104517 0.003779 0.006299
0 0.397534 0.079766 0.003760 0.006582
0 0.405022 0.056328 0.003540 0.007090
0 0.400466 0.064375 0.003950 0.004961
0 0.387998 0.231895 0.003633 0.005977
0 0.384971 0.297354 0.003584 0.005352
0 0.620540 0.056736 0.006411 0.006919
0 0.600144 0.145120 0.004585 0.013188
0 0.602358 0.239331 0.003350 0.007520
0 0.604971 0.419897 0.002344 0.004688
0 0.604702 0.426514 0.001807 0.003760
0 0.605557 0.423779 0.002637 0.005322
0 0.607427 0.504224 0.003506 0.006787
0 0.628394 0.055029 0.008447 0.006152
0 0.611206 0.615457 0.006885 0.011470
0 0.604639 0.369531 0.003320 0.008301
