0 0.166030 0.848547 0.004219 0.007085
0 0.407412 0.847898 0.003271 0.005952
0 0.175879 0.822969 0.004102 0.006201
0 0.172485 0.833958 0.004473 0.006597
0 0.148213 0.731841 0.006963 0.010615
0 0.137183 0.703687 0.006104 0.007959
0 0.128540 0.607466 0.003516 0.006738
0 0.126929 0.509148 0.004150 0.008511
0 0.125649 0.467832 0.003408 0.006914
0 0.123643 0.339258 0.003633 0.006680
0 0.121218 0.294360 0.004048 0.006787
0 0.121428 0.282837 0.004136 0.009199
0 0.119763 0.238999 0.004077 0.007666
0 0.119158 0.181199 0.005229 0.011138
0 0.136912 0.051099 0.004976 0.008545
0 0.395981 0.325393 0.003936 0.007593
0 0.114893 0.019248 0.003809 0.007637
0 0.116311 0.029663 0.004106 0.006689
0 0.117651 0.039358 0.004150 0.006792
0 0.117090 0.049409 0.003516 0.006357
0 0.118967 0.097173 0.005415 0.011240
0 0.117822 0.139966 0.004102 0.009131
0 0.120615 0.219717 0.004150 0.009160
0 0.371309 0.046709 0.007676 0.014023
0 0.383804 0.088887 0.004395 0.009023
0 0.393237 0.228049 0.004053 0.008833
0 0.395901 0.230247 0.004009 0.008931
0 0.393823 0.257178 0.003369 0.006934
0 0.396533 0.314346 0.002832 0.006006
0 0.398286 0.457144 0.004395 0.008232
0 0.394604 0.508008 0.005518 0.010254
0 0.376890 0.632759 0.006924 0.010342
0 0.397471 0.482261 0.004121 0.008018
0 0.392751 0.212241 0.004448 0.009561
0 0.393245 0.732195 0.005229 0.013755
0 0.396899 0.713735 0.003271 0.006416
0 0.395029 0.710259 0.003564 0.010303
0 0.391187 0.783965 0.003809 0.009033
0 0.398511 0.815679 0.003271 0.006924
0 0.407205 0.886433 0.003472 0.007144
0 0.800776 0.104121 0.004492 0.008145
