0 0.392690 0.211565 0.003906 0.008481
0 0.117798 0.140381 0.005322 0.008789
0 0.118879 0.097288 0.004282 0.008081
0 0.386021 0.582617 0.007686 0.009277
0 0.117637 0.039358 0.003105 0.005767
0 0.397009 0.713625 0.002808 0.006050
0 0.394766 0.508228 0.003496 0.008887
0 0.397334 0.483057 0.003262 0.006641
0 0.393843 0.483921 0.003701 0.006416
0 0.392129 0.488252 0.003809 0.007520
0 0.120703 0.219473 0.004004 0.007520
0 0.121025 0.283032 0.005137 0.010107
0 0.118765 0.181750 0.004170 0.011548
0 0.115503 0.081555 0.006299 0.009800
0 0.119014 0.122803 0.005234 0.007812
0 0.393477 0.228320 0.002871 0.008203
0 0.396479 0.229937 0.003506 0.007900
0 0.393970 0.257446 0.002588 0.006445
0 0.395767 0.249561 0.002881 0.006396
0 0.396528 0.257971 0.002549 0.006958
0 0.396724 0.313132 0.002344 0.002925
0 0.396606 0.315620 0.002490 0.002148
0 0.383960 0.088376 0.004736 0.008599
0 0.120679 0.131099 0.003955 0.006494
0 0.395117 0.710693 0.002930 0.008789
0 0.391113 0.783325 0.003613 0.006543
0 0.355801 0.016626 0.006855 0.008672
0 0.391646 0.138533 0.003467 0.006040
