0 0.239478 0.136082 0.005225 0.005659
0 0.486650 0.682742 0.004658 0.007290
0 0.454050 0.574897 0.008608 0.009238
0 0.444727 0.086426 0.004619 0.007559
0 0.446826 0.102488 0.006719 0.009448
0 0.455225 0.133767 0.006299 0.013228
0 0.467927 0.160012 0.006509 0.010708
0 0.505930 0.246616 0.004409 0.007559
0 0.511389 0.259109 0.004409 0.006509
0 0.546030 0.338682 0.006504 0.010283
0 0.610466 0.486150 0.008188 0.010288
0 0.646470 0.563311 0.007139 0.009658
0 0.240786 0.126069 0.004355 0.006533
0 0.483591 0.674351 0.005249 0.008398
0 0.385229 0.487705 0.006719 0.007559
0 0.355620 0.454824 0.005947 0.010674
0 0.315117 0.357285 0.004727 0.005947
0 0.292898 0.295261 0.004722 0.008921
0 0.264729 0.239973 0.006821 0.009976
0 0.253357 0.197019 0.007524 0.011548
0 0.246968 0.176353 0.003916 0.006963
0 0.243257 0.151396 0.005225 0.006094
