0 0.393872 0.257476 0.003369 0.007021
0 0.396316 0.230474 0.003179 0.009277
0 0.393262 0.228862 0.004199 0.009961
0 0.392234 0.211846 0.005483 0.010293
0 0.398335 0.815645 0.003994 0.008340
0 0.391309 0.783359 0.005176 0.009844
0 0.393459 0.732273 0.005474 0.013862
0 0.395068 0.710425 0.004004 0.010303
0 0.397266 0.713945 0.002930 0.006006
0 0.376904 0.632549 0.004590 0.008164
0 0.121392 0.282122 0.004209 0.008286
0 0.121890 0.249119 0.006152 0.009224
0 0.120703 0.219072 0.004395 0.008398
0 0.117944 0.140552 0.004834 0.010400
0 0.118745 0.097246 0.004795 0.008730
0 0.136716 0.051792 0.005952 0.009971
0 0.394800 0.508208 0.004834 0.011621
0 0.393513 0.483599 0.004702 0.008701
0 0.392219 0.488926 0.004556 0.006836
0 0.393867 0.192808 0.003320 0.005859
0 0.399399 0.431792 0.002998 0.009971
0 0.398965 0.400537 0.002734 0.005811
0 0.396309 0.325620 0.003809 0.006885
0 0.396357 0.314053 0.003223 0.005547
0 0.394688 0.304099 0.004150 0.006177
0 0.166357 0.848770 0.004736 0.006641
0 0.172749 0.834399 0.003271 0.006152
0 0.175679 0.823457 0.003662 0.006738
0 0.148850 0.732156 0.007173 0.010200
0 0.137349 0.703486 0.005205 0.008086
0 0.126611 0.509136 0.004043 0.007383
0 0.128687 0.607529 0.004102 0.006201
0 0.125537 0.467886 0.003516 0.007559
0 0.123914 0.338901 0.003589 0.007031
0 0.121206 0.294678 0.003174 0.005811
0 0.119158 0.180237 0.005317 0.008267
0 0.115454 0.081108 0.005225 0.008457
0 0.406968 0.885813 0.003867 0.007593
0 0.407004 0.878396 0.003940 0.009351
0 0.407207 0.847974 0.003262 0.005664
0 0.402822 0.597793 0.003223 0.007568
0 0.384443 0.583540 0.005176 0.006738
0 0.386934 0.581101 0.005078 0.005659
0 0.398027 0.456753 0.003350 0.008340
0 0.391914 0.143203 0.006484 0.015801
0 0.397437 0.482646 0.004053 0.008066
