0 0.354148 0.990098 0.004810 0.008164
0 0.357603 0.941851 0.003516 0.009844
0 0.351416 0.520234 0.004443 0.009521
0 0.343418 0.158230 0.002734 0.005757
0 0.342573 0.127822 0.003223 0.006396
0 0.342969 0.139717 0.003223 0.006289
0 0.343386 0.184502 0.003755 0.007969
0 0.348096 0.349312 0.004492 0.008506
0 0.349585 0.435964 0.004443 0.010405
0 0.341050 0.158596 0.003076 0.006001
0 0.348125 0.581138 0.003984 0.008379
0 0.350352 0.590015 0.003633 0.009844
0 0.351108 0.660745 0.004365 0.008296
0 0.361157 0.881655 0.004736 0.010986
0 0.341079 0.070811 0.005977 0.010078
0 0.350396 0.553657 0.003271 0.005225
