0 0.611074 0.606377 0.003467 0.005566
0 0.608101 0.532402 0.002588 0.004639
0 0.602734 0.331357 0.002344 0.003076
0 0.602881 0.328809 0.003027 0.003027
0 0.602515 0.309849 0.002393 0.004297
0 0.608398 0.097151 0.004883 0.010229
0 0.389521 0.926489 0.002832 0.006104
0 0.387783 0.878662 0.002881 0.005615
0 0.391023 0.878784 0.003042 0.004492
0 0.387817 0.813701 0.003369 0.005400
0 0.385984 0.811423 0.002544 0.003374
0 0.388892 0.809912 0.003291 0.004199
0 0.602065 0.305845 0.003125 0.004785
0 0.603313 0.283091 0.003462 0.005615
0 0.603020 0.269224 0.003364 0.006982
0 0.602061 0.174687 0.004590 0.012402
0 0.607715 0.528374 0.002637 0.004795
0 0.611855 0.555300 0.003730 0.006108
0 0.607542 0.504492 0.003169 0.006055
0 0.607004 0.498047 0.002690 0.004492
0 0.604185 0.112378 0.006572 0.011963
0 0.600591 0.145435 0.003916 0.012646
0 0.602410 0.261655 0.002339 0.004053
0 0.601714 0.202510 0.002637 0.005977
0 0.395190 0.751074 0.005127 0.008008
0 0.397070 0.778008 0.004160 0.006152
0 0.417009 0.653730 0.004526 0.006875
0 0.427954 0.551340 0.004834 0.007671
0 0.418960 0.478398 0.002998 0.004980
0 0.419980 0.484348 0.003047 0.005034
0 0.416406 0.470215 0.002539 0.003906
0 0.375562 0.355039 0.003564 0.006299
0 0.398560 0.444878 0.005225 0.008623
0 0.392139 0.436616 0.004492 0.005713
0 0.383838 0.402961 0.004492 0.012095
0 0.387407 0.365864 0.003125 0.005566
0 0.384814 0.296997 0.005273 0.007861
0 0.388013 0.231287 0.004639 0.006665
0 0.382861 0.169302 0.006152 0.011162
0 0.388672 0.125208 0.007324 0.013647
0 0.390984 0.104299 0.003657 0.006821
0 0.606807 0.489722 0.003174 0.005908
0 0.606453 0.468433 0.002554 0.005420
0 0.605264 0.419929 0.003125 0.005483
0 0.605605 0.424795 0.003125 0.003857
0 0.604736 0.426284 0.002148 0.005664
0 0.604663 0.369507 0.003516 0.009717
0 0.421631 0.028711 0.003613 0.006543
0 0.405193 0.055508 0.004146 0.006748
0 0.400708 0.064893 0.003857 0.007227
0 0.397107 0.079614 0.004390 0.006299
0 0.603154 0.043638 0.003271 0.003467
0 0.603494 0.041240 0.003081 0.002871
0 0.635669 0.049390 0.006689 0.006396
