0 0.382056 0.101392 0.003564 0.010303
0 0.387515 0.386694 0.004893 0.010635
0 0.154346 0.238831 0.004687 0.007446
0 0.363613 0.022656 0.005059 0.007910
0 0.396140 0.305366 0.004985 0.011240
0 0.386775 0.211414 0.003726 0.008228
0 0.123259 0.379563 0.003374 0.009028
0 0.135010 0.121646 0.006885 0.010527
0 0.123555 0.092302 0.004219 0.007524
0 0.121150 0.329749 0.002700 0.006245
0 0.121865 0.332830 0.002617 0.004810
0 0.160059 0.224192 0.004102 0.006558
0 0.126113 0.585151 0.003223 0.006445
0 0.124915 0.508066 0.002339 0.005322
0 0.122910 0.433611 0.003174 0.008726
0 0.124382 0.418706 0.003550 0.006650
0 0.380720 0.123501 0.004624 0.013418
0 0.378437 0.173965 0.005322 0.007471
0 0.379414 0.160562 0.003105 0.005801
0 0.389404 0.367883 0.002734 0.005640
0 0.373833 0.454546 0.003223 0.005449
0 0.352490 0.622490 0.004336 0.006504
0 0.355881 0.847434 0.004644 0.014272
0 0.395369 0.239502 0.004409 0.006738
0 0.355122 0.729358 0.004287 0.007739
0 0.353970 0.661689 0.005742 0.011602
0 0.125444 0.542891 0.003818 0.008848
0 0.359624 0.487422 0.005098 0.010313
0 0.384644 0.406733 0.006582 0.011055
0 0.359204 0.939470 0.005400 0.009790
0 0.128140 0.728345 0.002666 0.005029
0 0.127803 0.676050 0.003809 0.006689
0 0.358667 0.970815 0.003223 0.006445
0 0.355188 0.773179 0.004907 0.008760
0 0.352622 0.747729 0.003027 0.007373
0 0.355168 0.747209 0.003140 0.006528
0 0.354810 0.717129 0.003662 0.005908
0 0.352612 0.595132 0.004932 0.010186
0 0.351267 0.575967 0.004390 0.007510
0 0.351338 0.563687 0.003965 0.007158
0 0.393057 0.349526 0.002461 0.005664
0 0.384170 0.104829 0.003271 0.007373
0 0.163525 0.212622 0.003223 0.006982
