0 0.235247 0.153313 0.007397 0.008384
0 0.259536 0.094011 0.008135 0.007642
0 0.287275 0.019373 0.008633 0.007397
0 0.289805 0.718943 0.005547 0.008423
0 0.283945 0.750896 0.004932 0.007808
0 0.311687 0.672607 0.007808 0.015615
0 0.335625 0.574182 0.004727 0.007808
0 0.362959 0.532107 0.013633 0.009468
0 0.399773 0.465991 0.007192 0.010273
0 0.433679 0.397498 0.006167 0.014038
0 0.476914 0.288594 0.004619 0.005479
0 0.496519 0.234817 0.003711 0.006138
0 0.279839 0.784800 0.004932 0.006572
0 0.214705 0.917695 0.008120 0.008262
0 0.513271 0.192483 0.006855 0.007876
0 0.539399 0.128184 0.010439 0.012500
0 0.552495 0.076042 0.005479 0.006509
0 0.556948 0.032036 0.006504 0.014043
0 0.556919 0.004968 0.010977 0.008315
0 0.057227 0.692117 0.008682 0.007612
0 0.068132 0.680237 0.005112 0.007671
0 0.085813 0.577549 0.009800 0.012783
0 0.086877 0.546660 0.004263 0.008096
0 0.115742 0.456055 0.005547 0.008428
0 0.152419 0.362769 0.006167 0.009658
0 0.167009 0.325269 0.006167 0.007812
0 0.249180 0.122119 0.007646 0.006162
