0 0.370239 0.244619 0.004756 0.015908
0 0.341682 0.574341 0.005620 0.010654
0 0.321233 0.863616 0.006294 0.012593
0 0.321919 0.844333 0.005312 0.016528
0 0.322412 0.827314 0.007871 0.016328
0 0.321035 0.792192 0.011016 0.020068
0 0.323313 0.762271 0.006460 0.018359
0 0.331567 0.694119 0.008242 0.024937
0 0.339656 0.564265 0.007544 0.009507
0 0.345559 0.537783 0.003608 0.008037
0 0.386626 0.056633 0.005879 0.012437
0 0.349880 0.505007 0.006392 0.010298
0 0.357053 0.420183 0.004614 0.012075
0 0.365242 0.334009 0.006372 0.010273
0 0.377625 0.169465 0.005181 0.010601
0 0.334875 0.643430 0.004438 0.009175
0 0.381941 0.125059 0.004683 0.008135
0 0.334434 0.660886 0.006514 0.015093
