0 0.090583 0.569578 0.004438 0.007153
0 0.238574 0.933672 0.007031 0.006895
0 0.295786 0.796245 0.004111 0.005137
0 0.321863 0.682639 0.007251 0.012720
0 0.298369 0.762471 0.004932 0.007891
0 0.302527 0.730640 0.005425 0.007891
0 0.339668 0.583132 0.003994 0.007847
0 0.364077 0.539597 0.011787 0.007397
0 0.398333 0.471833 0.007153 0.010356
0 0.427964 0.401829 0.004727 0.013560
0 0.460945 0.301213 0.004136 0.005708
0 0.465154 0.289727 0.003140 0.006709
0 0.481191 0.235759 0.004141 0.007563
0 0.496111 0.192671 0.007534 0.008906
0 0.518284 0.126841 0.010786 0.015264
0 0.528557 0.073835 0.006333 0.008218
0 0.531467 0.029487 0.005991 0.014385
0 0.528687 0.003660 0.007373 0.007319
0 0.078997 0.704207 0.006411 0.006655
0 0.068394 0.716042 0.005918 0.007642
0 0.091199 0.602000 0.005669 0.013315
0 0.113545 0.476953 0.004521 0.009043
0 0.145459 0.383132 0.004795 0.010103
0 0.157825 0.343691 0.007153 0.008877
0 0.216484 0.167883 0.005176 0.010601
0 0.227910 0.136917 0.007021 0.009419
0 0.237036 0.108447 0.004727 0.008633
0 0.248235 0.071770 0.007808 0.012124
0 0.261045 0.032275 0.006748 0.008164
