0 0.198818 0.720427 0.006611 0.009204
0 0.256145 0.800637 0.007554 0.008032
0 0.318835 0.874070 0.007319 0.007085
0 0.661680 0.892717 0.007871 0.009673
0 0.684719 0.931384 0.006099 0.006099
0 0.027480 0.486343 0.007695 0.007695
0 0.371008 0.907720 0.011987 0.007412
0 0.418511 0.950056 0.005410 0.007544
0 0.046270 0.510012 0.009170 0.009468
0 0.207246 0.268284 0.010625 0.013970
0 0.322605 0.426660 0.014448 0.013965
0 0.452961 0.632827 0.006802 0.016318
0 0.545557 0.751011 0.007705 0.012627
0 0.596223 0.816584 0.007544 0.007710
0 0.642300 0.866350 0.010820 0.013442
0 0.622949 0.838730 0.004590 0.006084
0 0.064551 0.537905 0.006934 0.007061
0 0.345281 0.891660 0.012046 0.010625
0 0.426050 0.976929 0.006689 0.006689
0 0.572388 0.794390 0.007988 0.008877
0 0.474719 0.679067 0.007603 0.005752
0 0.418523 0.566379 0.008267 0.010396
0 0.308853 0.406438 0.005137 0.006851
0 0.274102 0.361506 0.007988 0.008579
0 0.247339 0.325193 0.009043 0.008218
0 0.422598 0.962412 0.005303 0.005557
0 0.378179 0.500417 0.009922 0.014575
0 0.005144 0.456489 0.009380 0.013467
0 0.098738 0.583186 0.006460 0.008501
0 0.174612 0.687305 0.006353 0.007129
