0 0.313423 0.395349 0.009580 0.011450
0 0.440979 0.837576 0.012466 0.020122
0 0.414539 0.744114 0.008501 0.023462
0 0.234639 0.129473 0.008164 0.015977
0 0.286831 0.308591 0.011221 0.020063
0 0.453306 0.868884 0.008213 0.012466
0 0.380149 0.626445 0.007397 0.013613
0 0.398796 0.693923 0.005962 0.008628
0 0.338660 0.477632 0.007456 0.013848
0 0.362095 0.559299 0.006748 0.012427
0 0.405127 0.710732 0.010068 0.015205
0 0.253237 0.193628 0.006816 0.008096
0 0.257639 0.211877 0.007397 0.010112
0 0.467224 0.904463 0.008394 0.011641
0 0.265039 0.237397 0.007891 0.010850
0 0.431345 0.807825 0.009634 0.016147
0 0.459680 0.884893 0.009067 0.018984
