0 0.119958 0.244001 0.010034 0.010825
0 0.162256 0.298247 0.006211 0.007695
0 0.188477 0.334812 0.007705 0.010103
0 0.288276 0.465100 0.009766 0.010356
0 0.391309 0.603706 0.007891 0.011836
0 0.430500 0.660535 0.006987 0.009448
0 0.472830 0.717041 0.007397 0.007812
0 0.340889 0.535493 0.009248 0.009863
0 0.080605 0.189497 0.006494 0.006885
0 0.233630 0.394880 0.010483 0.015298
0 0.305911 0.490625 0.006890 0.006719
0 0.423369 0.653435 0.006562 0.006421
0 0.483508 0.730056 0.010659 0.013442
0 0.504170 0.757112 0.010986 0.019351
0 0.541572 0.812615 0.010625 0.012397
0 0.560068 0.836523 0.014561 0.014951
0 0.584663 0.861611 0.007480 0.009248
0 0.595486 0.874302 0.012593 0.014170
0 0.609260 0.890930 0.007085 0.009644
