0 0.342920 0.127600 0.003223 0.006763
0 0.361274 0.880930 0.005068 0.012261
0 0.351375 0.660598 0.003530 0.009214
0 0.350342 0.554443 0.003174 0.007959
0 0.350562 0.589683 0.004736 0.012959
0 0.351636 0.520728 0.005420 0.011572
0 0.347837 0.379863 0.003516 0.006348
0 0.347959 0.349409 0.005215 0.010430
0 0.343555 0.184077 0.003711 0.009180
0 0.343523 0.157617 0.004233 0.007422
0 0.343140 0.139629 0.004346 0.008857
0 0.341396 0.070405 0.005273 0.011250
0 0.349583 0.435718 0.005220 0.012305
0 0.357422 0.842822 0.004687 0.011328
0 0.358176 0.941567 0.005269 0.011543
0 0.354834 0.989194 0.003857 0.007910
