0 0.184045 0.263010 0.010034 0.012593
0 0.508218 0.761111 0.004482 0.007319
0 0.658867 0.964736 0.007363 0.006680
0 0.641658 0.939480 0.009585 0.010620
0 0.541255 0.806401 0.006367 0.010068
0 0.221560 0.754500 0.011333 0.012749
0 0.079150 0.549189 0.004814 0.006230
0 0.093513 0.582046 0.008462 0.010820
0 0.103254 0.596213 0.007476 0.008071
0 0.124211 0.621299 0.007671 0.010625
0 0.135039 0.636833 0.004512 0.006558
0 0.147747 0.652341 0.006147 0.008062
0 0.154578 0.665188 0.010249 0.009155
0 0.200027 0.725598 0.006802 0.007651
0 0.245496 0.786399 0.005669 0.006851
0 0.515674 0.770239 0.006162 0.007188
0 0.474297 0.716611 0.009043 0.010332
0 0.434673 0.662546 0.009453 0.008218
0 0.415894 0.638025 0.005811 0.008569
0 0.378120 0.570937 0.008848 0.011543
0 0.263237 0.349373 0.005771 0.007241
0 0.239370 0.331909 0.007646 0.008135
0 0.211260 0.306143 0.006660 0.009863
0 0.111807 0.191223 0.007988 0.009175
0 0.066899 0.488713 0.007705 0.008901
0 0.063411 0.473513 0.008521 0.008872
0 0.059329 0.461084 0.008169 0.008877
0 0.262617 0.812256 0.007793 0.008027
0 0.300869 0.861721 0.009209 0.012515
0 0.330854 0.902712 0.007080 0.008267
0 0.343132 0.918767 0.005669 0.007788
0 0.204551 0.294197 0.005312 0.006890
0 0.301655 0.401533 0.010234 0.012197
0 0.324480 0.439312 0.006294 0.007480
0 0.341990 0.473157 0.007476 0.009839
0 0.350945 0.490273 0.007671 0.011807
0 0.585017 0.866865 0.011802 0.015742
0 0.371042 0.536560 0.004956 0.005903
0 0.423137 0.647898 0.003745 0.005464
0 0.453750 0.688721 0.010166 0.013936
