0 0.296782 0.829634 0.007080 0.019834
0 0.303464 0.747290 0.006890 0.015937
0 0.322114 0.647708 0.008877 0.017046
0 0.377778 0.323499 0.008096 0.013638
0 0.336494 0.561072 0.004971 0.010649
0 0.349631 0.493184 0.006392 0.013135
0 0.363748 0.408967 0.008589 0.015952
0 0.422451 0.048889 0.005312 0.012983
0 0.391360 0.234578 0.006489 0.016724
0 0.316787 0.680461 0.011221 0.024819
0 0.343149 0.526140 0.003740 0.009048
0 0.298623 0.777236 0.004961 0.021484
0 0.296782 0.812515 0.006143 0.012041
0 0.324067 0.629956 0.004971 0.009229
0 0.403047 0.159968 0.009375 0.009800
0 0.407734 0.135181 0.008525 0.010498
0 0.411138 0.117351 0.006660 0.008784
0 0.293887 0.848982 0.008096 0.013208
