0 0.317100 0.332549 0.014814 0.015420
0 0.219985 0.207810 0.005830 0.005396
0 0.223352 0.216018 0.005249 0.005249
0 0.469819 0.528997 0.012129 0.014204
0 0.273882 0.282524 0.005918 0.007988
0 0.258350 0.260923 0.006807 0.008584
0 0.184968 0.152422 0.008325 0.009512
0 0.168315 0.131167 0.011904 0.008271
0 0.246809 0.244692 0.009067 0.007256
0 0.293066 0.303647 0.006650 0.007256
0 0.406138 0.444563 0.015723 0.019956
0 0.430972 0.478459 0.011836 0.012085
0 0.391147 0.424707 0.011592 0.018496
0 0.303621 0.316106 0.009175 0.008286
0 0.419998 0.465020 0.010601 0.008877
