0 0.717905 0.119434 0.002812 0.006045
0 0.718257 0.365820 0.003418 0.007031
0 0.714646 0.353958 0.002837 0.005854
0 0.718643 0.093850 0.002461 0.006343
0 0.718604 0.049414 0.002832 0.005566
0 0.718469 0.088325 0.003091 0.006533
0 0.720068 0.614897 0.004053 0.008057
0 0.719126 0.498867 0.005098 0.008613
0 0.719478 0.493154 0.004512 0.008086
0 0.718237 0.129614 0.006006 0.011865
0 0.714331 0.143203 0.002686 0.005977
0 0.717017 0.145635 0.002393 0.006055
0 0.717861 0.428420 0.002734 0.006733
0 0.716646 0.228535 0.002002 0.004785
0 0.717354 0.341533 0.002881 0.004639
0 0.714741 0.347905 0.003027 0.005273
