0 0.438577 0.278191 0.010884 0.018442
0 0.435244 0.241492 0.007100 0.012075
0 0.441326 0.295798 0.006411 0.011099
0 0.441118 0.330278 0.008877 0.017754
0 0.433147 0.366074 0.006743 0.015977
0 0.478064 0.555149 0.007104 0.013491
0 0.481172 0.579514 0.006572 0.013149
0 0.505793 0.779160 0.004614 0.012070
0 0.410317 0.074709 0.009229 0.014556
0 0.535884 0.968311 0.005967 0.011504
0 0.538296 0.984224 0.006982 0.016025
0 0.413372 0.092319 0.006392 0.011719
0 0.419844 0.129751 0.005137 0.008467
0 0.432827 0.210486 0.006035 0.010649
0 0.420745 0.447437 0.013804 0.029141
0 0.488179 0.667981 0.010654 0.022583
0 0.428467 0.180745 0.014824 0.036812
0 0.501643 0.761799 0.008462 0.010884
0 0.493057 0.709133 0.009678 0.009370
0 0.532573 0.943196 0.008770 0.025698
0 0.491514 0.689846 0.007559 0.009673
0 0.497107 0.735798 0.010278 0.011489
0 0.482144 0.593855 0.005742 0.009976
0 0.428394 0.385547 0.007617 0.017051
0 0.437307 0.486738 0.010581 0.015420
0 0.457573 0.517764 0.009824 0.014863
0 0.508684 0.803130 0.010884 0.029023
0 0.529578 0.917300 0.013062 0.020684
0 0.397002 0.045281 0.006514 0.008579
