0 0.310791 0.201538 0.004297 0.007764
0 0.331646 0.093081 0.004014 0.009307
0 0.412852 0.124666 0.003633 0.007124
0 0.354199 0.012236 0.004199 0.007715
0 0.407090 0.009644 0.005879 0.008154
0 0.409570 0.015747 0.005176 0.008545
0 0.418384 0.036572 0.005420 0.007324
0 0.442930 0.039331 0.005586 0.009326
0 0.432368 0.037817 0.005322 0.007471
0 0.435835 0.039502 0.004736 0.007422
0 0.332456 0.080474 0.004102 0.007275
0 0.322642 0.009043 0.007812 0.009180
0 0.502900 0.046108 0.004395 0.008008
0 0.498691 0.045825 0.005098 0.008057
0 0.489937 0.044399 0.004932 0.008594
0 0.521211 0.044158 0.004199 0.007710
0 0.575684 0.009766 0.003320 0.006445
0 0.581641 0.010889 0.005957 0.008594
0 0.587988 0.010693 0.004004 0.008984
0 0.663062 0.265925 0.008018 0.010815
0 0.652627 0.145061 0.006035 0.008003
0 0.651846 0.155615 0.006621 0.008594
0 0.318374 0.151514 0.005596 0.008398
0 0.319407 0.339263 0.004849 0.007520
0 0.339321 0.025688 0.002979 0.006396
0 0.351455 0.015508 0.002734 0.006055
0 0.677520 0.313008 0.010078 0.017129
0 0.668198 0.333040 0.007559 0.010835
0 0.660630 0.361655 0.005693 0.008086
0 0.659900 0.379263 0.008101 0.011729
0 0.651719 0.446912 0.007090 0.007896
0 0.543330 0.476953 0.007031 0.012129
0 0.311606 0.299519 0.006904 0.010854
0 0.387197 0.207905 0.005332 0.008438
0 0.541768 0.039399 0.010293 0.011641
0 0.757124 0.208054 0.007871 0.013120
0 0.749907 0.241799 0.008311 0.013872
0 0.760181 0.178955 0.005615 0.009424
0 0.785474 0.098530 0.007275 0.010938
0 0.798958 0.060715 0.006313 0.009722
0 0.831226 0.020190 0.010010 0.009033
0 0.638525 0.125977 0.005420 0.009619
0 0.636719 0.023313 0.006348 0.014009
0 0.638452 0.061567 0.005029 0.010352
0 0.321421 0.140627 0.004072 0.007427
0 0.635571 0.050874 0.005615 0.009082
0 0.645151 0.184226 0.004854 0.009663
0 0.342993 0.024355 0.004248 0.006230
0 0.422180 0.044556 0.004761 0.006982
0 0.313564 0.311897 0.004150 0.007485
0 0.308472 0.273203 0.004150 0.007666
0 0.309082 0.215364 0.003320 0.006216
