0 0.684326 0.326082 0.006270 0.012827
0 0.694348 0.331609 0.012817 0.019390
0 0.701133 0.350398 0.011182 0.017231
0 0.537874 0.078904 0.012397 0.018442
0 0.992725 0.381121 0.013057 0.017778
0 0.844385 0.656230 0.009170 0.015977
0 0.908660 0.778875 0.012358 0.017896
0 0.798735 0.571494 0.006299 0.010850
0 0.786836 0.549626 0.008047 0.009448
0 0.720859 0.386458 0.010498 0.018022
0 0.820762 0.614607 0.016377 0.027925
0 0.520833 0.052131 0.016362 0.025054
0 0.606372 0.209866 0.012783 0.017896
0 0.712979 0.368364 0.007158 0.008691
0 0.868999 0.705935 0.005459 0.010288
0 0.894727 0.753240 0.008818 0.013228
0 0.734707 0.432021 0.006650 0.010225
0 0.729126 0.415754 0.008633 0.013315
0 0.652883 0.284624 0.008950 0.012783
0 0.739380 0.447385 0.008096 0.011079
0 0.767500 0.514067 0.014062 0.021729
