0 0.583916 0.011787 0.005918 0.011836
0 0.457317 0.493521 0.009243 0.016025
0 0.473652 0.433091 0.009619 0.016025
0 0.477498 0.414958 0.008022 0.012759
0 0.492119 0.367700 0.009609 0.020713
0 0.538081 0.162156 0.006904 0.010112
0 0.522024 0.232041 0.006851 0.012129
0 0.530898 0.187690 0.006748 0.009590
0 0.576909 0.037310 0.006807 0.013613
0 0.555781 0.097852 0.005547 0.007559
0 0.572283 0.049224 0.004790 0.007559
0 0.525925 0.214500 0.005796 0.010581
0 0.543813 0.142317 0.006299 0.010835
0 0.551497 0.107551 0.005542 0.006802
0 0.484055 0.392063 0.010444 0.024380
0 0.515837 0.255364 0.013931 0.029604
