0 0.818074 0.500981 0.011099 0.014795
0 0.887349 0.575210 0.008877 0.010654
0 0.726118 0.400906 0.005918 0.007397
0 0.715171 0.386262 0.004141 0.006509
0 0.554375 0.207759 0.013633 0.020029
0 0.534805 0.184636 0.008877 0.011362
0 0.490132 0.133916 0.011709 0.014385
0 0.473386 0.117168 0.006577 0.008428
0 0.463752 0.103540 0.008286 0.010654
0 0.641335 0.982625 0.008521 0.009800
0 0.427368 0.743962 0.006650 0.009204
0 0.327729 0.633015 0.008164 0.009233
0 0.270449 0.571338 0.007100 0.010654
0 0.145339 0.433657 0.014546 0.014795
0 0.094697 0.376406 0.013848 0.012783
0 0.980139 0.649502 0.005288 0.011982
0 0.563064 0.894565 0.007192 0.007363
0 0.603901 0.937119 0.006680 0.010273
0 0.631211 0.968196 0.005479 0.007358
0 0.621794 0.958264 0.008218 0.006675
0 0.145835 0.712373 0.007988 0.014795
0 0.174128 0.777432 0.007397 0.009043
0 0.429751 0.063562 0.006904 0.010356
0 0.520562 0.166162 0.008877 0.011094
0 0.600452 0.259614 0.013315 0.017998
0 0.445066 0.081479 0.019233 0.023965
0 0.587004 0.244663 0.007690 0.009766
0 0.633157 0.290232 0.005454 0.019390
0 0.633271 0.296807 0.002871 0.005986
0 0.773137 0.446077 0.012944 0.012329
0 0.749136 0.423413 0.014180 0.015410
0 0.810273 0.490496 0.003779 0.005093
0 0.794976 0.475254 0.006660 0.008877
0 0.802073 0.476636 0.005532 0.007764
0 0.833833 0.516914 0.012080 0.011094
0 0.872751 0.558633 0.004692 0.013672
0 0.898313 0.586772 0.005562 0.006338
0 0.907061 0.595305 0.004570 0.004849
0 0.825410 0.151094 0.004932 0.006777
0 0.964478 0.320161 0.009658 0.011504
0 0.989956 0.348618 0.009658 0.011299
0 0.806958 0.118079 0.011094 0.015288
0 0.647000 0.308337 0.011362 0.015981
0 0.026965 0.297764 0.008765 0.006953
0 0.033464 0.308345 0.005444 0.007559
0 0.041628 0.319834 0.006655 0.009375
0 0.060977 0.341147 0.012695 0.013906
0 0.118118 0.402368 0.016929 0.014814
0 0.131118 0.417185 0.006650 0.009976
0 0.185830 0.476543 0.009971 0.010322
0 0.196853 0.487393 0.009976 0.008574
0 0.209321 0.499990 0.010928 0.011025
0 0.218162 0.510208 0.005962 0.008833
0 0.232749 0.528596 0.009248 0.011099
0 0.282271 0.584590 0.014590 0.015410
0 0.256318 0.553562 0.010195 0.011304
0 0.318596 0.621692 0.005991 0.006167
0 0.354297 0.662871 0.015410 0.012842
0 0.393081 0.708677 0.007021 0.008564
0 0.400293 0.717126 0.004297 0.005854
0 0.440134 0.760166 0.004624 0.006338
0 0.487737 0.812734 0.009761 0.009414
0 0.524722 0.850833 0.011816 0.012671
