0 0.727183 0.122803 0.002637 0.005273
0 0.726245 0.332412 0.003809 0.008545
0 0.726963 0.344519 0.004414 0.006226
0 0.743730 0.431375 0.005205 0.013989
0 0.742839 0.532134 0.005278 0.010400
0 0.731267 0.712466 0.005317 0.010039
0 0.728223 0.850938 0.003662 0.007324
0 0.731399 0.937927 0.005063 0.011812
0 0.729041 0.676221 0.003003 0.007324
0 0.728564 0.905540 0.002832 0.007524
0 0.726245 0.181721 0.003760 0.009048
0 0.725046 0.078491 0.003423 0.008643
0 0.724553 0.015308 0.005649 0.010400
0 0.725591 0.317676 0.004209 0.009863
0 0.749609 0.482241 0.004102 0.008613
0 0.744653 0.521924 0.002295 0.004150
0 0.739917 0.548950 0.004736 0.009131
0 0.734495 0.589036 0.003569 0.007593
0 0.729004 0.669312 0.004395 0.008447
0 0.731331 0.678577 0.003823 0.008862
0 0.731238 0.692197 0.003345 0.006562
0 0.726235 0.202732 0.003613 0.007222
0 0.731265 0.701550 0.003867 0.007251
0 0.731025 0.815176 0.002588 0.006250
0 0.726011 0.126904 0.002148 0.004297
0 0.731482 0.854402 0.003101 0.007173
