0 0.736284 0.198958 0.003447 0.009634
0 0.737769 0.269141 0.003809 0.007559
0 0.737246 0.289595 0.005596 0.011895
0 0.737803 0.426833 0.003965 0.009702
0 0.735737 0.439827 0.003203 0.010044
0 0.738167 0.480366 0.003237 0.006582
0 0.736963 0.491807 0.003223 0.007793
0 0.735569 0.485320 0.004341 0.009995
0 0.733276 0.515854 0.004639 0.008369
0 0.734299 0.577837 0.003647 0.008809
0 0.736399 0.700977 0.003071 0.006836
0 0.738115 0.181182 0.004658 0.009922
0 0.280771 0.653328 0.004053 0.007173
0 0.282119 0.632456 0.004395 0.008936
0 0.280366 0.593638 0.003564 0.007471
0 0.282241 0.548394 0.003174 0.005078
0 0.283960 0.317471 0.004395 0.008008
0 0.282573 0.375591 0.004395 0.009766
0 0.282056 0.399263 0.004004 0.007227
0 0.283311 0.468853 0.004287 0.005977
0 0.283416 0.482922 0.004360 0.008364
0 0.736028 0.326216 0.005024 0.007764
0 0.735364 0.369292 0.005972 0.008809
0 0.735662 0.560552 0.003745 0.006729
0 0.736172 0.679121 0.004043 0.008262
0 0.773621 0.023171 0.008472 0.009526
0 0.747939 0.897422 0.003887 0.007412
0 0.741924 0.857231 0.003564 0.006201
0 0.736504 0.816416 0.004102 0.009199
0 0.740596 0.832861 0.003906 0.006689
0 0.736909 0.831543 0.003857 0.006982
0 0.739751 0.792769 0.003799 0.008086
0 0.735034 0.709399 0.003369 0.005859
