0 0.714927 0.354463 0.002812 0.006680
0 0.719341 0.499414 0.005332 0.008320
0 0.718464 0.129392 0.006987 0.012456
0 0.716953 0.145869 0.003164 0.007031
0 0.717688 0.119336 0.002954 0.006895
0 0.718359 0.088018 0.003105 0.006211
0 0.718594 0.094082 0.003457 0.006152
0 0.718462 0.049443 0.002295 0.005039
0 0.716318 0.228594 0.002393 0.004980
0 0.717388 0.341489 0.002812 0.005342
0 0.714678 0.348062 0.003164 0.005977
0 0.718159 0.364973 0.002812 0.006050
0 0.717871 0.429263 0.002988 0.007969
0 0.719817 0.615327 0.003306 0.008018
0 0.970225 0.464634 0.005977 0.010791
0 0.719604 0.492710 0.005391 0.007568
0 0.714731 0.535034 0.004687 0.010254
0 0.719846 0.665876 0.005220 0.010054
0 0.719714 0.675298 0.005767 0.008369
0 0.714023 0.143437 0.002812 0.006855
