0 0.452905 0.358887 0.006494 0.010938
0 0.466187 0.322388 0.006396 0.013037
0 0.470923 0.289600 0.004346 0.010059
0 0.472534 0.234448 0.004834 0.010498
0 0.474089 0.204858 0.004136 0.008838
0 0.473809 0.121362 0.004746 0.012910
0 0.468628 0.590205 0.003447 0.007031
0 0.463313 0.035642 0.005015 0.008784
0 0.467227 0.968208 0.005586 0.012031
0 0.467288 0.916448 0.008872 0.025151
0 0.473882 0.098677 0.004736 0.008203
0 0.471414 0.084038 0.010063 0.016475
0 0.465305 0.759531 0.005347 0.009600
0 0.465154 0.778499 0.007847 0.012231
0 0.470977 0.064573 0.012100 0.020415
0 0.467515 0.983357 0.006396 0.015190
0 0.469893 0.575405 0.006396 0.014414
0 0.470698 0.271921 0.006328 0.017466
0 0.462354 0.732617 0.004199 0.008789
0 0.463096 0.707104 0.004414 0.007666
0 0.469055 0.549316 0.005200 0.012695
