0 0.309868 0.310205 0.006143 0.008691
0 0.393379 0.421252 0.012070 0.016685
0 0.281028 0.274666 0.006655 0.009614
0 0.265791 0.253093 0.004688 0.006411
0 0.196565 0.143511 0.009243 0.012949
0 0.180413 0.120769 0.013296 0.010278
0 0.228455 0.198411 0.004829 0.005669
0 0.232444 0.207017 0.005249 0.006084
0 0.255593 0.236897 0.008315 0.008315
0 0.298506 0.296182 0.007256 0.007861
0 0.323601 0.330344 0.018745 0.025396
0 0.408254 0.443416 0.016929 0.020562
0 0.202688 0.155237 0.005562 0.008472
0 0.467908 0.527346 0.009233 0.015269
0 0.431970 0.476931 0.008989 0.013413
0 0.420188 0.463149 0.007456 0.008877
