0 0.482512 0.853716 0.005103 0.010205
0 0.163438 0.054326 0.004004 0.008984
0 0.159893 0.066802 0.007480 0.012354
0 0.459297 0.052019 0.003799 0.012583
0 0.462883 0.052300 0.003794 0.011465
0 0.473071 0.597622 0.005322 0.008643
0 0.456926 0.942773 0.006040 0.011133
0 0.483091 0.840156 0.002881 0.009375
0 0.483408 0.834026 0.003223 0.005522
0 0.477832 0.885378 0.005664 0.011577
0 0.465305 0.921401 0.006587 0.013057
0 0.456438 0.080054 0.006479 0.015996
0 0.447466 0.164687 0.005088 0.010918
0 0.446770 0.198088 0.005269 0.010327
0 0.442991 0.390588 0.003657 0.009985
0 0.442104 0.410312 0.003291 0.008223
0 0.441338 0.428228 0.004854 0.008799
0 0.439685 0.435869 0.002671 0.004922
0 0.442744 0.450354 0.002461 0.006890
0 0.444326 0.451338 0.002812 0.005625
0 0.443442 0.511538 0.003574 0.008906
0 0.485193 0.686726 0.005669 0.009487
0 0.485562 0.767334 0.003838 0.007764
0 0.484277 0.798838 0.004297 0.009814
