0 0.434810 0.258296 0.009805 0.008428
0 0.402581 0.287673 0.010474 0.010933
0 0.369563 0.324680 0.005933 0.006147
0 0.329309 0.362087 0.013335 0.014692
0 0.311980 0.379944 0.005903 0.006392
0 0.286372 0.404211 0.009854 0.007710
0 0.277598 0.411360 0.006064 0.005200
0 0.237302 0.453706 0.005610 0.005312
0 0.187026 0.504116 0.009678 0.010703
0 0.215527 0.476057 0.006436 0.006284
0 0.152170 0.542163 0.013608 0.010820
0 0.108591 0.582996 0.005620 0.006284
0 0.070127 0.625354 0.009854 0.007651
0 0.048057 0.643938 0.006162 0.007925
0 0.039243 0.655417 0.007666 0.005737
0 0.014424 0.676924 0.005332 0.004648
0 0.007659 0.685601 0.007378 0.006426
0 0.915630 0.421001 0.027100 0.023008
0 0.834028 0.502488 0.014238 0.011362
0 0.761062 0.572080 0.009624 0.010654
0 0.745796 0.586460 0.017432 0.013848
0 0.733220 0.600181 0.010630 0.009121
0 0.719573 0.619414 0.013267 0.015537
0 0.709124 0.623269 0.006030 0.006440
0 0.655518 0.675059 0.009795 0.010059
0 0.417285 0.274592 0.010605 0.006411
0 0.358625 0.334980 0.011587 0.009863
0 0.025137 0.666672 0.008906 0.007192
0 0.252524 0.440244 0.007588 0.006230
0 0.568262 0.767800 0.013584 0.014546
0 0.516482 0.816995 0.011118 0.010356
0 0.540857 0.793745 0.007612 0.006660
0 0.526409 0.808430 0.007251 0.007017
0 0.500825 0.832231 0.009063 0.009863
0 0.547046 0.142610 0.016865 0.016274
0 0.460710 0.874326 0.013716 0.012559
0 0.433728 0.902263 0.005229 0.005112
0 0.395356 0.956794 0.005830 0.006187
0 0.590313 0.744602 0.013604 0.013354
0 0.373928 0.988291 0.006118 0.012422
0 0.407961 0.941316 0.013296 0.017339
0 0.779199 0.879460 0.014551 0.010522
0 0.676892 0.980862 0.012368 0.008706
0 0.702649 0.954016 0.008745 0.010884
0 0.897473 0.786401 0.014546 0.012334
0 0.601624 0.089797 0.013560 0.013833
0 0.893994 0.442312 0.008105 0.008931
0 0.794045 0.539517 0.020024 0.016660
0 0.679800 0.016223 0.008848 0.008062
0 0.207649 0.187517 0.011841 0.005542
0 0.246321 0.171267 0.007808 0.007056
0 0.269875 0.157158 0.009575 0.007051
0 0.332358 0.103369 0.006553 0.007305
0 0.364858 0.071121 0.009072 0.009321
0 0.426982 0.005186 0.007588 0.006348
0 0.636465 0.052249 0.014893 0.016626
0 0.656621 0.032976 0.007334 0.005288
0 0.880081 0.453936 0.007192 0.005996
0 0.817126 0.519456 0.009888 0.008638
0 0.863848 0.470547 0.012637 0.012871
0 0.624658 0.709202 0.009375 0.006411
0 0.443782 0.891362 0.007261 0.006846
0 0.610398 0.720759 0.008013 0.010073
0 0.667581 0.024033 0.005571 0.005039
0 0.579871 0.111562 0.009888 0.010039
0 0.564175 0.127285 0.005684 0.006562
0 0.572761 0.118806 0.004224 0.003872
0 0.507288 0.184907 0.011060 0.009678
0 0.495674 0.197090 0.007188 0.010137
0 0.485425 0.210356 0.009238 0.009111
0 0.475747 0.218213 0.006729 0.006377
0 0.458152 0.234270 0.010942 0.009565
