0 0.718857 0.514851 0.007158 0.024028
0 0.798875 0.144673 0.009712 0.018916
0 0.779192 0.234663 0.009204 0.019941
0 0.715789 0.541182 0.008179 0.017383
0 0.750662 0.358552 0.004810 0.014614
0 0.741592 0.414607 0.005313 0.009321
0 0.891123 0.829285 0.009473 0.015239
0 0.808896 0.097285 0.014150 0.023691
0 0.895420 0.800730 0.009453 0.020894
0 0.345303 0.293347 0.008936 0.017241
0 0.282351 0.589302 0.010503 0.016719
0 0.271418 0.643472 0.010103 0.021162
0 0.231868 0.805669 0.010884 0.030039
0 0.791138 0.180051 0.007559 0.021919
0 0.775137 0.252297 0.006719 0.012397
0 0.769053 0.279517 0.008086 0.017383
0 0.750156 0.340120 0.005771 0.015415
0 0.680198 0.709695 0.012173 0.028765
0 0.668025 0.762190 0.007583 0.015620
0 0.698259 0.617322 0.009097 0.019146
0 0.761370 0.315698 0.009097 0.023682
0 0.942761 0.591084 0.008423 0.013926
0 0.967131 0.563350 0.010298 0.008877
