0 0.584351 0.753887 0.005430 0.007793
0 0.419468 0.454673 0.003936 0.008564
0 0.413303 0.437036 0.005308 0.009590
0 0.406943 0.418926 0.006514 0.013018
0 0.340872 0.239141 0.005757 0.010479
0 0.329407 0.206655 0.006372 0.010068
0 0.307625 0.125183 0.007603 0.013970
0 0.300815 0.097405 0.008945 0.015337
0 0.140820 0.146958 0.008096 0.010654
0 0.144656 0.112659 0.006392 0.008521
0 0.146013 0.173386 0.007104 0.011362
0 0.080933 0.308149 0.006904 0.007891
0 0.024106 0.288845 0.005137 0.012329
0 0.025754 0.219915 0.006851 0.013696
0 0.024255 0.206902 0.007456 0.006392
0 0.035596 0.356431 0.009863 0.016660
0 0.035574 0.377825 0.005103 0.013315
0 0.016165 0.412390 0.004819 0.015581
0 0.005208 0.436946 0.009067 0.017319
0 0.025288 0.393152 0.013203 0.013774
0 0.128481 0.114939 0.005664 0.009351
0 0.115872 0.157014 0.005952 0.015298
0 0.110305 0.169392 0.004233 0.006147
0 0.108535 0.261011 0.010605 0.011016
0 0.310461 0.141985 0.007817 0.016997
0 0.323005 0.182625 0.008931 0.018442
0 0.360486 0.290007 0.011567 0.021724
0 0.388596 0.367788 0.009858 0.020059
0 0.444187 0.510354 0.012241 0.014624
0 0.481262 0.572422 0.016138 0.017119
0 0.531497 0.627747 0.008608 0.011616
0 0.538806 0.642981 0.007925 0.011753
0 0.430083 0.476504 0.007021 0.011133
0 0.607607 0.820449 0.009209 0.015820
0 0.619963 0.868674 0.005708 0.014761
0 0.620999 0.927881 0.004956 0.014639
0 0.620930 0.904834 0.006509 0.013613
0 0.612256 0.835791 0.005566 0.008877
0 0.594634 0.783818 0.006064 0.011504
0 0.553516 0.679539 0.006133 0.011245
0 0.510737 0.599824 0.005176 0.007891
0 0.451460 0.531448 0.005420 0.008384
