0 0.300630 0.872820 0.014795 0.010649
0 0.642439 0.073362 0.010044 0.013911
0 0.343218 0.818020 0.006826 0.009175
0 0.271411 0.071150 0.007256 0.018140
0 0.478589 0.018323 0.005537 0.007671
0 0.161792 0.117781 0.023428 0.008315
0 0.597222 0.149402 0.012373 0.020679
0 0.194204 0.107029 0.015937 0.011548
0 0.217039 0.099507 0.012964 0.011201
0 0.255964 0.086824 0.008940 0.007173
0 0.366646 0.767117 0.008096 0.012358
0 0.411951 0.664614 0.007456 0.011006
0 0.432566 0.612688 0.006929 0.013228
0 0.311399 0.015413 0.009233 0.011362
0 0.283889 0.887781 0.010005 0.011489
0 0.436482 0.578220 0.007397 0.010483
0 0.443813 0.488491 0.004854 0.010947
0 0.466978 0.433899 0.006807 0.013608
0 0.474822 0.410525 0.008286 0.008286
0 0.482366 0.395137 0.008579 0.008877
0 0.491538 0.377532 0.007988 0.012134
0 0.571511 0.202261 0.006392 0.009941
0 0.326519 0.845151 0.010010 0.012090
0 0.380439 0.739175 0.007402 0.011318
0 0.338455 0.068489 0.008179 0.009204
0 0.585188 0.171428 0.005327 0.010298
0 0.627527 0.097771 0.009468 0.015386
0 0.434814 0.537502 0.007344 0.023511
0 0.454329 0.466360 0.006353 0.018140
0 0.513262 0.326904 0.010166 0.018721
0 0.549456 0.253340 0.011519 0.021768
0 0.238391 0.089797 0.016099 0.007876
0 0.350183 0.802520 0.012192 0.018721
0 0.426689 0.628328 0.006504 0.014272
