0 0.734956 0.387642 0.004209 0.004922
0 0.761724 0.983945 0.004443 0.008594
0 0.741812 0.857202 0.004639 0.007666
0 0.737168 0.831362 0.003516 0.006494
0 0.736631 0.816501 0.005654 0.010718
0 0.736130 0.679165 0.004360 0.008506
0 0.733987 0.515989 0.006118 0.009985
0 0.735522 0.369385 0.004102 0.008447
0 0.737092 0.289800 0.005835 0.012305
0 0.741174 0.129663 0.004351 0.009922
0 0.964504 0.716824 0.006646 0.013813
0 0.965454 0.744504 0.005771 0.012056
0 0.964585 0.678521 0.003564 0.009082
0 0.282178 0.191223 0.002734 0.007134
0 0.282241 0.140972 0.003740 0.007734
0 0.087249 0.062266 0.006929 0.011758
0 0.281726 0.399658 0.003491 0.007715
0 0.283057 0.483052 0.003760 0.008213
0 0.738179 0.180479 0.003164 0.008896
0 0.736458 0.198437 0.003872 0.009922
0 0.738032 0.264163 0.003516 0.005444
0 0.737634 0.269634 0.004702 0.008262
0 0.735574 0.382715 0.004409 0.008623
0 0.734495 0.394106 0.003901 0.009238
0 0.735396 0.440161 0.003164 0.009795
0 0.738140 0.452161 0.003818 0.006929
0 0.737817 0.457729 0.002881 0.007373
0 0.737944 0.480493 0.003740 0.007373
0 0.735444 0.486125 0.004502 0.010562
0 0.737249 0.492803 0.003794 0.006875
0 0.735840 0.559688 0.003809 0.007393
0 0.734280 0.577903 0.004106 0.009009
0 0.735210 0.623882 0.003027 0.006201
0 0.736348 0.700674 0.003760 0.007422
