0 0.485237 0.686748 0.003647 0.007949
0 0.484185 0.798633 0.003564 0.007910
0 0.482878 0.853250 0.004712 0.009282
0 0.450132 0.115420 0.003984 0.005098
0 0.456838 0.080281 0.006421 0.015435
0 0.460659 0.051851 0.005811 0.014521
0 0.446777 0.196694 0.002930 0.004639
0 0.447590 0.164622 0.005093 0.011567
0 0.443621 0.452051 0.005571 0.011230
0 0.443462 0.511431 0.003516 0.007471
0 0.447388 0.200796 0.002686 0.004639
0 0.443091 0.391011 0.003691 0.009902
0 0.441895 0.410010 0.003809 0.008184
0 0.441548 0.428320 0.004639 0.008887
