0 0.472278 0.037151 0.007310 0.014360
0 0.803740 0.952510 0.009150 0.016270
0 0.815330 0.927854 0.012603 0.025151
0 0.854187 0.833115 0.004956 0.008838
0 0.860044 0.809792 0.005566 0.011509
0 0.872271 0.778560 0.005361 0.009453
0 0.881382 0.749055 0.006572 0.008628
0 0.903293 0.690415 0.006831 0.007988
0 0.942646 0.640562 0.006836 0.005918
0 0.827048 0.899958 0.006509 0.010103
0 0.990476 0.595498 0.007690 0.008877
0 0.844165 0.860637 0.009863 0.024409
0 0.791780 0.984812 0.006929 0.015288
0 0.851255 0.195999 0.006777 0.015269
0 0.816968 0.281755 0.007959 0.018521
0 0.706660 0.575195 0.007676 0.013379
0 0.923550 0.658301 0.010674 0.013477
0 0.951799 0.635635 0.010063 0.007100
0 0.770876 0.380776 0.007397 0.016230
0 0.778691 0.379431 0.005195 0.009243
0 0.799951 0.324478 0.003906 0.010068
0 0.836394 0.232322 0.007134 0.014497
0 0.867688 0.151577 0.013208 0.028975
0 0.617520 0.810598 0.010156 0.015601
0 0.177559 0.800652 0.005957 0.017466
0 0.188342 0.760156 0.013169 0.026631
0 0.216924 0.568423 0.007139 0.013848
0 0.271072 0.555994 0.006782 0.010298
0 0.285098 0.520132 0.012109 0.011006
0 0.243623 0.500808 0.012334 0.023218
0 0.267029 0.435464 0.005601 0.015225
0 0.323718 0.425842 0.005601 0.009624
0 0.345674 0.364255 0.007871 0.013120
0 0.356172 0.340200 0.005420 0.010498
0 0.360195 0.328301 0.007871 0.009443
0 0.369995 0.302668 0.006475 0.013120
0 0.335398 0.253491 0.005542 0.012852
0 0.380496 0.272385 0.004536 0.011841
0 0.441094 0.118325 0.006953 0.011338
0 0.402705 0.079158 0.006719 0.014673
0 0.466348 0.051562 0.003252 0.006680
0 0.462200 0.061838 0.005796 0.011841
