0 0.776594 0.125767 0.010278 0.007256
0 0.314944 0.632830 0.004663 0.007290
0 0.328137 0.648943 0.005103 0.007144
0 0.358245 0.682695 0.009331 0.010791
0 0.371951 0.698870 0.010786 0.009927
0 0.385220 0.711416 0.005830 0.006416
0 0.391343 0.720383 0.006123 0.007144
0 0.472988 0.738237 0.012539 0.009346
0 0.236511 0.545884 0.006655 0.007256
0 0.248906 0.558433 0.005439 0.008164
0 0.118962 0.416323 0.005073 0.007520
0 0.497219 0.763145 0.011841 0.016377
0 0.445996 0.782488 0.009023 0.011548
0 0.556118 0.831299 0.013437 0.012598
0 0.566821 0.843162 0.005459 0.006089
0 0.574065 0.850930 0.006089 0.007769
0 0.806833 0.497876 0.007056 0.008818
0 0.478406 0.136289 0.011489 0.015420
0 0.457009 0.111094 0.007056 0.009824
0 0.636880 0.287839 0.005947 0.014614
0 0.657705 0.305510 0.014727 0.013853
0 0.650972 0.295864 0.005977 0.004082
0 0.838979 0.535288 0.023936 0.025195
0 0.931572 0.636067 0.014697 0.014907
0 0.801086 0.489834 0.005669 0.005664
0 0.949697 0.265535 0.014512 0.015601
0 0.288625 0.601550 0.004810 0.006548
0 0.868655 0.223269 0.006353 0.005747
0 0.081846 0.374099 0.006035 0.007456
0 0.298613 0.614656 0.007100 0.009233
0 0.475400 0.815090 0.014014 0.016616
0 0.435073 0.082705 0.016191 0.015762
0 0.387825 0.035593 0.005962 0.008013
0 0.547400 0.213994 0.007397 0.013906
0 0.711177 0.376289 0.007695 0.010654
0 0.702300 0.362678 0.007695 0.013022
0 0.720349 0.391233 0.010649 0.013315
0 0.761790 0.449858 0.014917 0.017471
0 0.871506 0.568093 0.011079 0.013638
0 0.670354 0.007393 0.007056 0.011338
0 0.531868 0.874656 0.009448 0.012808
0 0.562729 0.912134 0.011543 0.007979
0 0.614167 0.897646 0.007349 0.008398
0 0.572490 0.924309 0.013857 0.014272
0 0.012949 0.297915 0.012686 0.010352
0 0.029568 0.316794 0.005688 0.007876
0 0.051001 0.341946 0.008018 0.009478
0 0.057781 0.350620 0.004956 0.005830
0 0.098718 0.394348 0.004722 0.006294
0 0.146570 0.446924 0.010151 0.011025
0 0.187598 0.490837 0.006475 0.008921
0 0.180906 0.481631 0.006079 0.006074
0 0.218862 0.527920 0.008457 0.007451
0 0.262310 0.570720 0.010205 0.011958
0 0.279075 0.592437 0.007290 0.004648
