0 0.950242 0.709236 0.011245 0.031929
0 0.717700 0.041445 0.008467 0.028418
0 0.991565 0.246270 0.006167 0.016328
0 0.992288 0.359824 0.008345 0.014150
0 0.993196 0.377786 0.007983 0.018140
0 0.963118 0.472456 0.006675 0.007998
0 0.715938 0.286077 0.004814 0.011519
0 0.714963 0.351841 0.005425 0.011914
0 0.719116 0.366238 0.005225 0.008979
0 0.715266 0.634944 0.003940 0.011812
0 0.970579 0.463154 0.006880 0.010801
0 0.256248 0.011006 0.008521 0.016689
0 0.307358 0.076775 0.006807 0.015093
0 0.307424 0.101855 0.005669 0.018984
0 0.258728 0.142173 0.006411 0.013809
0 0.308040 0.165718 0.005425 0.013066
0 0.257717 0.054834 0.008384 0.009863
0 0.259934 0.090957 0.009370 0.023428
0 0.306355 0.330439 0.009175 0.012129
0 0.308135 0.430305 0.006650 0.013003
0 0.307358 0.363486 0.005420 0.008398
0 0.262043 0.466099 0.011724 0.022920
0 0.260032 0.524011 0.006997 0.011021
0 0.307263 0.597405 0.012964 0.011548
0 0.306572 0.635637 0.008398 0.013472
0 0.259683 0.666167 0.005947 0.014346
0 0.306919 0.731775 0.010146 0.013296
0 0.302266 0.854033 0.011318 0.032217
0 0.260137 0.595271 0.011719 0.022046
0 0.719124 0.124800 0.010884 0.020557
0 0.710220 0.291157 0.005459 0.018477
0 0.991597 0.413616 0.006348 0.010278
0 0.944565 0.533286 0.005889 0.011260
0 0.945491 0.595022 0.006821 0.010161
0 0.945771 0.604138 0.002793 0.005835
0 0.947717 0.625947 0.005464 0.009111
0 0.948445 0.660515 0.004741 0.008501
0 0.950632 0.683357 0.003765 0.006079
0 0.949497 0.754993 0.004199 0.009800
0 0.948630 0.786924 0.006313 0.023623
0 0.946960 0.814829 0.004722 0.012949
0 0.947048 0.847810 0.004897 0.012075
0 0.718625 0.090247 0.006392 0.017896
0 0.717698 0.181938 0.006392 0.018467
0 0.719138 0.496384 0.008521 0.015337
0 0.951799 0.495051 0.009194 0.016538
