0 0.718816 0.469680 0.007681 0.019595
0 0.717520 0.147051 0.004766 0.011846
0 0.718484 0.087717 0.005269 0.009214
0 0.718333 0.094705 0.003745 0.005972
0 0.717563 0.270713 0.006377 0.011797
0 0.715942 0.295730 0.004385 0.008101
0 0.713748 0.304209 0.003882 0.008018
0 0.715815 0.310369 0.004639 0.011050
0 0.717209 0.341663 0.003442 0.006821
0 0.714780 0.354390 0.002705 0.006328
0 0.714756 0.347944 0.002520 0.005859
0 0.718386 0.365896 0.005073 0.011548
0 0.719612 0.496362 0.007876 0.019424
0 0.719199 0.624590 0.006123 0.009912
0 0.719065 0.636621 0.006099 0.008311
0 0.970144 0.464067 0.005288 0.008896
