0 0.574368 0.755732 0.015229 0.014180
0 0.403181 0.943066 0.013833 0.014551
0 0.496799 0.840903 0.020776 0.023838
0 0.600154 0.733748 0.012964 0.013354
0 0.655532 0.688953 0.010703 0.009243
0 0.724497 0.616267 0.006406 0.011919
0 0.755198 0.572322 0.008218 0.011099
0 0.279290 0.404285 0.005151 0.005054
0 0.270669 0.411023 0.005547 0.005845
0 0.779341 0.532151 0.005547 0.006372
0 0.844275 0.462908 0.008423 0.012534
0 0.859272 0.445850 0.009658 0.009248
0 0.869033 0.437734 0.008223 0.006572
0 0.883931 0.421501 0.009248 0.006987
0 0.932527 0.370750 0.013560 0.012739
0 0.549304 0.112844 0.005669 0.006851
0 0.966533 0.334482 0.009658 0.007188
0 0.993984 0.300598 0.010684 0.009243
0 0.115461 0.648474 0.008013 0.008013
0 0.094504 0.599363 0.009653 0.012944
0 0.563088 0.098716 0.007554 0.006680
0 0.587815 0.073289 0.011362 0.008169
0 0.909553 0.398066 0.013345 0.017461
0 0.788674 0.521594 0.009585 0.007104
0 0.641401 0.699604 0.011826 0.007988
0 0.898274 0.741296 0.008101 0.008911
0 0.480725 0.188271 0.009263 0.008047
0 0.522336 0.141182 0.014058 0.014551
0 0.628079 0.709814 0.010649 0.011816
0 0.530981 0.805225 0.007178 0.006836
0 0.466106 0.876428 0.012163 0.014497
0 0.155222 0.534536 0.008218 0.010273
0 0.130979 0.564229 0.012329 0.010068
0 0.366318 0.309507 0.010059 0.007695
0 0.184365 0.504028 0.014473 0.015088
0 0.157893 0.605322 0.006577 0.007188
0 0.163340 0.597822 0.005957 0.006572
0 0.175461 0.585906 0.011714 0.012739
0 0.236594 0.521489 0.012329 0.014590
0 0.215430 0.470940 0.009863 0.011714
0 0.259897 0.494722 0.010859 0.011416
0 0.273953 0.459404 0.006724 0.008418
0 0.490142 0.180908 0.007207 0.007705
0 0.447058 0.222627 0.007847 0.005830
0 0.569497 0.090415 0.007422 0.004932
0 0.608713 0.046155 0.005425 0.006655
0 0.616467 0.038389 0.009146 0.008877
0 0.641743 0.014771 0.007100 0.008877
0 0.914509 0.722600 0.008032 0.006997
0 0.784719 0.915552 0.006284 0.008457
0 0.773689 0.927578 0.013062 0.016201
0 0.743235 0.970291 0.006948 0.009868
0 0.808994 0.840547 0.005479 0.010098
0 0.824529 0.818083 0.008423 0.006274
0 0.431541 0.240701 0.007251 0.007251
0 0.419014 0.254851 0.004951 0.004624
0 0.951653 0.346372 0.010659 0.008076
0 0.407805 0.268848 0.011733 0.008008
0 0.388191 0.287056 0.007026 0.006113
0 0.380139 0.297087 0.006782 0.006030
0 0.350784 0.328330 0.008228 0.005752
0 0.336467 0.341606 0.005747 0.004756
0 0.305303 0.375002 0.010205 0.010903
0 0.290388 0.390164 0.010698 0.011499
0 0.273804 0.444766 0.005205 0.007891
0 0.906438 0.731426 0.005317 0.008818
0 0.722932 0.626541 0.005464 0.013755
0 0.707390 0.639563 0.013872 0.015796
0 0.695178 0.657622 0.008198 0.006074
0 0.683542 0.669265 0.011714 0.011372
0 0.391489 0.957310 0.006055 0.008398
0 0.388743 0.952485 0.003540 0.007861
