0 0.638589 0.060840 0.006162 0.011816
0 0.638586 0.125857 0.005591 0.010210
0 0.542275 0.040479 0.008770 0.007812
0 0.750049 0.241992 0.005176 0.011816
0 0.652637 0.446777 0.007422 0.005469
0 0.785513 0.098047 0.006768 0.010742
0 0.799587 0.062073 0.006890 0.011938
0 0.660425 0.380005 0.003760 0.008057
0 0.662705 0.212432 0.003633 0.007168
0 0.759912 0.180103 0.004297 0.006494
0 0.659299 0.207617 0.004634 0.008398
0 0.591548 0.131538 0.008389 0.007998
0 0.422720 0.045508 0.004170 0.007471
0 0.413232 0.124907 0.004004 0.008789
0 0.319956 0.339182 0.004619 0.007466
0 0.313574 0.311860 0.004688 0.009912
0 0.308716 0.273413 0.004248 0.008574
0 0.670049 0.280828 0.004844 0.006675
0 0.662822 0.264924 0.005322 0.008257
0 0.666475 0.244263 0.003662 0.005957
0 0.671089 0.231689 0.003613 0.004150
0 0.670920 0.235681 0.003667 0.005200
0 0.671357 0.228516 0.003467 0.005322
0 0.756738 0.208667 0.003711 0.009521
0 0.782112 0.143918 0.007173 0.004312
0 0.443296 0.041265 0.005127 0.002881
0 0.443271 0.039092 0.006348 0.002344
0 0.355081 0.011067 0.004253 0.006558
0 0.351960 0.015295 0.003823 0.006421
0 0.323833 0.009844 0.003613 0.005957
0 0.321221 0.007329 0.004150 0.006396
0 0.391218 0.200959 0.003628 0.006665
0 0.387000 0.208049 0.004136 0.007847
0 0.406343 0.008384 0.005068 0.008271
0 0.642932 0.094805 0.006177 0.012148
0 0.296064 0.440049 0.003418 0.006836
0 0.309595 0.215332 0.003955 0.006738
0 0.311270 0.202405 0.004570 0.010669
0 0.332146 0.093433 0.005698 0.010303
0 0.333252 0.079954 0.004102 0.008442
0 0.409883 0.015393 0.004434 0.007983
0 0.636597 0.023276 0.005713 0.012822
0 0.317212 0.377856 0.003760 0.006982
0 0.533252 0.507852 0.003809 0.007617
0 0.542998 0.477197 0.004248 0.008984
0 0.657524 0.417576 0.003564 0.007710
0 0.660908 0.362363 0.004102 0.009355
0 0.661934 0.349160 0.005684 0.007559
0 0.668428 0.332529 0.004395 0.006396
0 0.672788 0.283579 0.005518 0.006738
0 0.635427 0.049617 0.005737 0.010630
