0 0.714429 0.143350 0.002588 0.006641
0 0.717417 0.146426 0.003564 0.008105
0 0.970015 0.464358 0.005654 0.009087
0 0.719438 0.624233 0.005410 0.007734
0 0.718032 0.365957 0.004219 0.010195
0 0.716855 0.229214 0.003340 0.008506
0 0.716523 0.246768 0.003965 0.007422
0 0.714819 0.354060 0.002686 0.005747
0 0.718137 0.269126 0.005229 0.009531
0 0.719399 0.495815 0.008506 0.017012
0 0.714858 0.347964 0.002441 0.005371
0 0.717195 0.341335 0.003989 0.006665
0 0.715667 0.310977 0.004282 0.010127
0 0.715918 0.295703 0.004102 0.007617
0 0.717451 0.107676 0.003262 0.006797
0 0.718606 0.094270 0.003423 0.006470
0 0.718315 0.087942 0.003867 0.007456
