0 0.636719 0.022373 0.005566 0.011240
0 0.354641 0.012268 0.004399 0.005298
0 0.351584 0.015090 0.003364 0.005737
0 0.343577 0.024321 0.004731 0.005674
0 0.339585 0.025723 0.003926 0.005918
0 0.332925 0.080342 0.004102 0.005957
0 0.331694 0.092981 0.004404 0.007837
0 0.321436 0.141179 0.004199 0.007720
0 0.319629 0.150200 0.002344 0.004795
0 0.317866 0.152598 0.002734 0.005273
0 0.309094 0.215532 0.004351 0.006689
0 0.308792 0.273096 0.004009 0.007129
0 0.412935 0.124687 0.003564 0.006201
0 0.406860 0.009146 0.004834 0.007939
0 0.313594 0.311753 0.004199 0.007324
0 0.422163 0.044507 0.003516 0.005420
0 0.490090 0.044380 0.003521 0.006104
0 0.521436 0.044307 0.003418 0.004736
0 0.635647 0.049829 0.005669 0.010010
0 0.638259 0.060403 0.006108 0.010347
0 0.652393 0.145991 0.005176 0.010146
0 0.652202 0.156270 0.005967 0.009629
0 0.831226 0.020166 0.007666 0.007910
0 0.799634 0.061047 0.008057 0.014087
0 0.785640 0.098323 0.008799 0.011587
0 0.760327 0.179143 0.005029 0.007114
0 0.645017 0.183772 0.006685 0.012759
0 0.670676 0.227893 0.003970 0.006157
0 0.663132 0.265562 0.005347 0.009844
0 0.749932 0.243142 0.008398 0.010845
0 0.756902 0.208865 0.006401 0.009702
0 0.783555 0.143887 0.006387 0.009258
0 0.591509 0.131543 0.008672 0.008027
0 0.639207 0.126682 0.007241 0.011108
0 0.409858 0.016030 0.006338 0.008789
0 0.310991 0.201865 0.005684 0.009258
0 0.311758 0.299854 0.006328 0.011230
0 0.319224 0.338867 0.005918 0.007793
0 0.322324 0.349932 0.008145 0.008730
0 0.316841 0.377463 0.005742 0.008608
0 0.543020 0.477397 0.007290 0.014375
0 0.660603 0.380037 0.007339 0.011392
0 0.677432 0.315220 0.007734 0.013125
0 0.760896 0.422349 0.007876 0.011318
0 0.760281 0.444888 0.009956 0.012402
0 0.786472 0.483223 0.015161 0.016182
0 0.739751 0.352178 0.011543 0.020166
0 0.660830 0.209158 0.011738 0.014888
