0 0.609751 0.276677 0.012646 0.017007
0 0.631074 0.245632 0.006211 0.006685
0 0.527268 0.394399 0.014927 0.021836
0 0.735933 0.109419 0.005469 0.005586
0 0.702000 0.148494 0.005347 0.004741
0 0.694954 0.154932 0.004858 0.005225
0 0.673569 0.185671 0.008506 0.008384
0 0.463315 0.479077 0.011914 0.013564
0 0.501633 0.428193 0.010015 0.010898
0 0.511052 0.413193 0.006802 0.008555
0 0.541650 0.374561 0.011719 0.014160
0 0.622004 0.259871 0.008521 0.008521
0 0.645193 0.221628 0.005913 0.006655
0 0.661313 0.201006 0.005684 0.005322
0 0.745652 0.099829 0.008989 0.011289
0 0.760571 0.078564 0.007373 0.010352
