0 0.734780 0.588909 0.006934 0.008696
0 0.731282 0.692000 0.004722 0.009028
0 0.731367 0.702166 0.005908 0.010122
0 0.731201 0.678013 0.003125 0.008135
0 0.729243 0.676555 0.003340 0.007798
0 0.731460 0.854216 0.003447 0.007466
0 0.728408 0.850337 0.004180 0.008682
0 0.729155 0.669116 0.004395 0.008965
0 0.731250 0.712358 0.004541 0.007764
0 0.726855 0.344595 0.003516 0.005977
0 0.726113 0.332446 0.003516 0.007314
0 0.731592 0.723433 0.003564 0.005176
0 0.731240 0.815337 0.002734 0.006689
0 0.731221 0.954995 0.002588 0.004736
0 0.728340 0.906064 0.003564 0.009277
0 0.726636 0.060449 0.004834 0.007813
0 0.724902 0.015894 0.006348 0.011768
0 0.725171 0.078726 0.005225 0.009736
0 0.726243 0.180442 0.004048 0.008931
0 0.726201 0.202539 0.004063 0.008643
0 0.725693 0.318301 0.004971 0.011816
0 0.749565 0.482261 0.005391 0.008848
0 0.744553 0.521714 0.002954 0.005146
0 0.739629 0.549023 0.006074 0.012148
