0 0.399734 0.313000 0.009155 0.012007
0 0.407471 0.383826 0.007227 0.011499
0 0.489221 0.557065 0.007886 0.013994
0 0.499417 0.582144 0.006411 0.012080
0 0.536897 0.706465 0.005942 0.007373
0 0.563972 0.773755 0.005620 0.008877
0 0.632339 0.950586 0.006748 0.011006
0 0.638567 0.965452 0.007017 0.014028
0 0.436340 0.500627 0.015239 0.013784
0 0.406953 0.344805 0.010156 0.014873
0 0.362329 0.202229 0.016689 0.030112
0 0.545906 0.732019 0.006528 0.010161
0 0.304980 0.077087 0.007100 0.008872
0 0.605586 0.872495 0.006895 0.008711
0 0.572935 0.794783 0.014150 0.028296
0 0.616650 0.900613 0.013057 0.022856
0 0.625176 0.926187 0.011973 0.023945
0 0.525540 0.668469 0.012886 0.025220
0 0.413076 0.466609 0.018916 0.025562
0 0.373425 0.231826 0.006743 0.009590
0 0.343601 0.154065 0.007456 0.010298
0 0.330015 0.119001 0.012129 0.013843
0 0.322700 0.101885 0.009863 0.015762
0 0.406611 0.403264 0.009795 0.013784
0 0.462100 0.526567 0.012334 0.014150
0 0.557334 0.757124 0.009072 0.014512
0 0.382502 0.260154 0.007104 0.014204
0 0.396028 0.295547 0.008462 0.014570
