0 0.841077 0.123171 0.010298 0.013491
0 0.859753 0.153955 0.008521 0.012783
0 0.663921 0.353064 0.014053 0.016519
0 0.774785 0.514807 0.016689 0.023433
0 0.743157 0.468125 0.015620 0.019727
0 0.723062 0.439502 0.015410 0.018291
0 0.693555 0.394026 0.017754 0.021304
0 0.552419 0.188303 0.009370 0.013315
0 0.530227 0.154280 0.008384 0.010356
0 0.428987 0.003513 0.008315 0.006216
0 0.513474 0.130359 0.008013 0.012329
0 0.472112 0.065757 0.014302 0.020713
0 0.415496 0.720391 0.009585 0.012070
0 0.393127 0.689854 0.008169 0.017041
0 0.353003 0.711514 0.013135 0.018467
0 0.533484 0.904990 0.020591 0.022725
0 0.469570 0.801130 0.009941 0.015269
0 0.445781 0.763318 0.014912 0.023433
0 0.244460 0.467192 0.009946 0.009229
0 0.873208 0.242656 0.008945 0.016191
0 0.870908 0.208142 0.007246 0.008521
0 0.680408 0.373716 0.011079 0.017041
0 0.503245 0.115002 0.010649 0.016616
0 0.451858 0.038435 0.009800 0.015337
0 0.993062 0.426040 0.013877 0.019883
0 0.868950 0.218503 0.009229 0.010298
0 0.767578 0.015762 0.009590 0.009590
0 0.831172 0.110105 0.008877 0.009585
