0 0.469126 0.886143 0.004785 0.008437
0 0.454707 0.509309 0.007031 0.008560
0 0.469360 0.549687 0.005176 0.010840
0 0.469719 0.576116 0.005991 0.013247
0 0.445979 0.377930 0.008403 0.014580
0 0.466372 0.321077 0.008184 0.013921
0 0.466426 0.044165 0.003984 0.006270
0 0.463320 0.035991 0.004687 0.009141
0 0.474258 0.099580 0.003564 0.006396
0 0.471887 0.084175 0.007739 0.013955
0 0.473779 0.203745 0.004395 0.007861
0 0.471704 0.065454 0.005225 0.014697
0 0.465527 0.778320 0.003125 0.008496
0 0.462354 0.732383 0.003906 0.007227
0 0.463154 0.706885 0.003262 0.006348
0 0.468545 0.590117 0.003203 0.005664
0 0.453320 0.358936 0.005469 0.011035
0 0.471289 0.289565 0.004980 0.010420
0 0.472136 0.272583 0.006382 0.015479
0 0.472925 0.234180 0.005225 0.010547
0 0.473706 0.122314 0.004541 0.009570
0 0.463892 0.687368 0.004492 0.009424
0 0.467549 0.968408 0.005996 0.010352
0 0.464771 0.760391 0.006445 0.010107
