0 0.594565 0.363340 0.002588 0.006641
0 0.609138 0.413831 0.003530 0.005786
0 0.634102 0.496458 0.004150 0.006206
0 0.640081 0.575610 0.004106 0.006982
0 0.648943 0.719448 0.004858 0.008867
0 0.338188 0.182666 0.003809 0.005859
0 0.341724 0.219438 0.003760 0.005859
0 0.344531 0.298628 0.002197 0.004102
0 0.344031 0.302732 0.002612 0.004790
0 0.347925 0.341377 0.002295 0.003955
0 0.347803 0.337788 0.002734 0.004297
0 0.345630 0.350801 0.001904 0.002148
0 0.353896 0.462173 0.001904 0.002930
0 0.353125 0.459456 0.002051 0.003384
0 0.356528 0.552617 0.001660 0.002783
0 0.558750 0.014209 0.002686 0.003320
0 0.561963 0.036182 0.004395 0.005078
