0 0.681372 0.598079 0.005742 0.009976
0 0.602419 0.422786 0.007700 0.008921
0 0.729746 0.722490 0.007559 0.009072
0 0.707283 0.664805 0.005796 0.008564
0 0.215232 0.146465 0.012271 0.019941
0 0.298831 0.372712 0.010737 0.019429
0 0.355515 0.524253 0.006392 0.009941
0 0.351875 0.514746 0.004443 0.006396
0 0.456833 0.134487 0.005288 0.008037
0 0.732988 0.733342 0.006299 0.009575
0 0.719810 0.699426 0.006123 0.007173
0 0.717271 0.691379 0.006650 0.007524
0 0.712024 0.675369 0.004897 0.005249
0 0.662532 0.543613 0.007144 0.008311
0 0.549753 0.342046 0.004370 0.008164
0 0.559526 0.354346 0.007812 0.007305
0 0.545793 0.327512 0.008062 0.009575
0 0.230857 0.190527 0.006655 0.007861
0 0.345979 0.497222 0.007056 0.009072
0 0.434448 0.743120 0.008398 0.019316
0 0.402009 0.649902 0.005669 0.007139
0 0.373657 0.577646 0.005225 0.008379
0 0.390989 0.623301 0.005249 0.009238
0 0.421501 0.703430 0.013423 0.016685
0 0.308308 0.398318 0.011245 0.021772
0 0.282549 0.328843 0.012695 0.017773
0 0.252073 0.247212 0.008345 0.011973
0 0.227405 0.180095 0.006890 0.010522
0 0.348457 0.506348 0.004834 0.007080
0 0.424512 0.048655 0.008467 0.010278
0 0.420659 0.038655 0.006074 0.007896
0 0.417522 0.029592 0.009116 0.007192
0 0.441824 0.095862 0.006089 0.009868
0 0.490676 0.233823 0.006089 0.008184
0 0.627256 0.456099 0.004834 0.006455
0 0.632151 0.463040 0.008198 0.005151
0 0.656582 0.529753 0.007559 0.011187
