0 0.651655 0.780527 0.006094 0.009551
0 0.649941 0.730952 0.003711 0.007520
0 0.599277 0.378794 0.004766 0.006836
0 0.594219 0.363242 0.003281 0.008730
0 0.563833 0.094854 0.003369 0.005420
0 0.564980 0.098245 0.002832 0.006538
0 0.561575 0.036421 0.004565 0.007676
0 0.558831 0.014568 0.004126 0.004976
0 0.560981 0.026169 0.006074 0.007759
0 0.356445 0.552568 0.002930 0.004492
0 0.354785 0.518423 0.003418 0.006348
0 0.353208 0.459551 0.002812 0.003809
0 0.354058 0.462568 0.002402 0.004219
0 0.344131 0.303027 0.002832 0.004541
0 0.344604 0.298975 0.002686 0.004443
0 0.338506 0.182507 0.005117 0.006567
0 0.341362 0.218203 0.005977 0.008857
0 0.334099 0.077388 0.008169 0.016768
0 0.634319 0.495952 0.005737 0.007676
0 0.636936 0.503884 0.006919 0.006499
