0 0.343896 0.121895 0.010498 0.012178
0 0.425937 0.244875 0.005879 0.007524
0 0.612532 0.426672 0.005776 0.005425
0 0.659072 0.489727 0.006299 0.008398
0 0.741472 0.608018 0.007056 0.009824
0 0.776719 0.659260 0.007812 0.009575
0 0.803147 0.700127 0.005542 0.010078
0 0.310166 0.072236 0.004551 0.003496
0 0.315327 0.080374 0.004375 0.007524
0 0.303943 0.063984 0.006050 0.007256
0 0.412539 0.630903 0.006523 0.008975
0 0.385098 0.590737 0.005469 0.006807
0 0.291594 0.454709 0.005073 0.006646
0 0.287100 0.442751 0.006553 0.006548
0 0.197407 0.315266 0.007559 0.008062
0 0.679651 0.521616 0.004858 0.008379
0 0.667983 0.502629 0.010498 0.009272
0 0.574089 0.391663 0.005249 0.004810
0 0.581743 0.401360 0.008311 0.007290
0 0.466812 0.203206 0.006807 0.009321
0 0.359739 0.550232 0.004897 0.004976
0 0.365815 0.558813 0.007812 0.006553
0 0.349458 0.534912 0.005459 0.007559
0 0.396577 0.606396 0.005684 0.006562
0 0.247891 0.387346 0.006123 0.008892
0 0.273662 0.425515 0.007832 0.013062
0 0.558115 0.377871 0.007773 0.005830
0 0.548093 0.368999 0.004253 0.004619
0 0.354443 0.543113 0.006787 0.005972
0 0.520967 0.343611 0.007344 0.005776
0 0.510061 0.330034 0.002573 0.006494
0 0.479282 0.221848 0.007051 0.008315
0 0.508945 0.334121 0.004033 0.006494
0 0.501572 0.320193 0.008398 0.007769
