0 0.303655 0.100884 0.004810 0.005400
0 0.341992 0.017297 0.004199 0.006089
0 0.301260 0.107285 0.005459 0.007139
0 0.419106 0.869541 0.008340 0.011084
0 0.277263 0.159490 0.009243 0.017026
0 0.169043 0.370879 0.009375 0.013604
0 0.149583 0.403264 0.008315 0.014614
0 0.582898 0.056614 0.006548 0.016880
0 0.481047 0.299497 0.004536 0.008770
0 0.490430 0.289526 0.007031 0.011377
0 0.402588 0.437329 0.012012 0.015674
0 0.796770 0.209077 0.008706 0.017051
0 0.656187 0.448159 0.007617 0.009072
0 0.615078 0.514536 0.006533 0.009795
0 0.475950 0.759861 0.006548 0.006802
0 0.462595 0.784680 0.005542 0.005542
0 0.449329 0.806626 0.007837 0.013057
0 0.788491 0.613154 0.011221 0.013301
0 0.827334 0.563875 0.016973 0.027817
0 0.874805 0.483152 0.007891 0.009067
0 0.426140 0.856433 0.010933 0.014097
0 0.182854 0.342703 0.008706 0.010522
0 0.047842 0.596609 0.008711 0.013062
0 0.108096 0.479949 0.007891 0.010884
0 0.571680 0.090884 0.005479 0.016689
0 0.503342 0.254675 0.005542 0.011587
0 0.417178 0.411511 0.014111 0.016880
0 0.431919 0.391228 0.012344 0.017134
0 0.387380 0.467939 0.010923 0.014512
0 0.801704 0.167246 0.009707 0.006953
0 0.706619 0.380244 0.006382 0.012695
0 0.588469 0.550391 0.010005 0.016025
0 0.407708 0.891606 0.009146 0.012627
0 0.401775 0.904558 0.006138 0.010933
