0 0.211194 0.360664 0.006528 0.008437
0 0.295298 0.518811 0.006094 0.008706
0 0.201660 0.365383 0.004131 0.008022
0 0.340881 0.630291 0.003022 0.005542
0 0.318564 0.067502 0.006328 0.007280
0 0.306157 0.043850 0.003037 0.003745
0 0.396753 0.200835 0.006318 0.007412
0 0.456602 0.330552 0.005039 0.005293
0 0.448735 0.335095 0.003848 0.007290
0 0.453496 0.343042 0.004863 0.007187
0 0.472278 0.378308 0.003042 0.005669
0 0.479263 0.378408 0.006074 0.008506
0 0.514412 0.436875 0.005249 0.008457
0 0.534656 0.485037 0.003677 0.006997
0 0.486804 0.413042 0.004546 0.004727
0 0.725654 0.904666 0.002432 0.003647
0 0.748584 0.424561 0.007305 0.009072
0 0.639131 0.724036 0.003779 0.007134
0 0.577827 0.589563 0.007979 0.014487
0 0.550742 0.520066 0.010078 0.014067
0 0.509380 0.425483 0.006719 0.010498
0 0.375710 0.194790 0.009575 0.011338
0 0.311592 0.079275 0.003779 0.007056
0 0.308064 0.068945 0.004282 0.008564
0 0.300881 0.052441 0.006050 0.010830
0 0.304963 0.538589 0.003276 0.006299
0 0.205457 0.373040 0.003989 0.006509
0 0.197349 0.357251 0.004199 0.007139
0 0.191995 0.345598 0.003989 0.006509
0 0.044148 0.502280 0.007349 0.007871
0 0.043938 0.488906 0.007983 0.009434
0 0.190764 0.838765 0.006646 0.006123
0 0.175193 0.775078 0.005249 0.006475
0 0.164050 0.741453 0.003022 0.007056
0 0.121929 0.652124 0.005742 0.005742
0 0.015994 0.441882 0.006089 0.009448
