0 0.844331 0.489775 0.008799 0.015117
0 0.895251 0.371323 0.004839 0.014209
0 0.511040 0.036646 0.004717 0.013789
0 0.498159 0.081631 0.005801 0.011611
0 0.901321 0.356748 0.006079 0.009678
0 0.885146 0.382295 0.006982 0.011787
0 0.855366 0.445784 0.006680 0.008765
0 0.791987 0.578660 0.008877 0.009673
0 0.743911 0.658716 0.004561 0.010830
0 0.738997 0.720945 0.005317 0.011841
0 0.681934 0.891133 0.006074 0.012090
0 0.737739 0.757100 0.003301 0.008066
0 0.835615 0.519265 0.007080 0.008569
0 0.916870 0.306248 0.005820 0.011841
0 0.878555 0.373389 0.005049 0.009570
0 0.917322 0.315859 0.005776 0.006123
0 0.202351 0.284475 0.007837 0.010972
0 0.185371 0.345078 0.006270 0.006787
0 0.211255 0.881848 0.006895 0.013062
0 0.678855 0.210708 0.006792 0.012539
0 0.695305 0.149412 0.003921 0.006528
0 0.922124 0.238225 0.008271 0.016108
0 0.688406 0.877415 0.007007 0.014800
0 0.659707 0.955786 0.006533 0.011973
0 0.726060 0.771064 0.006846 0.016719
