0 0.165986 0.924404 0.004219 0.007090
0 0.125115 0.206770 0.006821 0.011548
0 0.111912 0.115264 0.003608 0.005615
0 0.119172 0.163760 0.003286 0.006445
0 0.128564 0.254751 0.003760 0.006396
0 0.129382 0.262173 0.004077 0.006201
0 0.135007 0.319399 0.007446 0.018047
0 0.146614 0.526489 0.004556 0.008691
0 0.148835 0.556211 0.008501 0.012637
0 0.149194 0.594814 0.006074 0.013838
0 0.159534 0.812231 0.007847 0.013418
0 0.352056 0.695110 0.010615 0.018071
0 0.107158 0.064380 0.003037 0.005771
0 0.107917 0.054204 0.005571 0.010732
