0 0.571128 0.908269 0.012070 0.019106
0 0.819653 0.912104 0.003066 0.005889
0 0.820171 0.922769 0.006484 0.012471
0 0.810071 0.635708 0.003696 0.010264
0 0.815203 0.652437 0.005337 0.010674
0 0.844519 0.590337 0.003677 0.008467
0 0.813975 0.594453 0.003926 0.009551
0 0.815000 0.511301 0.002764 0.004966
0 0.809241 0.514141 0.003735 0.006553
0 0.810757 0.465042 0.005830 0.011626
0 0.839138 0.457432 0.005601 0.010391
0 0.801208 0.197136 0.006724 0.010239
0 0.797234 0.154954 0.005503 0.009019
0 0.793884 0.111140 0.009175 0.008530
0 0.802607 0.123877 0.006240 0.011846
0 0.807512 0.105281 0.005854 0.010317
0 0.806685 0.088726 0.004971 0.009043
