0 0.968794 0.748855 0.008271 0.011753
0 0.616938 0.034956 0.009141 0.018721
0 0.612844 0.011982 0.003989 0.007139
0 0.602661 0.022900 0.007139 0.007979
0 0.646018 0.099111 0.006929 0.009238
0 0.789580 0.317893 0.007012 0.013062
0 0.882942 0.566047 0.010884 0.014800
0 0.838674 0.492021 0.005747 0.009375
0 0.808489 0.422415 0.011792 0.016021
0 0.963635 0.738711 0.004810 0.005830
0 0.925283 0.674197 0.006123 0.007700
0 0.287148 0.372639 0.007139 0.013013
0 0.897568 0.597141 0.006650 0.011187
0 0.787004 0.382639 0.003569 0.006929
0 0.767036 0.337014 0.006719 0.011128
0 0.850713 0.505576 0.007812 0.009824
0 0.931042 0.665962 0.006968 0.008271
0 0.623572 0.061418 0.005806 0.007983
0 0.824314 0.453022 0.004839 0.009375
0 0.206326 0.200193 0.011245 0.015601
0 0.279429 0.374338 0.006533 0.008345
0 0.578645 0.979399 0.005747 0.011494
0 0.523210 0.862031 0.003628 0.007256
0 0.528049 0.876394 0.006050 0.010581
