0 0.424077 0.403608 0.016328 0.016328
0 0.407297 0.432180 0.013003 0.011187
0 0.387495 0.462263 0.011484 0.011489
0 0.361042 0.497786 0.011187 0.013003
0 0.268225 0.578206 0.013003 0.017837
0 0.205789 0.726909 0.006968 0.010449
0 0.258066 0.646653 0.017236 0.020562
0 0.220125 0.706816 0.016323 0.021162
0 0.377668 0.890562 0.014800 0.021328
0 0.364172 0.911895 0.006968 0.009141
0 0.326514 0.969363 0.011758 0.016108
0 0.402566 0.848792 0.014243 0.018442
0 0.393950 0.864966 0.008496 0.010283
0 0.696611 0.415369 0.019590 0.020464
0 0.585403 0.555593 0.010288 0.014907
0 0.824177 0.585012 0.018052 0.025200
0 0.178174 0.348264 0.008770 0.014214
0 0.156899 0.380347 0.009443 0.012090
0 0.301414 0.144280 0.010747 0.015962
0 0.613459 0.521174 0.006050 0.008159
0 0.428694 0.800271 0.012192 0.013931
0 0.443059 0.782637 0.006099 0.008271
0 0.457534 0.758223 0.009326 0.007812
0 0.336733 0.080205 0.005137 0.006650
0 0.332502 0.087854 0.004536 0.004233
0 0.328616 0.093750 0.003853 0.006650
0 0.195081 0.321089 0.009927 0.012012
0 0.109946 0.454421 0.006572 0.009575
0 0.042227 0.565872 0.008711 0.014800
0 0.613928 0.063311 0.007983 0.016328
0 0.599055 0.095781 0.008706 0.013789
0 0.589182 0.138416 0.007769 0.011968
0 0.582854 0.148745 0.004849 0.008398
0 0.535352 0.244734 0.008496 0.012397
0 0.505269 0.289480 0.006377 0.011187
0 0.495291 0.298398 0.005171 0.009072
