0 0.807664 0.389817 0.015874 0.012847
0 0.931804 0.518516 0.005669 0.007559
0 0.704302 0.276746 0.007979 0.010522
0 0.650425 0.190581 0.011250 0.015234
0 0.128186 0.309585 0.010884 0.008164
0 0.570793 0.101697 0.005806 0.008706
0 0.091907 0.276631 0.010278 0.009375
0 0.404995 0.597603 0.005078 0.007256
0 0.171292 0.664192 0.007622 0.008706
0 0.218545 0.707522 0.006533 0.008345
0 0.921646 0.506492 0.012627 0.013062
0 0.977842 0.567427 0.008564 0.008818
0 0.845247 0.423796 0.008315 0.008813
0 0.561541 0.106230 0.007622 0.011973
0 0.461226 0.005554 0.010156 0.010884
0 0.707664 0.931267 0.012397 0.014214
0 0.158760 0.327690 0.008457 0.017764
0 0.151340 0.330815 0.004028 0.016152
0 0.298875 0.474250 0.016323 0.015239
0 0.566799 0.089722 0.010884 0.009434
0 0.557185 0.078293 0.008345 0.009067
0 0.519275 0.040745 0.010884 0.011606
0 0.135439 0.296584 0.007256 0.008159
0 0.868406 0.447588 0.009321 0.009326
0 0.837520 0.406445 0.007051 0.007305
0 0.828577 0.395613 0.008315 0.010835
0 0.902571 0.485959 0.007056 0.008315
