0 0.252458 0.197168 0.008706 0.014805
0 0.262415 0.240872 0.006509 0.011128
0 0.245754 0.166040 0.007837 0.016543
0 0.228870 0.089773 0.005288 0.013101
0 0.221562 0.084607 0.005791 0.015366
0 0.051121 0.441238 0.009067 0.018140
0 0.054983 0.465359 0.004194 0.008608
0 0.047173 0.407490 0.004531 0.006953
0 0.186794 0.940354 0.004536 0.008062
0 0.292295 0.432261 0.011758 0.021768
0 0.330969 0.587529 0.002974 0.005596
0 0.327644 0.576943 0.002271 0.004727
0 0.324250 0.562959 0.007397 0.013496
0 0.011272 0.290859 0.007837 0.015674
0 0.017761 0.313188 0.007046 0.015430
0 0.156736 0.835195 0.006802 0.016377
0 0.265300 0.283806 0.010884 0.020024
0 0.248367 0.180190 0.006968 0.009141
