0 0.565613 0.186809 0.006528 0.016108
0 0.623137 0.598467 0.006528 0.011611
0 0.293767 0.120320 0.009927 0.026118
0 0.408909 0.614851 0.008149 0.014419
0 0.424512 0.735618 0.005225 0.007837
0 0.577026 0.242725 0.019326 0.038135
0 0.620510 0.578845 0.009575 0.008706
0 0.656436 0.905737 0.007314 0.012539
0 0.644419 0.785320 0.008359 0.015151
0 0.654084 0.867078 0.012017 0.021938
0 0.210374 0.809392 0.008149 0.011909
0 0.214802 0.865354 0.013931 0.030474
0 0.584087 0.283274 0.008359 0.016196
0 0.118752 0.256360 0.022983 0.026118
0 0.082183 0.060347 0.012539 0.014834
0 0.201697 0.745457 0.011323 0.019155
0 0.204526 0.769402 0.013496 0.016548
