0 0.408308 0.731995 0.006089 0.011548
0 0.154246 0.723416 0.008765 0.017231
0 0.835884 0.152415 0.008271 0.017847
0 0.404204 0.381453 0.007812 0.012847
0 0.831077 0.128386 0.010581 0.012075
0 0.841658 0.171931 0.010581 0.011489
0 0.843774 0.190679 0.007559 0.013301
0 0.843469 0.249026 0.010581 0.016929
0 0.854961 0.371470 0.006953 0.014512
0 0.155374 0.302568 0.008706 0.014805
0 0.156724 0.600535 0.004355 0.006890
0 0.392185 0.227458 0.005669 0.012388
0 0.376858 0.097498 0.006929 0.014907
0 0.384111 0.143315 0.012627 0.022207
0 0.366506 0.035427 0.005542 0.009067
0 0.155920 0.744800 0.004536 0.014512
0 0.405615 0.568503 0.005947 0.012251
0 0.413677 0.458542 0.008164 0.013608
0 0.403096 0.364065 0.006348 0.011489
0 0.393748 0.341646 0.007056 0.011338
0 0.410508 0.655396 0.010889 0.026123
0 0.412527 0.575957 0.005073 0.012773
0 0.159688 0.386467 0.006348 0.009673
0 0.157104 0.652671 0.007891 0.014814
0 0.156536 0.781125 0.005542 0.012095
0 0.156987 0.614509 0.004375 0.007349
