0 0.159524 0.812393 0.006919 0.011729
0 0.165962 0.923403 0.004131 0.005146
0 0.352351 0.694966 0.008901 0.018369
0 0.125193 0.206968 0.006538 0.010898
0 0.112314 0.115449 0.003691 0.005273
0 0.107007 0.064277 0.002734 0.006377
0 0.108018 0.054404 0.004756 0.010732
0 0.129526 0.261934 0.002979 0.006494
0 0.134888 0.318994 0.006582 0.016621
0 0.149146 0.555959 0.007090 0.013247
0 0.146609 0.526274 0.005347 0.008086
0 0.601450 0.497871 0.005918 0.013008
0 0.605986 0.454568 0.005166 0.008403
0 0.149170 0.595374 0.004395 0.013247
