0 0.609553 0.266228 0.003638 0.004976
0 0.612512 0.290613 0.003970 0.005649
0 0.609897 0.356206 0.006475 0.010498
0 0.614009 0.391636 0.004199 0.006123
0 0.640166 0.565969 0.004395 0.026421
0 0.632065 0.627634 0.003555 0.005737
0 0.633760 0.633201 0.003037 0.004048
0 0.625789 0.691794 0.005796 0.018140
0 0.647097 0.802622 0.003882 0.006240
0 0.642998 0.807104 0.003711 0.014512
0 0.655315 0.901292 0.004497 0.007778
0 0.653005 0.919734 0.003765 0.008989
0 0.649788 0.932310 0.005103 0.011055
0 0.414802 0.677534 0.005103 0.014580
0 0.420181 0.662771 0.005791 0.011724
0 0.142825 0.075347 0.006929 0.013437
0 0.414785 0.587385 0.008164 0.011958
0 0.408223 0.533792 0.004902 0.008921
0 0.340046 0.114116 0.003892 0.009844
0 0.399868 0.446377 0.007559 0.016377
0 0.168154 0.316265 0.007559 0.013301
0 0.382622 0.375989 0.006563 0.011226
0 0.364080 0.244951 0.006997 0.012598
0 0.152720 0.214453 0.009141 0.020029
0 0.153792 0.285881 0.010884 0.014214
0 0.341431 0.066746 0.006924 0.012759
0 0.147761 0.156848 0.007349 0.010708
0 0.355068 0.194563 0.004375 0.009448
0 0.145535 0.108008 0.008706 0.013496
0 0.347822 0.144856 0.008262 0.012515
0 0.344751 0.029846 0.005264 0.011372
0 0.339072 0.029700 0.004375 0.012534
0 0.340940 0.012510 0.012847 0.011338
0 0.422649 0.817683 0.006489 0.011196
0 0.417061 0.691675 0.005537 0.010205
0 0.415691 0.884302 0.004956 0.007275
0 0.417256 0.917590 0.007139 0.015532
0 0.422085 0.968923 0.006719 0.011968
0 0.595459 0.039885 0.006299 0.008188
0 0.597979 0.056892 0.005039 0.009028
0 0.598818 0.084502 0.003359 0.009238
0 0.612322 0.280129 0.007905 0.012427
0 0.607400 0.257937 0.008394 0.010005
0 0.603726 0.095623 0.003799 0.011968
0 0.606675 0.134661 0.004229 0.007290
0 0.611052 0.195645 0.004858 0.006562
0 0.613481 0.215728 0.005225 0.012881
0 0.597527 0.069553 0.007749 0.013364
0 0.629866 0.744121 0.007935 0.018018
0 0.628521 0.716418 0.007129 0.014526
0 0.640044 0.511746 0.010371 0.023423
0 0.612085 0.229941 0.005586 0.010449
