0 0.331387 0.124644 0.005615 0.009492
0 0.591250 0.654849 0.003398 0.012822
0 0.582385 0.689441 0.003550 0.011460
0 0.327747 0.058574 0.007515 0.011563
0 0.587048 0.143701 0.002798 0.004902
0 0.591877 0.151646 0.004546 0.012246
0 0.596162 0.198960 0.005537 0.006855
0 0.375181 0.766772 0.005293 0.007305
0 0.372585 0.515313 0.003530 0.008818
0 0.376763 0.802424 0.003643 0.010933
0 0.585354 0.324978 0.002974 0.007349
0 0.582029 0.333987 0.003325 0.006821
0 0.582158 0.394067 0.004375 0.010449
0 0.602546 0.485835 0.005103 0.016328
0 0.583691 0.724219 0.004375 0.008506
0 0.594810 0.431975 0.003125 0.008188
0 0.593945 0.779404 0.005586 0.011299
0 0.602722 0.895969 0.003208 0.011079
0 0.598787 0.905376 0.003208 0.010352
0 0.598042 0.928235 0.003643 0.009185
0 0.609497 0.993130 0.004199 0.008750
0 0.583484 0.708721 0.003989 0.011758
0 0.591045 0.433652 0.004092 0.013486
0 0.594194 0.445388 0.004375 0.009478
0 0.597327 0.455525 0.005396 0.009331
0 0.604897 0.913865 0.002441 0.006196
0 0.606804 0.857175 0.003208 0.007290
0 0.607522 0.864841 0.003608 0.007534
0 0.589609 0.762139 0.007812 0.016377
0 0.599734 0.596042 0.007349 0.015220
0 0.604670 0.565166 0.006392 0.014053
0 0.581338 0.096667 0.006973 0.008521
0 0.605056 0.515796 0.008599 0.015801
0 0.586782 0.382205 0.010020 0.011577
0 0.580742 0.362576 0.009844 0.015327
0 0.582732 0.299824 0.009146 0.015059
0 0.584197 0.107219 0.004390 0.009028
0 0.576096 0.015613 0.002622 0.003501
0 0.582131 0.015264 0.002798 0.008750
0 0.369370 0.917053 0.003789 0.009185
0 0.368035 0.879248 0.005952 0.010322
