0 0.500229 0.918232 0.005986 0.011113
0 0.494963 0.938774 0.004751 0.007627
0 0.536167 0.702561 0.006133 0.010005
0 0.504377 0.927358 0.003374 0.005488
0 0.587185 0.586887 0.005825 0.009038
0 0.424890 0.095825 0.006802 0.009824
0 0.624563 0.348928 0.004810 0.007876
0 0.664346 0.229976 0.002939 0.006299
0 0.670842 0.183481 0.003765 0.012031
0 0.668352 0.174431 0.002671 0.005591
0 0.627957 0.324165 0.009282 0.015195
0 0.673413 0.128796 0.005615 0.009058
0 0.597793 0.539709 0.008154 0.017427
0 0.612883 0.405935 0.009683 0.008521
0 0.610957 0.383579 0.008730 0.015684
0 0.674346 0.138591 0.005088 0.009272
0 0.694290 0.048577 0.002993 0.009448
0 0.688877 0.047961 0.002627 0.004722
0 0.274155 0.875618 0.003223 0.006997
0 0.281890 0.838965 0.006953 0.009678
0 0.434763 0.029766 0.007808 0.011084
0 0.309189 0.764365 0.008027 0.012383
0 0.316453 0.730059 0.006567 0.011973
0 0.602808 0.509436 0.005811 0.017661
0 0.372661 0.483240 0.006719 0.011128
0 0.604358 0.468630 0.004858 0.010024
0 0.605269 0.479009 0.004053 0.009521
0 0.574150 0.616604 0.008818 0.015327
0 0.552539 0.672344 0.003975 0.012158
0 0.532219 0.722070 0.004575 0.010645
0 0.528250 0.737246 0.003921 0.008496
0 0.525498 0.775911 0.005137 0.014478
0 0.524329 0.793655 0.005229 0.011860
0 0.519771 0.873159 0.004229 0.007549
0 0.517700 0.880649 0.004229 0.007549
0 0.506394 0.909082 0.004868 0.011299
0 0.603699 0.457039 0.003140 0.012759
0 0.608354 0.456077 0.002734 0.008608
0 0.604763 0.416021 0.006069 0.010332
0 0.618296 0.358799 0.003936 0.006855
