0 0.883369 0.656621 0.006719 0.013018
0 0.238789 0.890718 0.006562 0.017783
0 0.231509 0.949753 0.004619 0.009448
0 0.230154 0.993508 0.005425 0.011548
0 0.222844 0.101606 0.005063 0.007510
0 0.244280 0.793594 0.003159 0.006318
0 0.222585 0.937126 0.005161 0.011040
0 0.419773 0.164619 0.005669 0.008818
0 0.419028 0.174277 0.005479 0.007559
0 0.434146 0.356885 0.004814 0.007725
0 0.432542 0.365405 0.004810 0.006982
0 0.437026 0.375693 0.003398 0.007168
0 0.445859 0.423335 0.005137 0.009072
0 0.443799 0.435593 0.005596 0.008921
0 0.448787 0.482747 0.003159 0.011304
0 0.453032 0.481714 0.003779 0.007051
0 0.449431 0.524644 0.004243 0.008018
0 0.223669 0.536189 0.003140 0.005718
0 0.219241 0.542578 0.004146 0.013115
0 0.219297 0.560879 0.005254 0.007266
0 0.222112 0.585808 0.004575 0.006538
0 0.454788 0.541467 0.005103 0.010210
0 0.221929 0.594871 0.003584 0.009341
0 0.228545 0.592031 0.002646 0.004902
0 0.229241 0.600435 0.004194 0.005215
0 0.228428 0.608684 0.002568 0.006147
0 0.235823 0.652842 0.002690 0.006230
0 0.226343 0.690188 0.003848 0.006079
0 0.452991 0.600703 0.002837 0.006074
0 0.455110 0.618743 0.003647 0.009331
0 0.451555 0.659128 0.003208 0.010640
0 0.458228 0.674995 0.004619 0.006074
0 0.460420 0.708687 0.003779 0.005039
0 0.453245 0.584639 0.003208 0.005830
0 0.232212 0.740046 0.004668 0.011519
0 0.241851 0.707739 0.004092 0.006494
0 0.230583 0.619968 0.002837 0.003130
0 0.876096 0.063223 0.003765 0.007539
0 0.875454 0.094023 0.003936 0.008604
0 0.873921 0.107507 0.004961 0.009624
0 0.885295 0.506047 0.005542 0.013608
0 0.877639 0.435479 0.005542 0.010586
0 0.879363 0.461067 0.006821 0.011196
0 0.879324 0.532048 0.005542 0.011841
0 0.888623 0.793450 0.008164 0.012397
0 0.875017 0.254031 0.006802 0.014360
0 0.875522 0.226819 0.007812 0.014360
0 0.876038 0.302412 0.006646 0.012598
0 0.871279 0.151550 0.004375 0.008745
0 0.877585 0.387231 0.009575 0.016123
0 0.876580 0.414944 0.008569 0.018140
0 0.882500 0.486748 0.007305 0.010078
0 0.875520 0.337002 0.008315 0.034785
0 0.888083 0.749451 0.004614 0.008384
0 0.885574 0.699766 0.008188 0.017422
0 0.884104 0.626597 0.005669 0.013437
0 0.240696 0.822324 0.005396 0.006123
0 0.872651 0.199307 0.006455 0.010166
0 0.197871 0.035254 0.002227 0.006074
0 0.222615 0.426123 0.003247 0.005937
0 0.209817 0.104463 0.005835 0.008311
0 0.213782 0.166323 0.004595 0.012217
0 0.240725 0.870972 0.004741 0.008086
0 0.242002 0.807322 0.002334 0.007290
0 0.452661 0.510554 0.004355 0.006177
0 0.456697 0.818972 0.003521 0.013364
0 0.459019 0.778416 0.003643 0.006440
0 0.453904 0.737715 0.003403 0.007070
0 0.244531 0.810486 0.002334 0.007290
0 0.876516 0.033215 0.008091 0.012573
0 0.244084 0.771323 0.004253 0.006074
0 0.244375 0.759939 0.003545 0.005874
0 0.245334 0.752747 0.003647 0.005103
0 0.223718 0.496985 0.004858 0.006616
0 0.223018 0.475715 0.003291 0.006392
0 0.219907 0.485525 0.005322 0.008589
0 0.216047 0.476101 0.004067 0.007163
0 0.217173 0.464402 0.004199 0.006616
0 0.222659 0.461497 0.003872 0.007583
0 0.229165 0.374153 0.004473 0.007065
0 0.223933 0.304443 0.003872 0.009521
0 0.211389 0.118289 0.002153 0.006323
0 0.203728 0.112808 0.002974 0.006914
0 0.217314 0.109988 0.003252 0.007173
0 0.216978 0.099229 0.003027 0.006055
0 0.217258 0.089534 0.003364 0.003921
0 0.210491 0.039248 0.004868 0.004297
0 0.202876 0.073845 0.008203 0.013315
0 0.211001 0.202378 0.002803 0.005137
0 0.215112 0.286880 0.002646 0.004824
0 0.217280 0.297188 0.002422 0.008740
0 0.223682 0.276343 0.004854 0.009150
0 0.218003 0.429463 0.004482 0.009805
0 0.239751 0.779797 0.006455 0.007261
0 0.218369 0.198713 0.003809 0.006948
0 0.217415 0.244204 0.003872 0.008066
0 0.214700 0.056428 0.002690 0.004575
0 0.211470 0.049773 0.002959 0.009009
0 0.210601 0.002346 0.004365 0.004126
0 0.209595 0.011140 0.004512 0.006616
0 0.203040 0.012737 0.004038 0.008608
0 0.216853 0.157002 0.003081 0.004854
0 0.218115 0.149297 0.002803 0.004951
0 0.223906 0.149485 0.004111 0.004761
0 0.224668 0.138103 0.002334 0.004204
0 0.218098 0.128042 0.003921 0.006055
0 0.206892 0.128098 0.004819 0.008179
0 0.217527 0.451785 0.007915 0.010601
0 0.204426 0.047019 0.008716 0.009683
0 0.208298 0.091882 0.009038 0.014526
0 0.457305 0.835645 0.003525 0.007773
0 0.461375 0.850952 0.003403 0.005830
0 0.444258 0.926584 0.004023 0.011372
0 0.438552 0.937446 0.006177 0.006895
