0 0.189551 0.471050 0.008311 0.008457
0 0.025222 0.268850 0.007310 0.007310
0 0.050156 0.248982 0.007559 0.007769
0 0.093799 0.201304 0.006562 0.006680
0 0.078594 0.218245 0.010732 0.011128
0 0.024836 0.297666 0.006079 0.004980
0 0.032258 0.301055 0.007046 0.004131
0 0.043752 0.272380 0.005688 0.005688
0 0.045503 0.277776 0.003936 0.003062
0 0.054604 0.303643 0.006924 0.007412
0 0.065745 0.325063 0.003403 0.003887
0 0.070300 0.327190 0.003765 0.004253
0 0.070972 0.337700 0.006318 0.006563
0 0.078381 0.336118 0.006079 0.005830
0 0.089543 0.352747 0.014360 0.011587
0 0.110093 0.373215 0.010088 0.009233
0 0.118635 0.385593 0.007437 0.007437
0 0.126609 0.390725 0.004956 0.007583
0 0.133975 0.402830 0.010645 0.013706
0 0.161194 0.432759 0.008140 0.007656
0 0.167515 0.441873 0.007656 0.007896
0 0.179202 0.457488 0.007437 0.010786
0 0.210491 0.489463 0.006792 0.004688
0 0.210608 0.496709 0.010229 0.004687
0 0.228086 0.513423 0.004883 0.002891
0 0.230798 0.511968 0.004888 0.002891
0 0.267515 0.551892 0.003633 0.004302
0 0.274348 0.556025 0.004302 0.004639
0 0.268789 0.565066 0.005264 0.004761
0 0.280762 0.565544 0.010547 0.008101
0 0.296201 0.581492 0.006494 0.005063
0 0.307720 0.589590 0.004219 0.004727
0 0.314343 0.596172 0.004302 0.004893
0 0.322485 0.605537 0.005234 0.005908
0 0.340444 0.628813 0.008506 0.010635
0 0.384502 0.683665 0.006533 0.009067
0 0.438740 0.740803 0.010518 0.013062
0 0.489712 0.795225 0.016689 0.015234
0 0.215869 0.137764 0.005039 0.006299
0 0.223101 0.151064 0.004863 0.006074
0 0.215627 0.157197 0.004741 0.006924
0 0.224131 0.170806 0.007412 0.009111
0 0.299851 0.257686 0.005542 0.006123
0 0.327219 0.287136 0.004546 0.005073
0 0.333169 0.293521 0.005947 0.006650
0 0.356675 0.323396 0.007090 0.006411
0 0.386306 0.350757 0.008569 0.009072
0 0.402397 0.366604 0.004199 0.005249
0 0.460574 0.427539 0.006646 0.008398
0 0.487429 0.450374 0.005073 0.005073
0 0.439905 0.407625 0.005835 0.005981
0 0.447559 0.411343 0.007725 0.007578
