0 0.315510 0.029216 0.002700 0.004331
0 0.041980 0.012429 0.007935 0.005083
0 0.007642 0.013562 0.006357 0.007886
0 0.052424 0.012385 0.005532 0.006235
0 0.064607 0.014385 0.005181 0.006709
0 0.093364 0.011208 0.006064 0.005200
0 0.099238 0.008413 0.004902 0.004316
0 0.182981 0.012170 0.005767 0.005083
0 0.192217 0.009629 0.006611 0.005762
0 0.209590 0.012510 0.003389 0.004746
0 0.218489 0.011577 0.007964 0.006270
0 0.261165 0.008096 0.011021 0.009004
0 0.270571 0.006816 0.004404 0.005088
0 0.307468 0.009109 0.008354 0.006489
0 0.403296 0.004409 0.006611 0.005088
0 0.338723 0.009846 0.007769 0.006782
0 0.356519 0.006035 0.005225 0.007627
0 0.379612 0.006599 0.010454 0.005083
0 0.227737 0.008477 0.008052 0.003672
0 0.114504 0.011021 0.009321 0.005508
0 0.304978 0.054143 0.007524 0.008950
0 0.294417 0.090891 0.004663 0.007769
0 0.300391 0.094336 0.004658 0.007061
0 0.298813 0.077078 0.002246 0.004634
0 0.300686 0.082393 0.002319 0.005039
0 0.298298 0.139973 0.002534 0.006294
0 0.299897 0.146611 0.002617 0.005479
0 0.299072 0.167029 0.003760 0.007925
0 0.296992 0.181804 0.004707 0.016187
0 0.296208 0.221609 0.004663 0.009604
0 0.294656 0.232412 0.003530 0.009746
0 0.297029 0.157402 0.006470 0.009648
0 0.292581 0.252642 0.005981 0.010986
0 0.291946 0.267981 0.005298 0.012007
0 0.295562 0.403003 0.002783 0.007002
0 0.293115 0.397676 0.002109 0.004473
0 0.296108 0.388406 0.002871 0.006157
0 0.293579 0.381572 0.002871 0.005146
0 0.285815 0.391909 0.003379 0.006748
0 0.298184 0.115334 0.008271 0.019155
0 0.520645 0.400046 0.006133 0.010815
0 0.524355 0.454109 0.004199 0.006294
0 0.519846 0.420542 0.004858 0.011777
0 0.517681 0.391218 0.002803 0.004897
0 0.518853 0.335706 0.003320 0.004897
0 0.517542 0.313311 0.006997 0.010498
0 0.514443 0.271965 0.005420 0.007173
0 0.519724 0.282732 0.002905 0.005620
0 0.292795 0.325237 0.001519 0.004048
0 0.517456 0.234763 0.004229 0.007144
0 0.516799 0.226892 0.003501 0.005396
0 0.516267 0.186724 0.002915 0.005830
0 0.532485 0.055444 0.003848 0.007090
0 0.520037 0.071060 0.005835 0.007578
0 0.521882 0.055415 0.005874 0.007490
0 0.535291 0.040520 0.004409 0.005249
0 0.292822 0.614309 0.004375 0.009097
0 0.290510 0.558640 0.005249 0.009868
0 0.294541 0.810688 0.003555 0.009521
0 0.290354 0.325286 0.001821 0.004253
0 0.295378 0.485703 0.008188 0.010918
0 0.292458 0.637449 0.005396 0.013999
0 0.292998 0.709663 0.006475 0.020996
0 0.298350 0.456875 0.002041 0.006748
0 0.298594 0.445732 0.003232 0.006260
0 0.298276 0.435361 0.002578 0.005098
0 0.290798 0.301436 0.002251 0.009629
0 0.293757 0.295723 0.003140 0.007998
0 0.291816 0.284844 0.002344 0.005811
0 0.294880 0.421960 0.003745 0.008608
0 0.294534 0.283530 0.002476 0.010947
0 0.288728 0.031304 0.006714 0.012813
0 0.318481 0.022966 0.003867 0.006509
