0 0.608918 0.113940 0.006069 0.010391
0 0.605884 0.175295 0.004902 0.010972
0 0.605649 0.203784 0.006074 0.008174
0 0.605649 0.233848 0.005840 0.020898
0 0.606467 0.270745 0.004204 0.007358
0 0.605823 0.282944 0.004087 0.007002
0 0.604658 0.308923 0.005020 0.008989
0 0.605356 0.331809 0.004785 0.006187
0 0.606057 0.370688 0.006421 0.009922
0 0.606582 0.424512 0.004668 0.013193
0 0.607051 0.492405 0.004434 0.009341
0 0.607051 0.499470 0.002568 0.003853
0 0.607517 0.505134 0.003032 0.006304
0 0.607400 0.532163 0.004204 0.008057
0 0.609736 0.544014 0.003506 0.007002
0 0.610786 0.556389 0.002568 0.004204
0 0.611428 0.565903 0.007124 0.010859
0 0.609402 0.607202 0.002700 0.004785
0 0.609819 0.616133 0.005605 0.010742
0 0.392278 0.749146 0.006538 0.007988
0 0.393877 0.775413 0.004844 0.006782
0 0.384072 0.809912 0.006055 0.010410
0 0.384917 0.876978 0.005811 0.006055
0 0.385403 0.924187 0.006782 0.010894
0 0.427722 0.027903 0.003735 0.006890
0 0.479795 0.025566 0.007705 0.006650
0 0.493225 0.027610 0.006538 0.005601
0 0.410559 0.054697 0.004438 0.006309
0 0.406008 0.063513 0.004204 0.006421
0 0.402622 0.078457 0.004902 0.005957
0 0.396082 0.103384 0.004204 0.006074
0 0.393396 0.124285 0.006538 0.011909
0 0.386860 0.168418 0.005371 0.010742
0 0.390945 0.230007 0.004204 0.006421
0 0.386741 0.296091 0.004438 0.007124
0 0.388623 0.363733 0.003633 0.006294
0 0.384788 0.401013 0.005327 0.007261
0 0.392932 0.434480 0.004380 0.005024
0 0.399541 0.443479 0.004619 0.005190
0 0.418445 0.473113 0.006616 0.012271
0 0.419758 0.484346 0.003794 0.005742
0 0.427383 0.549729 0.004844 0.008472
0 0.411848 0.629724 0.005649 0.007866
0 0.415178 0.653027 0.003433 0.004844
0 0.415884 0.662007 0.003633 0.005850
0 0.530178 0.031680 0.009077 0.007266
0 0.594639 0.031377 0.004033 0.004639
0 0.609187 0.044316 0.002915 0.005254
0 0.676614 0.031055 0.010044 0.005488
0 0.666631 0.030703 0.006191 0.004551
0 0.641265 0.049983 0.007412 0.007388
0 0.629624 0.056438 0.015459 0.010044
0 0.614231 0.097478 0.005718 0.008989
0 0.604773 0.147390 0.004321 0.014243
