0 0.173794 0.178228 0.008818 0.012344
0 0.199365 0.228362 0.004531 0.006802
0 0.205581 0.240183 0.005039 0.007349
0 0.212195 0.256140 0.007349 0.009448
0 0.256497 0.347993 0.010288 0.016377
0 0.297710 0.427397 0.007559 0.009863
0 0.337007 0.505178 0.006953 0.010249
0 0.374465 0.582417 0.005796 0.011084
0 0.403010 0.644421 0.007173 0.009800
0 0.387161 0.612229 0.004897 0.005601
0 0.433691 0.707905 0.004834 0.008467
0 0.441401 0.723474 0.009375 0.012397
0 0.456216 0.752500 0.009375 0.021465
0 0.484360 0.816169 0.008467 0.012700
0 0.498154 0.842109 0.011895 0.017324
0 0.516963 0.871846 0.007139 0.009658
0 0.525151 0.886228 0.011758 0.019106
0 0.536069 0.905332 0.008818 0.011543
0 0.224478 0.279971 0.005039 0.008818
0 0.311235 0.455298 0.004863 0.007412
