0 0.406848 0.151694 0.004878 0.008408
0 0.418022 0.037578 0.005811 0.009297
0 0.403679 0.119360 0.009878 0.009590
0 0.407102 0.141438 0.007397 0.008071
0 0.384727 0.237959 0.007988 0.008477
0 0.387388 0.264229 0.006533 0.007744
0 0.378066 0.300181 0.008232 0.012832
0 0.378672 0.365066 0.007988 0.008960
0 0.380488 0.410703 0.006777 0.011621
0 0.380850 0.441934 0.007021 0.007266
0 0.597998 0.015549 0.007021 0.010435
0 0.600417 0.028125 0.005571 0.008477
0 0.602717 0.047493 0.010649 0.019126
0 0.601145 0.092769 0.008472 0.025908
