0 0.581255 0.266276 0.005469 0.010058
0 0.113035 0.236752 0.005591 0.011565
0 0.182639 0.702234 0.004751 0.011236
0 0.188369 0.725043 0.004473 0.009255
0 0.175574 0.924024 0.005356 0.012667
0 0.301357 0.039010 0.003398 0.008227
0 0.315515 0.044270 0.003882 0.007269
0 0.306133 0.058808 0.004854 0.013008
0 0.288481 0.092962 0.008252 0.015323
0 0.300266 0.097321 0.006411 0.013279
0 0.306833 0.094714 0.005620 0.010606
0 0.299424 0.116212 0.007646 0.011536
0 0.324961 0.119443 0.003369 0.006853
0 0.328804 0.120081 0.003506 0.009723
0 0.293245 0.139270 0.003823 0.009036
0 0.300332 0.148375 0.003506 0.009082
0 0.298052 0.171215 0.004268 0.010098
0 0.293464 0.195280 0.002339 0.011622
0 0.296602 0.198378 0.003369 0.014053
0 0.293992 0.230058 0.003979 0.017067
0 0.298220 0.234365 0.003042 0.006363
0 0.347434 0.228897 0.005825 0.012621
0 0.343340 0.195136 0.004473 0.009255
0 0.352566 0.266201 0.005034 0.012564
0 0.363887 0.318095 0.007549 0.018510
0 0.366123 0.345528 0.007549 0.014544
0 0.356338 0.371308 0.006426 0.011900
0 0.374648 0.380895 0.008389 0.015866
0 0.331880 0.462699 0.009502 0.015537
0 0.409309 0.567644 0.007271 0.016524
0 0.351448 0.588964 0.006147 0.012893
0 0.422029 0.647962 0.008667 0.015866
0 0.370701 0.684605 0.005698 0.011507
0 0.395188 0.768490 0.009058 0.011900
0 0.377410 0.760756 0.007046 0.013880
0 0.388479 0.793479 0.009058 0.016657
0 0.536094 0.007275 0.007549 0.014342
0 0.549766 0.043868 0.006211 0.012852
0 0.549810 0.057226 0.005391 0.010225
0 0.551682 0.068109 0.006851 0.010225
0 0.556704 0.095621 0.008047 0.015930
0 0.560288 0.117858 0.006123 0.021513
0 0.512439 0.145684 0.008052 0.022546
0 0.561689 0.147338 0.006475 0.014688
0 0.567734 0.158092 0.004443 0.006703
0 0.567373 0.170242 0.004756 0.010416
0 0.571423 0.187965 0.005972 0.011853
0 0.574563 0.201553 0.006382 0.012691
0 0.522769 0.207659 0.003789 0.009659
0 0.530378 0.244137 0.004956 0.010860
0 0.585508 0.256276 0.004453 0.007783
0 0.536824 0.298360 0.004956 0.009480
0 0.590549 0.304911 0.005396 0.012581
0 0.594561 0.332832 0.007871 0.015017
0 0.548049 0.341028 0.006997 0.011721
0 0.598933 0.362312 0.004663 0.009809
0 0.565691 0.376016 0.004370 0.007598
0 0.607024 0.401186 0.006851 0.011357
0 0.586323 0.448080 0.003936 0.006876
0 0.605933 0.457647 0.005830 0.012569
0 0.610767 0.476591 0.006826 0.013239
0 0.621963 0.483415 0.005771 0.011172
0 0.604556 0.500693 0.005947 0.009723
0 0.620476 0.515898 0.003853 0.010756
0 0.630376 0.521146 0.003164 0.007985
0 0.627175 0.524348 0.003237 0.010727
0 0.629348 0.706931 0.005073 0.020895
0 0.628560 0.750748 0.006123 0.011796
0 0.670725 0.784469 0.007173 0.015104
0 0.674487 0.811882 0.006299 0.012413
0 0.685771 0.871980 0.008926 0.015520
0 0.648479 0.960791 0.008315 0.014896
0 0.692192 0.915958 0.007051 0.011617
0 0.786704 0.094746 0.008164 0.015727
0 0.822625 0.309512 0.004546 0.009105
0 0.827610 0.322855 0.005425 0.011380
0 0.828486 0.337338 0.006475 0.015520
0 0.837498 0.384405 0.005601 0.012413
0 0.854700 0.489348 0.008159 0.018233
0 0.866919 0.551163 0.006719 0.017130
0 0.869438 0.581204 0.004619 0.010676
0 0.872903 0.603046 0.006089 0.010179
0 0.879097 0.645872 0.005039 0.008938
0 0.906428 0.815878 0.005444 0.014296
0 0.890698 0.703219 0.005293 0.012211
0 0.895403 0.723274 0.004517 0.009654
0 0.914575 0.835595 0.004082 0.008961
0 0.146863 0.422255 0.007358 0.011715
0 0.179460 0.747728 0.003540 0.008597
