0 0.626829 0.828024 0.005571 0.013708
0 0.605544 0.104552 0.005269 0.007844
0 0.563333 0.222741 0.006606 0.019751
0 0.612922 0.137500 0.006196 0.010646
0 0.613396 0.160593 0.005454 0.009280
0 0.612715 0.150776 0.005332 0.009550
0 0.607446 0.151578 0.003721 0.009534
0 0.612976 0.187921 0.006323 0.014253
0 0.563333 0.222741 0.006606 0.019751
0 0.611177 0.234168 0.006963 0.012394
0 0.615015 0.244237 0.003574 0.006970
0 0.612581 0.255903 0.005454 0.010355
0 0.614998 0.272643 0.005825 0.011833
0 0.616050 0.285286 0.006445 0.008877
0 0.564219 0.282246 0.004463 0.008475
0 0.565952 0.315596 0.005205 0.010355
0 0.617603 0.336811 0.004131 0.006165
0 0.613110 0.344711 0.005889 0.007844
0 0.616997 0.407100 0.008926 0.013363
0 0.569509 0.407293 0.006069 0.012203
0 0.612922 0.137500 0.006196 0.010646
0 0.613396 0.160593 0.005454 0.009280
0 0.612715 0.150776 0.005332 0.009550
0 0.607446 0.151578 0.003721 0.009534
0 0.612976 0.187921 0.006323 0.014253
0 0.848406 0.495763 0.005142 0.015339
0 0.860061 0.920985 0.004370 0.009206
0 0.854771 0.899960 0.004102 0.010069
0 0.856541 0.813874 0.004312 0.007908
0 0.854756 0.796525 0.004014 0.009682
0 0.851917 0.742627 0.005249 0.008919
0 0.852434 0.701507 0.004907 0.008067
0 0.852136 0.681578 0.004614 0.009841
0 0.854666 0.658983 0.003423 0.008877
0 0.853848 0.650593 0.003271 0.006292
0 0.850698 0.595924 0.007402 0.019073
0 0.846934 0.454341 0.005713 0.015662
0 0.847112 0.439452 0.004995 0.007961
0 0.849700 0.424044 0.003394 0.010461
0 0.840037 0.226070 0.005659 0.013665
0 0.838115 0.100569 0.005000 0.017622
0 0.836597 0.087786 0.003037 0.006388
0 0.834060 0.071584 0.003618 0.006949
0 0.834827 0.059574 0.004341 0.007802
0 0.825156 0.051364 0.004033 0.010535
0 0.821643 0.046772 0.002378 0.006276
0 0.834988 0.043798 0.003472 0.007394
0 0.831650 0.038485 0.002979 0.006186
0 0.829658 0.025980 0.003965 0.007797
0 0.808372 0.012900 0.005532 0.012781
0 0.605288 0.094860 0.005371 0.009751
0 0.628672 0.912704 0.009258 0.018406
0 0.629570 0.951745 0.006426 0.010037
0 0.579956 0.983814 0.005908 0.013941
0 0.590808 0.793144 0.006069 0.010461
0 0.597144 0.751605 0.005537 0.014523
0 0.603750 0.738340 0.004463 0.008522
0 0.615908 0.577863 0.003721 0.007262
0 0.099590 0.014303 0.006172 0.020079
0 0.145310 0.008575 0.006431 0.008136
0 0.153667 0.070855 0.006855 0.013247
0 0.156121 0.233377 0.005142 0.010599
0 0.622380 0.586737 0.004761 0.010816
0 0.622051 0.548475 0.005352 0.009841
0 0.158809 0.666613 0.005020 0.009296
0 0.160959 0.688204 0.004644 0.009492
0 0.148552 0.706213 0.003745 0.006780
0 0.119231 0.865355 0.006167 0.012267
0 0.117942 0.965885 0.005913 0.012267
0 0.370271 0.045106 0.005356 0.011621
0 0.366201 0.078803 0.005781 0.011155
0 0.369961 0.088538 0.003594 0.007934
0 0.383784 0.094793 0.004463 0.007797
0 0.371760 0.103602 0.004956 0.018697
0 0.362852 0.125646 0.005381 0.009492
0 0.349758 0.134208 0.006890 0.011361
0 0.361340 0.140162 0.007827 0.011128
0 0.367480 0.139264 0.003584 0.009650
0 0.356201 0.157730 0.007588 0.010461
0 0.380303 0.163822 0.004961 0.007399
0 0.386128 0.165503 0.005703 0.009682
0 0.346982 0.177217 0.005176 0.010196
0 0.348171 0.186014 0.003628 0.006276
0 0.352620 0.188032 0.003823 0.010535
0 0.347646 0.207399 0.003428 0.007436
0 0.339832 0.228520 0.003159 0.011319
0 0.342058 0.233006 0.003159 0.009592
0 0.388381 0.268096 0.006069 0.012590
0 0.335625 0.259380 0.003750 0.016462
0 0.389827 0.377267 0.007456 0.010318
0 0.376443 0.398877 0.006968 0.011155
0 0.358965 0.422023 0.007480 0.008369
0 0.339414 0.475789 0.011309 0.016451
0 0.612754 0.540164 0.005205 0.013231
0 0.609614 0.523718 0.004316 0.012913
0 0.592520 0.510244 0.003867 0.007744
0 0.619229 0.470328 0.005889 0.009682
0 0.616641 0.435953 0.005000 0.009492
0 0.582542 0.441086 0.004995 0.007744
0 0.569509 0.407293 0.006069 0.012203
0 0.616997 0.407100 0.008926 0.013363
0 0.613110 0.344711 0.005889 0.007844
0 0.617603 0.336811 0.004131 0.006165
0 0.565952 0.315596 0.005205 0.010355
0 0.564219 0.282246 0.004463 0.008475
0 0.616050 0.285286 0.006445 0.008877
0 0.614998 0.272643 0.005825 0.011833
0 0.612581 0.255903 0.005454 0.010355
0 0.615015 0.244237 0.003574 0.006970
0 0.611177 0.234168 0.006963 0.012394
0 0.394929 0.411491 0.009253 0.015662
0 0.340957 0.594778 0.007197 0.011430
0 0.399824 0.584876 0.007715 0.015058
0 0.346143 0.684409 0.006426 0.009486
0 0.402466 0.659717 0.006250 0.010842
0 0.358315 0.764004 0.006641 0.010456
0 0.347712 0.785267 0.007710 0.012548
0 0.363672 0.811059 0.003643 0.011155
0 0.363579 0.851438 0.006172 0.012548
0 0.597554 0.004515 0.003594 0.008067
0 0.597590 0.037317 0.005952 0.008204
0 0.600999 0.046798 0.003843 0.007262
0 0.590339 0.056724 0.002974 0.007262
0 0.600442 0.059076 0.003843 0.007399
0 0.606023 0.054772 0.002603 0.006854
0 0.609304 0.062839 0.003472 0.005784
0 0.612034 0.072378 0.005210 0.010328
0 0.606167 0.085556 0.005684 0.006388
0 0.611951 0.094409 0.005474 0.009974
