0 0.852922 0.651810 0.005249 0.009925
0 0.853184 0.674050 0.004727 0.008482
0 0.853472 0.717956 0.004199 0.007945
0 0.856689 0.775852 0.006123 0.010514
0 0.859219 0.797249 0.003672 0.008689
0 0.856980 0.889515 0.004829 0.011443
0 0.862126 0.911902 0.004282 0.010133
0 0.855652 0.622618 0.004897 0.018204
0 0.848374 0.388046 0.005771 0.012096
0 0.565759 0.253392 0.005542 0.011207
0 0.563181 0.215447 0.003062 0.008100
0 0.562698 0.152151 0.005952 0.019036
0 0.615220 0.220361 0.006650 0.010964
0 0.613560 0.206706 0.006475 0.010964
0 0.614810 0.175860 0.004053 0.007182
0 0.611316 0.188311 0.004790 0.012512
0 0.610183 0.164775 0.006548 0.014896
0 0.610356 0.073961 0.006318 0.010774
0 0.612119 0.059472 0.005469 0.014094
0 0.612871 0.011238 0.002793 0.010918
0 0.609529 0.010303 0.003159 0.009913
0 0.603477 0.012050 0.004521 0.007413
0 0.119932 0.964394 0.005732 0.010335
0 0.120557 0.853363 0.004092 0.009371
0 0.604573 0.022133 0.005542 0.011033
0 0.359270 0.744247 0.004829 0.009682
0 0.348213 0.767266 0.005293 0.012211
0 0.346516 0.656775 0.005073 0.008897
0 0.161641 0.662032 0.003555 0.009654
0 0.159146 0.639148 0.004277 0.010918
0 0.161365 0.355756 0.006392 0.010577
0 0.341633 0.559495 0.005522 0.011611
0 0.400542 0.547162 0.007979 0.021045
0 0.339702 0.429795 0.008281 0.015964
0 0.346453 0.138834 0.003989 0.009434
0 0.389995 0.321914 0.005986 0.009324
0 0.392671 0.357035 0.005752 0.013100
0 0.377000 0.345069 0.005991 0.008822
0 0.390754 0.293926 0.006606 0.016882
0 0.387876 0.240413 0.004687 0.013355
0 0.387971 0.167607 0.004292 0.006299
0 0.343809 0.732994 0.005684 0.010514
0 0.337876 0.198955 0.002275 0.006617
0 0.347800 0.113158 0.003384 0.006663
0 0.155347 0.166472 0.003184 0.008868
0 0.611201 0.084573 0.006680 0.009076
0 0.604924 0.002717 0.004194 0.005433
0 0.162981 0.610043 0.005454 0.018886
0 0.333145 0.193938 0.004697 0.015889
0 0.622734 0.508193 0.005039 0.011940
0 0.612590 0.499134 0.005688 0.012240
0 0.603259 0.520595 0.004517 0.010346
0 0.608420 0.036426 0.003647 0.007587
0 0.611687 0.111902 0.007729 0.017408
0 0.612678 0.136865 0.005103 0.023961
0 0.616785 0.384226 0.004741 0.008903
0 0.401616 0.628363 0.004199 0.012165
0 0.619336 0.422370 0.006924 0.012789
0 0.568718 0.351975 0.005347 0.012356
0 0.564304 0.306940 0.004536 0.013707
0 0.616392 0.352289 0.008750 0.013447
0 0.616306 0.324564 0.005425 0.010964
0 0.612458 0.285390 0.005464 0.009613
0 0.617319 0.276276 0.003525 0.007182
0 0.383828 0.090641 0.003945 0.010208
0 0.379761 0.090087 0.002471 0.007875
0 0.387156 0.203750 0.003726 0.012177
0 0.338535 0.160823 0.003203 0.013412
0 0.341021 0.165292 0.003203 0.013412
0 0.346174 0.104789 0.003608 0.008020
0 0.352017 0.114472 0.003291 0.007535
0 0.366040 0.062058 0.003926 0.011980
0 0.359297 0.062858 0.006572 0.011559
0 0.355835 0.082945 0.007100 0.010289
0 0.348376 0.057226 0.007456 0.014278
0 0.369563 0.027304 0.003325 0.012102
0 0.381401 0.014694 0.004316 0.008453
0 0.368391 0.006383 0.002466 0.007292
0 0.582310 0.391224 0.003848 0.007864
0 0.610269 0.479726 0.004375 0.013863
0 0.616951 0.539267 0.003501 0.009654
0 0.622217 0.550058 0.002480 0.011721
0 0.625068 0.546501 0.002871 0.009215
0 0.592688 0.466342 0.003501 0.008793
0 0.598494 0.729671 0.004233 0.017517
0 0.592598 0.772711 0.003848 0.011172
0 0.582832 0.982884 0.006348 0.012512
0 0.632563 0.946775 0.006650 0.010364
0 0.631355 0.903340 0.009673 0.020733
0 0.628030 0.812385 0.004810 0.015346
0 0.628918 0.840785 0.008706 0.014584
0 0.838315 0.155722 0.007559 0.016085
0 0.847358 0.403519 0.006416 0.015860
0 0.844331 0.374010 0.002451 0.006622
0 0.851731 0.557904 0.007349 0.019365
0 0.849380 0.450459 0.005039 0.011172
