0 0.744167 0.431887 0.002261 0.012427
0 0.748203 0.436165 0.004844 0.015493
0 0.748445 0.447783 0.003716 0.006133
0 0.746831 0.459807 0.003711 0.018560
0 0.749978 0.482964 0.003550 0.009033
0 0.749170 0.501199 0.005811 0.017749
0 0.744812 0.521936 0.003872 0.004683
0 0.742798 0.531377 0.004678 0.010977
0 0.739568 0.549209 0.005005 0.008877
0 0.736663 0.565347 0.006616 0.012422
0 0.734968 0.588909 0.003872 0.006938
0 0.732144 0.597783 0.003389 0.008877
0 0.731902 0.606338 0.003228 0.008232
0 0.729724 0.636755 0.008228 0.020659
0 0.731331 0.691838 0.002915 0.007622
0 0.731331 0.700972 0.003589 0.007285
0 0.731113 0.751333 0.006455 0.029697
0 0.732197 0.798098 0.004258 0.015103
0 0.731521 0.815237 0.001743 0.005229
0 0.731519 0.854258 0.002129 0.005811
0 0.730647 0.867910 0.002710 0.009102
0 0.733940 0.874299 0.003486 0.010649
0 0.732197 0.889404 0.003486 0.018008
0 0.732390 0.908188 0.004263 0.012588
0 0.732371 0.937236 0.005229 0.010264
0 0.732080 0.955635 0.003486 0.006777
0 0.732664 0.975869 0.006196 0.023242
0 0.731108 0.678279 0.005156 0.010083
0 0.727578 0.110588 0.005166 0.015005
0 0.728789 0.144878 0.004355 0.018076
0 0.726543 0.202327 0.003486 0.006587
0 0.735776 0.378586 0.005322 0.011782
0 0.731333 0.363013 0.008076 0.016787
