0 0.636919 0.322800 0.005967 0.008218
0 0.436611 0.089470 0.004541 0.006001
0 0.411316 0.059797 0.005513 0.006001
0 0.620825 0.304839 0.005518 0.005859
0 0.664397 0.354836 0.011587 0.013960
0 0.679094 0.373079 0.018911 0.021167
0 0.715305 0.415305 0.014526 0.016216
0 0.748127 0.453706 0.004282 0.006533
0 0.754602 0.462095 0.007319 0.007998
0 0.775718 0.485291 0.018691 0.021958
0 0.812314 0.528252 0.011260 0.011035
0 0.829807 0.547175 0.009106 0.012612
0 0.738967 0.018701 0.005044 0.007061
0 0.784983 0.074600 0.010542 0.011836
0 0.819844 0.115625 0.005352 0.005674
0 0.835171 0.169058 0.004541 0.007783
0 0.842141 0.203352 0.010054 0.014429
0 0.514119 0.181819 0.016216 0.018159
0 0.980784 0.371262 0.015571 0.018159
0 0.490283 0.152388 0.010703 0.011514
0 0.471150 0.130090 0.008110 0.010376
0 0.401111 0.046401 0.011206 0.011768
0 0.370149 0.010396 0.017095 0.018213
0 0.459961 0.116633 0.010381 0.012974
0 0.449016 0.102686 0.015405 0.012646
0 0.526345 0.198040 0.003989 0.011128
0 0.525183 0.204438 0.003989 0.013086
0 0.532922 0.204878 0.003989 0.006367
0 0.541257 0.215427 0.003989 0.011128
0 0.555210 0.230649 0.007510 0.009570
0 0.563330 0.238401 0.004277 0.004507
0 0.580276 0.256870 0.006646 0.007207
