0 0.730129 0.056675 0.003921 0.012109
0 0.722063 0.063572 0.003921 0.007690
0 0.697627 0.096064 0.004463 0.004736
0 0.682480 0.110432 0.006514 0.004868
0 0.680532 0.119119 0.008457 0.006011
0 0.670955 0.120254 0.006509 0.007305
0 0.646814 0.139417 0.008999 0.003921
0 0.652512 0.139961 0.004771 0.002900
0 0.632551 0.149475 0.011372 0.003921
0 0.622148 0.159832 0.012959 0.003921
0 0.612419 0.162332 0.005815 0.004058
0 0.581099 0.183572 0.006768 0.004868
0 0.562563 0.195208 0.006494 0.005415
0 0.552080 0.208872 0.006357 0.008662
0 0.535845 0.229436 0.006357 0.007310
0 0.529148 0.211577 0.009468 0.006221
0 0.521707 0.220505 0.008931 0.007847
0 0.517375 0.252571 0.007847 0.005952
0 0.356289 0.782856 0.015127 0.016074
0 0.370371 0.764607 0.012764 0.013560
0 0.346084 0.795994 0.007441 0.007905
0 0.337209 0.808662 0.006470 0.007422
0 0.271692 0.888223 0.010669 0.011943
0 0.984600 0.471077 0.010039 0.013384
0 0.967114 0.491758 0.008115 0.011436
0 0.949265 0.507095 0.006440 0.012549
0 0.934626 0.528286 0.010063 0.017012
0 0.911899 0.553105 0.008672 0.013105
0 0.896006 0.571790 0.008115 0.011431
0 0.830076 0.660986 0.005649 0.008232
0 0.822825 0.662358 0.007280 0.007100
0 0.815393 0.674219 0.005327 0.004355
0 0.801433 0.689792 0.009038 0.011616
0 0.772788 0.729492 0.010488 0.011299
0 0.726147 0.781057 0.008721 0.007231
0 0.678914 0.837690 0.006763 0.005811
0 0.627478 0.891418 0.010317 0.007251
0 0.679949 0.787600 0.013940 0.012974
0 0.662617 0.798833 0.008330 0.009102
0 0.652161 0.800090 0.008716 0.006196
0 0.652546 0.809385 0.007554 0.006582
0 0.629363 0.816729 0.011382 0.003711
0 0.626455 0.823506 0.012559 0.003584
0 0.600640 0.852717 0.007764 0.007261
0 0.605725 0.840129 0.007603 0.007261
0 0.617104 0.833936 0.005303 0.005527
0 0.815757 0.241191 0.006387 0.010264
0 0.825342 0.222893 0.005811 0.005425
0 0.895154 0.216597 0.011812 0.012588
0 0.908420 0.201687 0.007358 0.008325
0 0.301150 0.492153 0.012935 0.015430
0 0.223347 0.584868 0.009351 0.012393
0 0.238193 0.563948 0.008184 0.006079
0 0.249412 0.553191 0.009116 0.010288
0 0.232698 0.573179 0.008413 0.007715
0 0.098623 0.740452 0.007715 0.004673
0 0.120503 0.709585 0.008486 0.012520
0 0.199397 0.615173 0.009009 0.008413
0 0.317366 0.472996 0.009761 0.010132
0 0.336357 0.450105 0.011514 0.010718
0 0.351555 0.431206 0.008784 0.011494
0 0.399978 0.372178 0.009155 0.010322
0 0.421350 0.346538 0.004868 0.004873
0 0.451814 0.310920 0.005698 0.006333
0 0.491636 0.274121 0.005625 0.014980
0 0.506755 0.261162 0.007983 0.007979
0 0.484734 0.263562 0.005630 0.012583
0 0.503577 0.238367 0.008657 0.009741
0 0.736064 0.047004 0.003916 0.005952
0 0.023000 0.479050 0.006987 0.007827
0 0.070940 0.434187 0.007271 0.006987
0 0.116028 0.381619 0.007290 0.011108
0 0.382334 0.748096 0.007959 0.010068
0 0.397344 0.735701 0.010088 0.008911
0 0.441592 0.688062 0.008350 0.006973
0 0.429280 0.692590 0.009526 0.008599
0 0.447288 0.677717 0.007437 0.006274
0 0.452634 0.670850 0.004185 0.005088
0 0.459722 0.666914 0.005811 0.006973
0 0.476453 0.655408 0.007202 0.010923
0 0.485840 0.627454 0.010693 0.008599
0 0.510239 0.603752 0.011152 0.008599
0 0.519661 0.584868 0.008335 0.006826
0 0.529995 0.567612 0.007568 0.008135
0 0.539285 0.554487 0.003677 0.019648
0 0.547451 0.553823 0.006758 0.007549
0 0.568242 0.523264 0.007764 0.006196
0 0.572307 0.515037 0.006987 0.006392
0 0.582764 0.513291 0.008154 0.005615
0 0.580344 0.504675 0.010278 0.009683
0 0.592930 0.493054 0.007959 0.006196
0 0.619753 0.477854 0.010864 0.008325
0 0.613267 0.465945 0.011445 0.011616
0 0.632051 0.442512 0.009121 0.010454
0 0.642893 0.429539 0.008345 0.010073
0 0.661873 0.453357 0.010669 0.008911
0 0.693340 0.435540 0.010859 0.008521
0 0.712222 0.428569 0.008730 0.006582
0 0.738853 0.408130 0.006572 0.009121
0 0.731655 0.415032 0.006582 0.006196
0 0.700850 0.357803 0.015430 0.019072
0 0.732295 0.322429 0.010264 0.011616
0 0.755244 0.291147 0.006191 0.005986
0 0.771992 0.269949 0.006006 0.006196
0 0.806753 0.323301 0.007744 0.009492
0 0.828345 0.297063 0.009873 0.009683
