0 0.938870 0.492073 0.002720 0.008774
0 0.681990 0.242632 0.003403 0.010205
0 0.686482 0.258547 0.002671 0.004614
0 0.686509 0.285764 0.002627 0.004448
0 0.684985 0.298770 0.005547 0.011084
0 0.688340 0.310293 0.004082 0.008750
0 0.684438 0.310730 0.003721 0.005835
0 0.688167 0.326511 0.003677 0.016382
0 0.686433 0.337170 0.003149 0.006196
0 0.686538 0.360330 0.005879 0.007769
0 0.687588 0.371882 0.003994 0.011763
0 0.689214 0.392573 0.003467 0.009033
0 0.687483 0.400398 0.002310 0.005356
0 0.689216 0.404912 0.002837 0.005566
0 0.686799 0.417673 0.002837 0.007563
0 0.690737 0.416467 0.004414 0.004097
0 0.689478 0.428545 0.002939 0.005146
0 0.689111 0.441409 0.003467 0.008188
0 0.687588 0.451333 0.005039 0.011025
0 0.691367 0.458159 0.004619 0.009346
0 0.688899 0.469714 0.002837 0.007036
0 0.690581 0.483577 0.003467 0.008716
0 0.690476 0.498540 0.005356 0.011553
0 0.690161 0.512141 0.003887 0.006616
0 0.690227 0.548643 0.003774 0.010713
0 0.694675 0.572322 0.003257 0.014810
0 0.696104 0.602480 0.001836 0.008750
0 0.693782 0.608345 0.003149 0.004375
0 0.698079 0.618174 0.003501 0.010332
0 0.701145 0.667271 0.003530 0.006553
0 0.696421 0.670608 0.003652 0.007690
0 0.701208 0.687874 0.003149 0.006177
0 0.699570 0.694807 0.003652 0.007437
0 0.703604 0.713586 0.003652 0.004663
0 0.698877 0.732678 0.003525 0.023442
0 0.704675 0.746165 0.003530 0.007310
0 0.701145 0.749504 0.003022 0.005669
0 0.700073 0.757444 0.003906 0.007183
0 0.704548 0.765320 0.004282 0.004282
0 0.701650 0.771685 0.004541 0.008193
0 0.703323 0.778643 0.003589 0.004551
0 0.707393 0.789189 0.003496 0.006738
0 0.703367 0.807087 0.002798 0.006304
0 0.705449 0.831819 0.004902 0.012778
0 0.701248 0.835845 0.004028 0.009277
0 0.709170 0.851602 0.004990 0.009277
0 0.705667 0.870244 0.003589 0.009277
0 0.709792 0.881550 0.002573 0.003325
0 0.710945 0.903376 0.003237 0.005864
0 0.710332 0.914451 0.005166 0.016509
0 0.711531 0.942744 0.003530 0.010586
0 0.712476 0.953457 0.003154 0.010840
0 0.712539 0.965557 0.003779 0.006807
0 0.713357 0.990437 0.004917 0.011343
0 0.942922 0.010159 0.003481 0.007563
0 0.943752 0.068384 0.004233 0.008770
0 0.944163 0.162832 0.003628 0.007861
0 0.944087 0.193306 0.002568 0.004082
0 0.944314 0.259924 0.003022 0.006353
0 0.945220 0.314219 0.002422 0.003936
0 0.947187 0.353616 0.003633 0.004390
0 0.945071 0.435811 0.003022 0.012402
0 0.935920 0.510752 0.002573 0.004990
0 0.932517 0.549695 0.002417 0.006050
0 0.932517 0.571545 0.004233 0.009224
0 0.933425 0.631360 0.002720 0.006353
0 0.944216 0.704968 0.002720 0.003813
0 0.950115 0.760500 0.003628 0.008169
0 0.959895 0.942866 0.003267 0.005879
0 0.015471 0.016753 0.003354 0.006123
0 0.679519 0.052722 0.002915 0.009185
0 0.682725 0.055859 0.003496 0.007871
0 0.678296 0.082285 0.005244 0.011758
0 0.687427 0.085854 0.003779 0.006719
0 0.682388 0.095723 0.003779 0.012178
0 0.679451 0.102231 0.002935 0.007559
0 0.683647 0.113882 0.002520 0.007344
0 0.711572 0.135400 0.003779 0.013018
0 0.684067 0.127842 0.004199 0.008818
0 0.684309 0.175750 0.002632 0.007593
0 0.680864 0.171038 0.003037 0.005659
0 0.682942 0.185317 0.002329 0.005469
0 0.679814 0.131228 0.003848 0.007700
0 0.683059 0.204946 0.004136 0.011475
0 0.686223 0.211865 0.002700 0.003545
0 0.680396 0.223411 0.002793 0.007173
