0 0.236401 0.714646 0.003516 0.019897
0 0.007993 0.072437 0.002422 0.005098
0 0.004148 0.072349 0.003022 0.004580
0 0.003242 0.095210 0.003457 0.007432
0 0.003499 0.113577 0.001899 0.003716
0 0.005918 0.145815 0.003457 0.010977
0 0.003889 0.157874 0.003022 0.011929
0 0.003967 0.181633 0.002700 0.008813
0 0.006182 0.177935 0.003623 0.011406
0 0.008281 0.187715 0.003301 0.007383
0 0.006748 0.197813 0.005811 0.011514
0 0.005063 0.216567 0.003359 0.005283
0 0.006045 0.225562 0.002002 0.002998
0 0.008088 0.289294 0.004478 0.014067
0 0.009070 0.328584 0.002280 0.008701
0 0.006787 0.327324 0.002041 0.003779
0 0.007373 0.346587 0.002148 0.005615
0 0.012573 0.365239 0.002100 0.007178
0 0.010254 0.371782 0.002637 0.004834
0 0.007168 0.369004 0.002432 0.007090
0 0.011775 0.386926 0.004556 0.013569
0 0.008030 0.393154 0.003745 0.017314
0 0.008787 0.418972 0.002837 0.006577
0 0.006255 0.439880 0.002227 0.008501
0 0.006104 0.450461 0.002734 0.010229
0 0.010154 0.458611 0.003950 0.005269
0 0.007776 0.470862 0.001821 0.011138
0 0.009700 0.476228 0.002026 0.007495
0 0.004678 0.507957 0.002988 0.013306
0 0.008877 0.530654 0.002197 0.009619
0 0.005610 0.566094 0.002002 0.003857
0 0.007539 0.560674 0.002148 0.008643
0 0.005674 0.579849 0.002930 0.005859
0 0.005605 0.608345 0.003271 0.007812
0 0.003218 0.621746 0.002227 0.007085
0 0.005491 0.627668 0.002319 0.005972
0 0.005503 0.681304 0.002363 0.005566
0 0.002930 0.691091 0.002109 0.011646
0 0.002485 0.702490 0.004863 0.007441
0 0.004143 0.728469 0.004136 0.016704
0 0.004360 0.800691 0.003584 0.005415
0 0.002227 0.815327 0.003867 0.010430
0 0.004717 0.825024 0.005215 0.008027
0 0.003687 0.864595 0.003418 0.006396
0 0.001768 0.878413 0.003418 0.012695
0 0.000999 0.996174 0.001997 0.007651
0 0.232644 0.009390 0.002554 0.009961
0 0.232690 0.062869 0.004131 0.007593
0 0.231863 0.091541 0.004976 0.012319
0 0.229839 0.103689 0.004307 0.007759
0 0.232498 0.115122 0.004390 0.010547
0 0.230515 0.123347 0.001772 0.005737
0 0.229292 0.132715 0.003037 0.008437
0 0.234099 0.131702 0.002866 0.007085
0 0.231821 0.144272 0.003037 0.010293
0 0.233679 0.156172 0.003374 0.008438
0 0.229248 0.173721 0.002949 0.015527
0 0.232791 0.185618 0.002954 0.010796
0 0.232905 0.202261 0.003691 0.012012
0 0.229829 0.216411 0.002578 0.008320
0 0.234194 0.214067 0.002285 0.005625
0 0.232993 0.222798 0.002578 0.005391
0 0.229858 0.224058 0.002520 0.006504
0 0.230005 0.244854 0.003125 0.011768
0 0.237034 0.246489 0.002729 0.007617
0 0.232510 0.264736 0.002285 0.005801
0 0.235908 0.268633 0.002520 0.008320
0 0.233447 0.279121 0.002168 0.012539
0 0.230547 0.294751 0.003467 0.005225
0 0.235186 0.302856 0.003076 0.004932
0 0.233540 0.327549 0.002246 0.005371
0 0.231343 0.328745 0.001953 0.007568
0 0.230386 0.341343 0.003125 0.011914
0 0.235937 0.352705 0.003125 0.009707
0 0.233721 0.370129 0.004053 0.016118
0 0.234099 0.382405 0.002280 0.008101
0 0.236716 0.397847 0.002954 0.012822
0 0.232791 0.405906 0.004556 0.010884
0 0.235408 0.420459 0.003374 0.010635
0 0.231609 0.435225 0.003882 0.021260
0 0.233809 0.465127 0.002520 0.006621
0 0.232817 0.474788 0.004385 0.012319
0 0.237544 0.484575 0.004219 0.020586
0 0.231636 0.504148 0.002871 0.004556
0 0.237251 0.515762 0.002246 0.007715
0 0.235200 0.516787 0.002051 0.011426
0 0.231042 0.519250 0.002026 0.004556
0 0.234485 0.531143 0.003237 0.014385
0 0.230181 0.529771 0.002129 0.012051
0 0.231345 0.550388 0.002251 0.006538
0 0.233525 0.552812 0.001826 0.005059
0 0.229973 0.570952 0.003589 0.008857
0 0.234966 0.572183 0.002041 0.004990
0 0.237097 0.559497 0.002427 0.003340
0 0.232192 0.584917 0.002344 0.009912
0 0.234438 0.590337 0.001563 0.006201
0 0.237661 0.588408 0.002930 0.010254
0 0.230654 0.594927 0.002881 0.007568
0 0.234292 0.603228 0.002930 0.012061
0 0.233491 0.613174 0.002783 0.004639
0 0.230557 0.637695 0.002578 0.008027
0 0.238232 0.635293 0.001992 0.004629
0 0.235303 0.641182 0.002695 0.008203
0 0.237822 0.649707 0.001523 0.007207
0 0.233254 0.672593 0.002769 0.004668
0 0.235222 0.669968 0.002622 0.005249
0 0.237520 0.680964 0.003164 0.006538
0 0.230874 0.679768 0.002529 0.004009
0 0.233025 0.707017 0.002388 0.008154
0 0.233093 0.715874 0.001968 0.004219
0 0.232251 0.726387 0.003096 0.007520
0 0.233677 0.737207 0.002812 0.010830
0 0.230093 0.743748 0.003232 0.010405
0 0.236833 0.767830 0.002935 0.015591
0 0.231721 0.776333 0.002632 0.007695
0 0.234656 0.782056 0.003237 0.004150
0 0.230657 0.784636 0.002329 0.007896
0 0.233188 0.789346 0.001924 0.004961
0 0.235088 0.804302 0.003525 0.008018
0 0.234783 0.813535 0.003403 0.006074
0 0.229680 0.827449 0.003647 0.007651
0 0.234810 0.828569 0.002168 0.007734
0 0.235276 0.836101 0.002603 0.004780
0 0.232954 0.852273 0.002227 0.008101
0 0.235537 0.853638 0.002129 0.004961
0 0.236479 0.870967 0.001934 0.008203
0 0.234595 0.898086 0.002588 0.009521
0 0.229697 0.925042 0.002812 0.008647
0 0.237397 0.933618 0.002744 0.008086
0 0.233635 0.919272 0.003374 0.014414
0 0.230015 0.941528 0.003164 0.008301
0 0.236904 0.945325 0.002461 0.005767
0 0.231428 0.947749 0.002036 0.003867
0 0.235403 0.974785 0.002671 0.007314
0 0.229285 0.981011 0.003237 0.007383
0 0.229424 0.989236 0.002812 0.007661
0 0.229963 0.883391 0.002700 0.006499
0 0.231880 0.842944 0.003799 0.009492
0 0.447231 0.093472 0.002832 0.007187
0 0.443586 0.106433 0.003237 0.005161
0 0.442725 0.118938 0.001924 0.011743
0 0.446792 0.154905 0.002949 0.005063
0 0.451868 0.196753 0.003892 0.008994
0 0.450024 0.234202 0.003848 0.013970
0 0.452534 0.246716 0.003848 0.005874
0 0.452383 0.289392 0.002734 0.006177
0 0.448792 0.316931 0.002632 0.016704
0 0.455269 0.330044 0.003848 0.007900
0 0.447979 0.333892 0.002432 0.008301
0 0.452588 0.341284 0.001924 0.006074
0 0.455242 0.362258 0.003374 0.010122
0 0.448560 0.372173 0.002529 0.007871
0 0.453142 0.377024 0.002671 0.008628
0 0.455840 0.381687 0.002549 0.010571
0 0.454072 0.426658 0.001826 0.007104
0 0.451980 0.480437 0.002935 0.006694
0 0.453848 0.535288 0.002305 0.013730
0 0.459133 0.536443 0.002671 0.005835
0 0.455752 0.564395 0.002617 0.005234
0 0.453728 0.584138 0.001938 0.009790
0 0.454150 0.596836 0.002109 0.006328
0 0.456345 0.602109 0.001772 0.007090
0 0.458411 0.610505 0.004722 0.007681
0 0.453687 0.621558 0.003037 0.007676
0 0.459973 0.638096 0.002446 0.004131
0 0.458789 0.643748 0.001602 0.004136
0 0.457793 0.654058 0.002168 0.010605
0 0.461689 0.663022 0.002812 0.006504
0 0.455420 0.671753 0.001758 0.015059
0 0.454998 0.683933 0.001821 0.009614
0 0.461780 0.699321 0.002632 0.007998
0 0.456262 0.703625 0.003140 0.014380
0 0.461841 0.743662 0.002930 0.004043
0 0.456978 0.750078 0.002578 0.007617
0 0.460874 0.763643 0.003691 0.006855
0 0.456899 0.785464 0.002178 0.006680
0 0.458799 0.798506 0.003447 0.005488
0 0.458025 0.809719 0.002886 0.007241
0 0.459929 0.843462 0.003140 0.007695
0 0.456992 0.849792 0.002734 0.006177
0 0.462632 0.875293 0.002461 0.008154
0 0.460273 0.886296 0.003232 0.006538
0 0.458081 0.892527 0.001973 0.004712
0 0.458220 0.913059 0.002954 0.013149
0 0.461633 0.907539 0.002319 0.007734
0 0.463650 0.936765 0.002446 0.010464
0 0.461438 0.957346 0.003374 0.008774
0 0.463086 0.963589 0.002783 0.003877
0 0.458403 0.966921 0.002363 0.004302
0 0.464688 0.977131 0.002783 0.007173
0 0.461890 0.985723 0.002295 0.010352
0 0.692151 0.198638 0.004829 0.017217
0 0.688477 0.202942 0.004619 0.008188
0 0.691069 0.230566 0.002227 0.006982
0 0.690110 0.251726 0.002534 0.009214
0 0.686008 0.249197 0.002632 0.008608
0 0.690010 0.278757 0.003359 0.006294
0 0.687185 0.292192 0.002358 0.005234
0 0.691362 0.307969 0.002275 0.006074
0 0.690308 0.321133 0.003037 0.008945
0 0.692249 0.344082 0.002700 0.003877
0 0.689082 0.353152 0.003291 0.006499
0 0.693130 0.364873 0.002676 0.006436
0 0.689304 0.380911 0.004497 0.010327
0 0.687905 0.437043 0.004131 0.010083
0 0.691492 0.449863 0.002065 0.010205
0 0.690637 0.478049 0.002310 0.005347
0 0.689363 0.486375 0.003159 0.010083
0 0.693374 0.499800 0.003643 0.008018
0 0.691489 0.512312 0.004014 0.009478
0 0.690032 0.539531 0.003276 0.014580
0 0.687966 0.558909 0.003276 0.008628
0 0.686387 0.594082 0.002549 0.006074
0 0.691672 0.594207 0.003647 0.007290
0 0.690154 0.604348 0.001821 0.004253
0 0.688149 0.609150 0.001943 0.008506
0 0.692827 0.611277 0.002793 0.006196
0 0.690820 0.628589 0.002676 0.006074
0 0.687285 0.694612 0.002305 0.008140
0 0.687288 0.710955 0.002065 0.005591
0 0.688958 0.732183 0.001772 0.009619
0 0.686592 0.738257 0.002109 0.005742
0 0.691245 0.718188 0.001826 0.014766
0 0.688923 0.713442 0.001128 0.004287
0 0.687673 0.754119 0.001772 0.006499
0 0.693875 0.760361 0.002026 0.008184
0 0.691006 0.767957 0.003711 0.011899
0 0.692732 0.784910 0.002329 0.006987
0 0.689226 0.815608 0.003062 0.005103
0 0.695667 0.832803 0.002603 0.010195
0 0.693452 0.844336 0.002109 0.006396
0 0.694646 0.853933 0.002251 0.006470
0 0.697424 0.859910 0.002739 0.008716
0 0.691765 0.877805 0.003091 0.007524
0 0.697144 0.885962 0.002178 0.004150
0 0.695913 0.891060 0.002812 0.007734
0 0.695105 0.905332 0.002183 0.009707
0 0.697810 0.909551 0.002671 0.011670
0 0.699324 0.901675 0.002036 0.006328
0 0.699290 0.926777 0.002954 0.009277
0 0.693171 0.933210 0.002251 0.007104
0 0.697495 0.936902 0.003301 0.006470
0 0.701609 0.962107 0.002251 0.009771
0 0.702031 0.979512 0.002529 0.006465
0 0.701294 0.986965 0.003164 0.009282
0 0.696440 0.991533 0.003027 0.006328
0 0.694502 0.954565 0.001807 0.005322
0 0.890242 0.187471 0.003569 0.014277
0 0.888374 0.259875 0.002041 0.005835
0 0.892239 0.304199 0.003062 0.011084
0 0.891218 0.335110 0.003354 0.006704
0 0.893479 0.377681 0.003208 0.010498
0 0.897415 0.405603 0.003208 0.005396
0 0.895959 0.440815 0.003208 0.010498
0 0.896248 0.456196 0.003208 0.005684
0 0.898438 0.485210 0.004082 0.012979
0 0.899529 0.509922 0.003062 0.008457
0 0.904270 0.515828 0.002915 0.012104
0 0.904492 0.568408 0.002783 0.004893
0 0.913987 0.574485 0.003882 0.002700
0 0.901624 0.554233 0.003794 0.007256
0 0.904275 0.596179 0.004556 0.006479
0 0.904678 0.615366 0.002129 0.005166
0 0.906299 0.622354 0.001924 0.006787
0 0.905962 0.650994 0.002676 0.009233
0 0.906204 0.670007 0.003403 0.010571
0 0.906689 0.683677 0.001943 0.004619
0 0.908882 0.710886 0.002734 0.007085
0 0.909387 0.720454 0.002534 0.004150
0 0.908831 0.726226 0.002026 0.002939
0 0.911411 0.724756 0.002734 0.003242
0 0.912256 0.766016 0.002617 0.011221
0 0.916646 0.818474 0.003242 0.007690
0 0.913862 0.825005 0.003545 0.007188
0 0.917051 0.831536 0.002432 0.006274
0 0.921182 0.892021 0.003242 0.008506
0 0.919785 0.901538 0.002432 0.007393
0 0.922803 0.932500 0.003037 0.006582
0 0.921841 0.967483 0.002734 0.013159
0 0.924321 0.971736 0.001826 0.003442
