0 0.351445 0.186384 0.007305 0.019331
0 0.356323 0.217163 0.004775 0.010303
0 0.356880 0.206895 0.003613 0.007422
0 0.353682 0.206792 0.003164 0.005391
0 0.376328 0.365127 0.003955 0.006738
0 0.374204 0.368154 0.003223 0.004492
0 0.379209 0.369253 0.003076 0.005615
0 0.380591 0.400371 0.006113 0.010898
0 0.376992 0.383896 0.004219 0.007256
0 0.381719 0.384231 0.006074 0.009956
0 0.395491 0.494358 0.005981 0.012104
0 0.398887 0.566423 0.003242 0.006479
0 0.404250 0.564197 0.003442 0.006479
0 0.415137 0.659561 0.003047 0.005625
0 0.426899 0.836777 0.005654 0.009531
0 0.433442 0.901460 0.003125 0.006689
0 0.386509 0.451038 0.008057 0.012476
0 0.406968 0.634895 0.005000 0.008696
0 0.390029 0.472039 0.008789 0.016187
