0 0.794225 0.632285 0.013763 0.015186
0 0.759527 0.089912 0.015996 0.008184
0 0.765523 0.195564 0.013340 0.012554
0 0.778421 0.162710 0.014024 0.004980
0 0.784678 0.262236 0.010845 0.005566
0 0.777575 0.275146 0.011690 0.011943
0 0.789256 0.314836 0.011670 0.009722
0 0.791992 0.355032 0.010503 0.005952
0 0.778481 0.368579 0.016519 0.012637
0 0.777223 0.384312 0.011026 0.011543
0 0.787736 0.381155 0.012012 0.005708
0 0.792998 0.411895 0.011509 0.009600
0 0.791036 0.467407 0.011006 0.004248
0 0.784537 0.482290 0.011006 0.008506
0 0.798551 0.497661 0.012998 0.011055
0 0.788290 0.513882 0.010503 0.008750
0 0.774517 0.518132 0.013018 0.005103
0 0.777777 0.529617 0.011529 0.008628
0 0.793793 0.536177 0.017525 0.009111
0 0.779205 0.557986 0.012012 0.006802
0 0.777495 0.578259 0.010000 0.010024
0 0.794809 0.592737 0.012113 0.003950
0 0.799598 0.607468 0.012515 0.006479
0 0.780865 0.628184 0.011268 0.020957
0 0.791097 0.663875 0.011690 0.012554
0 0.777535 0.668381 0.013783 0.007388
0 0.797565 0.677493 0.011268 0.007593
0 0.792143 0.706248 0.016278 0.008608
0 0.788169 0.734448 0.019195 0.006074
0 0.795402 0.785591 0.021026 0.006562
0 0.795835 0.850557 0.023421 0.008457
