0 0.483887 0.622368 0.003076 0.003906
0 0.472214 0.018228 0.003149 0.007441
0 0.474099 0.002354 0.003413 0.004707
0 0.475586 0.058357 0.002539 0.008228
0 0.478638 0.256831 0.003281 0.009180
0 0.478083 0.324312 0.002534 0.007646
0 0.476528 0.402100 0.004199 0.010645
0 0.477603 0.441479 0.002832 0.009229
0 0.477114 0.462793 0.002637 0.005469
0 0.476333 0.486597 0.003809 0.006104
0 0.475244 0.517437 0.002930 0.006250
0 0.477778 0.533059 0.002734 0.007593
0 0.475400 0.547590 0.003037 0.011343
0 0.477354 0.556531 0.003936 0.006538
0 0.477493 0.578259 0.003374 0.007104
0 0.474331 0.581143 0.003232 0.004990
0 0.478230 0.597468 0.003374 0.005991
0 0.479285 0.610886 0.001772 0.006665
0 0.481436 0.613164 0.002363 0.004473
0 0.480981 0.623198 0.002734 0.006641
0 0.475278 0.020547 0.002803 0.010156
0 0.484272 0.641025 0.002246 0.009180
0 0.487495 0.636509 0.003711 0.007861
0 0.486250 0.651597 0.002979 0.008154
0 0.491543 0.671621 0.002588 0.004883
0 0.479832 0.809353 0.004810 0.009771
0 0.484641 0.809353 0.003647 0.008599
0 0.476882 0.848806 0.002671 0.004780
0 0.468445 0.873521 0.002388 0.011602
0 0.465693 0.937205 0.002529 0.005737
0 0.694829 0.224558 0.002783 0.005229
0 0.910137 0.398711 0.003545 0.013564
0 0.922751 0.727886 0.004458 0.011240
0 0.915488 0.601577 0.003037 0.010547
0 0.914102 0.532822 0.003525 0.014941
0 0.705356 0.884468 0.003926 0.009082
0 0.705144 0.824468 0.003071 0.005859
0 0.703892 0.778745 0.002490 0.004980
0 0.701895 0.647534 0.002930 0.006494
0 0.702075 0.563896 0.003691 0.008555
0 0.700879 0.485671 0.002949 0.005063
0 0.699319 0.383672 0.003208 0.005654
0 0.698599 0.370002 0.002109 0.004468
0 0.697188 0.311802 0.003281 0.005625
0 0.696538 0.290212 0.003037 0.007690
0 0.692700 0.023813 0.003643 0.011846
