0 0.546589 0.543869 0.003501 0.007818
0 0.767056 0.012330 0.004150 0.011955
0 0.770911 0.089290 0.002388 0.005445
0 0.769646 0.128953 0.001685 0.005364
0 0.769541 0.147298 0.002744 0.004357
0 0.770469 0.195643 0.002832 0.010180
0 0.771250 0.175428 0.002744 0.011728
0 0.765730 0.192097 0.002671 0.010221
0 0.771001 0.251111 0.003223 0.006923
0 0.770317 0.264607 0.002734 0.006457
0 0.766614 0.301428 0.004077 0.005695
0 0.769253 0.281361 0.002881 0.007958
0 0.772695 0.355140 0.003164 0.008045
0 0.771392 0.385861 0.005820 0.013770
0 0.768457 0.828959 0.002285 0.006702
0 0.503608 0.038519 0.004678 0.007510
0 0.496047 0.058511 0.003813 0.010716
0 0.496267 0.080957 0.003540 0.015177
0 0.497942 0.163679 0.003813 0.009907
0 0.495266 0.036702 0.002642 0.005817
0 0.495728 0.176300 0.002383 0.007714
0 0.496372 0.197813 0.003145 0.007062
0 0.497905 0.218755 0.004287 0.014532
0 0.498779 0.274203 0.005449 0.013397
0 0.509670 0.391242 0.005005 0.011222
0 0.540171 0.077312 0.002861 0.006166
0 0.540972 0.049063 0.002246 0.005236
0 0.540703 0.103583 0.002344 0.008098
0 0.543223 0.187903 0.002227 0.006021
0 0.539172 0.218901 0.005464 0.007237
0 0.545398 0.435614 0.002739 0.006457
