0 0.477498 0.231345 0.002856 0.008511
0 0.476523 0.041211 0.002822 0.010703
0 0.473997 0.052854 0.002231 0.004351
0 0.476995 0.071379 0.001880 0.004233
0 0.480408 0.019922 0.003530 0.010234
0 0.482349 0.011689 0.002939 0.005996
0 0.461294 0.028979 0.003877 0.005996
0 0.474407 0.077319 0.006821 0.008350
0 0.476819 0.108311 0.003179 0.023525
0 0.474055 0.104841 0.002827 0.006001
0 0.473232 0.119780 0.001885 0.005996
0 0.474128 0.155488 0.003472 0.006807
0 0.475901 0.163381 0.003335 0.006265
0 0.475525 0.171379 0.004087 0.008647
0 0.475286 0.190471 0.001841 0.008306
0 0.478450 0.198777 0.003403 0.007349
0 0.475625 0.211606 0.002383 0.006738
0 0.475730 0.219399 0.003403 0.004902
0 0.475830 0.243257 0.002109 0.008369
0 0.480083 0.255271 0.002041 0.011978
0 0.476819 0.255205 0.002993 0.022744
0 0.479338 0.284949 0.003403 0.016880
0 0.476138 0.284031 0.001904 0.005649
0 0.477004 0.309458 0.002378 0.008848
0 0.481855 0.318164 0.002666 0.004482
0 0.482397 0.326558 0.002949 0.005049
0 0.480752 0.334702 0.002500 0.007715
0 0.479890 0.351931 0.002153 0.008618
0 0.483184 0.385371 0.003320 0.008594
0 0.478984 0.386812 0.003125 0.008350
0 0.481914 0.398604 0.002930 0.005957
0 0.481711 0.419683 0.003726 0.009492
0 0.480027 0.432866 0.003022 0.005625
0 0.679265 0.013982 0.002632 0.010122
0 0.485784 0.987463 0.002534 0.010688
0 0.485293 0.944683 0.003516 0.012246
0 0.487092 0.866255 0.002837 0.010225
0 0.488491 0.822673 0.004639 0.009790
0 0.489080 0.805588 0.001938 0.005649
0 0.487476 0.799175 0.002109 0.010713
0 0.485706 0.649185 0.002319 0.006748
0 0.483936 0.603662 0.001523 0.004805
0 0.483816 0.563718 0.002446 0.009868
0 0.483298 0.502107 0.002065 0.004497
0 0.922756 0.947898 0.002886 0.005688
0 0.924727 0.957483 0.002109 0.008228
0 0.918110 0.795750 0.002871 0.007847
0 0.916343 0.020764 0.004355 0.007798
0 0.908242 0.188481 0.003096 0.007314
0 0.906572 0.301707 0.003350 0.008452
0 0.708672 0.927651 0.002461 0.004688
0 0.482354 0.471729 0.002461 0.008506
0 0.708350 0.912651 0.001934 0.004102
0 0.707568 0.853435 0.003037 0.004565
0 0.705713 0.830947 0.003037 0.010029
0 0.702705 0.767800 0.002832 0.005669
0 0.700759 0.571133 0.001577 0.003037
0 0.699241 0.566636 0.002427 0.007656
0 0.699302 0.519565 0.002920 0.004375
0 0.696560 0.431091 0.005073 0.008228
0 0.687871 0.161604 0.004453 0.006479
0 0.687517 0.066936 0.004155 0.006479
0 0.679268 0.022234 0.003037 0.005161
