0 0.281045 0.196787 0.007256 0.014209
0 0.523167 0.035281 0.005112 0.006050
0 0.541941 0.070317 0.003325 0.006826
0 0.524092 0.076003 0.002275 0.004897
0 0.525232 0.084663 0.003149 0.007871
0 0.526282 0.102861 0.002798 0.008574
0 0.527681 0.137678 0.003496 0.007173
0 0.527769 0.149575 0.004023 0.010322
0 0.528992 0.165757 0.004370 0.010146
0 0.529517 0.224370 0.003672 0.016445
0 0.530830 0.255073 0.004551 0.006123
0 0.529604 0.302053 0.004902 0.007349
0 0.532766 0.467739 0.004956 0.007148
0 0.533933 0.503096 0.004663 0.009619
0 0.523376 0.651111 0.005103 0.009771
0 0.525752 0.738643 0.008818 0.016797
0 0.320510 0.682502 0.004370 0.004722
0 0.982852 0.020178 0.004229 0.007729
0 0.984529 0.003127 0.004956 0.006255
0 0.989358 0.063459 0.004976 0.007085
0 0.989358 0.070505 0.003628 0.004976
0 0.990242 0.155779 0.004966 0.011646
0 0.991963 0.188079 0.004150 0.008198
0 0.988262 0.135173 0.002803 0.011372
0 0.994473 0.224229 0.005420 0.008223
0 0.997971 0.245923 0.002622 0.008574
0 0.998081 0.292837 0.003838 0.018369
