0 0.446038 0.077876 0.003618 0.003500
0 0.442725 0.057666 0.003008 0.007527
0 0.443931 0.038593 0.003613 0.008225
0 0.443931 0.030199 0.002412 0.007521
0 0.265332 0.526316 0.003975 0.011180
0 0.265747 0.469697 0.003975 0.009966
0 0.263574 0.326784 0.002441 0.006988
0 0.263484 0.295448 0.004009 0.007289
0 0.216433 0.241010 0.004868 0.010040
0 0.261445 0.127777 0.003750 0.016200
0 0.261318 0.109146 0.004697 0.007493
0 0.260364 0.085355 0.002964 0.010528
0 0.214297 0.072700 0.003389 0.009722
0 0.259407 0.041767 0.003315 0.004555
0 0.213865 0.026679 0.002007 0.010227
0 0.257920 0.017771 0.002783 0.011446
0 0.035051 0.545516 0.003149 0.004078
0 0.032507 0.553497 0.003149 0.010760
0 0.031521 0.496313 0.003569 0.009144
0 0.907285 0.105879 0.001934 0.008355
0 0.950376 0.145184 0.005234 0.006580
0 0.910144 0.251415 0.005542 0.008639
0 0.685117 0.658296 0.004199 0.012927
0 0.675203 0.286960 0.004028 0.011707
0 0.491523 0.961055 0.002334 0.006432
0 0.490503 0.997805 0.003496 0.004390
0 0.692551 0.073321 0.005249 0.007958
0 0.674836 0.071290 0.003062 0.009319
0 0.672798 0.095258 0.002480 0.007453
0 0.672075 0.017243 0.003281 0.012706
0 0.720735 0.021900 0.003403 0.006773
0 0.706775 0.136761 0.003765 0.006636
0 0.701367 0.127093 0.003398 0.007901
0 0.672451 0.153327 0.002021 0.008117
0 0.904700 0.046305 0.003442 0.011293
0 0.905002 0.080298 0.002837 0.010113
0 0.489043 0.954027 0.002041 0.008633
0 0.488462 0.903809 0.004375 0.011180
0 0.024197 0.013219 0.006069 0.014107
0 0.028179 0.093020 0.002402 0.006075
0 0.028857 0.132206 0.003350 0.007896
0 0.028179 0.185301 0.001572 0.005712
0 0.029956 0.184209 0.001572 0.004254
0 0.030007 0.199881 0.002300 0.008383
0 0.030007 0.210269 0.003345 0.004861
0 0.029746 0.237972 0.003242 0.007050
0 0.027969 0.259597 0.003037 0.006319
0 0.031160 0.294651 0.002300 0.005468
0 0.031211 0.306497 0.002822 0.005837
0 0.033406 0.305462 0.001987 0.003766
0 0.033354 0.316098 0.002090 0.012150
0 0.031943 0.323142 0.002197 0.003891
0 0.030530 0.338188 0.001938 0.004714
0 0.029954 0.360196 0.002358 0.013426
0 0.033162 0.364064 0.003208 0.011180
0 0.032285 0.395842 0.002178 0.007385
0 0.034312 0.400658 0.002363 0.012377
0 0.030527 0.403786 0.002783 0.005837
0 0.030823 0.438936 0.002905 0.004929
0 0.033789 0.437989 0.003027 0.005837
0 0.030977 0.475428 0.004541 0.006750
0 0.030613 0.482354 0.002358 0.005978
0 0.034697 0.495891 0.002783 0.008434
0 0.487805 0.887124 0.003062 0.009994
0 0.488123 0.827677 0.002554 0.009172
0 0.494807 0.728738 0.004253 0.011997
0 0.487124 0.794918 0.004756 0.010119
0 0.487932 0.776336 0.003950 0.006818
0 0.460127 0.492388 0.002861 0.005003
0 0.449143 0.310275 0.001714 0.005882
0 0.492339 0.492890 0.003174 0.006132
0 0.490630 0.483049 0.003760 0.011974
0 0.488457 0.472893 0.003027 0.005389
0 0.492822 0.445423 0.002246 0.007272
0 0.492375 0.207947 0.002388 0.005218
0 0.490259 0.215213 0.002520 0.007419
0 0.491416 0.415820 0.003105 0.005978
0 0.492229 0.395284 0.003374 0.012155
0 0.494338 0.377691 0.004390 0.014407
0 0.491511 0.366273 0.002612 0.009019
0 0.490068 0.347898 0.002461 0.006370
0 0.494473 0.333908 0.004043 0.013681
0 0.494971 0.309359 0.003164 0.029382
0 0.492393 0.296948 0.002109 0.006330
0 0.494502 0.290108 0.002461 0.008168
0 0.494590 0.281429 0.002754 0.006875
0 0.493857 0.275610 0.002930 0.003812
0 0.492070 0.270301 0.002051 0.005173
0 0.489492 0.278911 0.002285 0.004833
0 0.494207 0.243324 0.003237 0.010369
0 0.491780 0.235811 0.001616 0.010374
0 0.489109 0.229716 0.002739 0.006205
0 0.492971 0.202518 0.002729 0.005230
0 0.491536 0.188837 0.005347 0.019195
0 0.491289 0.164904 0.004990 0.012337
0 0.486887 0.155150 0.002954 0.015598
0 0.492900 0.151353 0.004287 0.008491
0 0.491843 0.131259 0.003726 0.008168
0 0.490439 0.115865 0.005273 0.013965
0 0.490754 0.102388 0.003657 0.014623
0 0.487134 0.076863 0.003584 0.011764
0 0.491001 0.074535 0.004434 0.010374
0 0.488083 0.057136 0.003091 0.007431
0 0.486746 0.038718 0.003374 0.007192
0 0.490474 0.038636 0.004219 0.006041
0 0.490403 0.031653 0.003940 0.007595
0 0.485200 0.017930 0.002246 0.004980
0 0.489829 0.019197 0.005928 0.008820
0 0.491985 0.009149 0.002603 0.007680
0 0.483303 0.001594 0.002671 0.003188
0 0.451611 0.660182 0.003232 0.004492
0 0.460308 0.524495 0.002812 0.004986
0 0.454446 0.458298 0.003462 0.007839
0 0.454570 0.429285 0.002529 0.006273
0 0.452588 0.444382 0.002783 0.008627
0 0.444473 0.262791 0.003320 0.008792
0 0.448135 0.253573 0.002539 0.007033
0 0.444609 0.241231 0.002393 0.006750
0 0.446025 0.217005 0.003193 0.014090
0 0.447717 0.155250 0.002671 0.016818
0 0.444734 0.159472 0.002817 0.021724
0 0.446113 0.138409 0.002559 0.008400
0 0.443252 0.139285 0.001953 0.005944
0 0.444832 0.091168 0.004819 0.011197
