0 0.492603 0.292407 0.010527 0.019854
0 0.439587 0.522388 0.005591 0.012061
0 0.978794 0.152168 0.004863 0.007207
0 0.967485 0.205693 0.003936 0.009141
0 0.969844 0.209590 0.003848 0.008984
0 0.953425 0.317803 0.005874 0.011758
0 0.950513 0.346968 0.004150 0.007422
0 0.943613 0.400732 0.004541 0.010645
0 0.939934 0.399243 0.003403 0.011084
0 0.477764 0.345723 0.007695 0.012246
0 0.485815 0.332798 0.008867 0.014824
0 0.486555 0.311045 0.006284 0.009453
0 0.473682 0.361318 0.004980 0.007500
0 0.467839 0.399639 0.007290 0.011035
0 0.459453 0.430947 0.003467 0.004541
0 0.460867 0.435972 0.004644 0.007100
0 0.456807 0.456436 0.004990 0.008437
0 0.440449 0.544451 0.005400 0.007681
0 0.433618 0.561243 0.004863 0.007192
0 0.436453 0.554458 0.006685 0.013467
0 0.434326 0.572329 0.007090 0.010732
0 0.435432 0.582346 0.006899 0.011763
0 0.416697 0.677783 0.005669 0.007998
0 0.398354 0.761731 0.006162 0.010132
0 0.397249 0.774839 0.004351 0.006377
0 0.394502 0.769683 0.003271 0.004736
0 0.384858 0.847495 0.004102 0.005225
0 0.381545 0.867756 0.005269 0.008726
0 0.376538 0.861465 0.004951 0.008721
0 0.381001 0.860479 0.003711 0.007373
0 0.374512 0.899299 0.005566 0.007944
0 0.364590 0.938821 0.005820 0.011812
0 0.373108 0.919390 0.007495 0.012549
0 0.367993 0.928948 0.006787 0.012661
0 0.364075 0.955269 0.004907 0.011318
0 0.417617 0.665032 0.004570 0.008296
0 0.425710 0.603823 0.003569 0.004590
0 0.502517 0.258511 0.008335 0.015801
0 0.503672 0.237676 0.006738 0.010303
0 0.452930 0.472856 0.006934 0.014756
0 0.428748 0.605164 0.004077 0.007837
0 0.428049 0.610667 0.003276 0.004917
0 0.930112 0.467808 0.006475 0.010029
0 0.929819 0.478274 0.004971 0.007847
0 0.915588 0.559766 0.005132 0.009707
0 0.886396 0.706907 0.004482 0.006323
0 0.881565 0.739248 0.004849 0.008789
0 0.873015 0.789639 0.004712 0.007734
0 0.864072 0.824707 0.003691 0.007031
0 0.510298 0.216687 0.007148 0.009478
0 0.983647 0.119236 0.003379 0.010122
0 0.417261 0.648372 0.003662 0.011196
0 0.409536 0.718584 0.003779 0.005352
0 0.400620 0.738948 0.007080 0.014780
0 0.402344 0.729841 0.004199 0.005845
0 0.385400 0.814287 0.004863 0.013066
0 0.391150 0.805369 0.004497 0.005952
0 0.897124 0.669304 0.003164 0.005132
0 0.852539 0.890105 0.004980 0.009116
0 0.839214 0.953130 0.002832 0.005713
0 0.922983 0.518528 0.003486 0.005913
0 0.842148 0.953447 0.003418 0.005078
0 0.975132 0.152520 0.003389 0.009199
0 0.846614 0.914739 0.005308 0.012749
