0 0.817463 0.919098 0.003208 0.010462
0 0.818855 0.858959 0.002563 0.009981
0 0.818279 0.794348 0.003081 0.011430
0 0.820730 0.507184 0.002817 0.006430
0 0.817678 0.719177 0.003306 0.010456
0 0.816904 0.663513 0.003896 0.008924
0 0.822190 0.618415 0.003647 0.009981
0 0.817937 0.548687 0.004136 0.012601
0 0.818865 0.469465 0.002974 0.007525
0 0.818535 0.406016 0.002354 0.007842
0 0.821392 0.401225 0.002686 0.016551
0 0.821309 0.382497 0.002520 0.009146
0 0.821309 0.367468 0.003867 0.013937
0 0.592024 0.988063 0.003306 0.007810
0 0.592461 0.952712 0.004180 0.012981
0 0.590127 0.886168 0.002529 0.006297
0 0.591587 0.904063 0.003691 0.014873
0 0.589739 0.796937 0.003267 0.011494
0 0.589480 0.848557 0.001782 0.003570
0 0.591787 0.855171 0.002676 0.017646
0 0.589575 0.776013 0.003076 0.009241
0 0.588782 0.714899 0.003853 0.007392
0 0.588022 0.696595 0.004434 0.012266
