0 0.370210 0.018409 0.004004 0.015303
0 0.169226 0.989044 0.004204 0.006938
0 0.169734 0.961948 0.003481 0.006749
0 0.166851 0.922973 0.002178 0.013131
0 0.165803 0.908510 0.002349 0.014104
0 0.167815 0.876278 0.002720 0.006509
0 0.165498 0.855508 0.002520 0.011850
0 0.168633 0.774078 0.003516 0.010960
0 0.164248 0.768860 0.003682 0.042835
0 0.168108 0.749665 0.003188 0.005859
0 0.166179 0.732086 0.004194 0.013024
0 0.169619 0.690470 0.002686 0.007052
0 0.148552 0.073829 0.003999 0.011029
0 0.143552 0.053658 0.002739 0.008592
0 0.140239 0.042519 0.002617 0.006250
0 0.134902 0.027869 0.004229 0.014716
0 0.158188 0.133463 0.003750 0.006092
0 0.132556 0.166970 0.002515 0.007159
0 0.160073 0.195587 0.003018 0.013283
0 0.167000 0.235069 0.003931 0.007424
0 0.164028 0.252194 0.003623 0.009640
0 0.141418 0.271073 0.004937 0.013801
0 0.139453 0.283248 0.003828 0.009249
0 0.164983 0.288851 0.003726 0.021225
0 0.168962 0.279018 0.003823 0.008592
0 0.169265 0.300237 0.004429 0.011206
0 0.167810 0.316124 0.003540 0.018750
0 0.167048 0.340152 0.003423 0.008207
0 0.143560 0.385240 0.004473 0.007235
0 0.171956 0.394599 0.004194 0.008769
0 0.144219 0.416818 0.002822 0.007033
0 0.167383 0.432184 0.003828 0.036199
0 0.166848 0.519953 0.004028 0.019968
0 0.145742 0.538071 0.003945 0.007380
0 0.167185 0.541761 0.003022 0.007159
0 0.167942 0.566285 0.002856 0.005865
0 0.142598 0.581259 0.003525 0.008251
0 0.141379 0.587279 0.003442 0.004230
0 0.168025 0.631064 0.002349 0.007165
0 0.164963 0.637737 0.002603 0.012696
0 0.168362 0.645442 0.003354 0.007917
0 0.143352 0.653580 0.003022 0.007273
0 0.166599 0.672244 0.003696 0.009223
0 0.167563 0.704088 0.003105 0.020183
0 0.148196 0.678248 0.004185 0.024741
0 0.624858 0.267348 0.003936 0.010556
0 0.626025 0.231152 0.006270 0.010183
0 0.628428 0.181010 0.004375 0.012437
0 0.626843 0.110799 0.005806 0.013138
0 0.627036 0.163570 0.003975 0.010789
0 0.398486 0.963668 0.006328 0.012109
0 0.402664 0.934265 0.003374 0.010473
0 0.395957 0.933400 0.003965 0.010044
0 0.395449 0.898649 0.004307 0.009710
0 0.400344 0.792219 0.004487 0.009160
0 0.400969 0.774656 0.002192 0.007860
0 0.397231 0.768109 0.003037 0.006155
0 0.401790 0.727134 0.004253 0.009823
0 0.397131 0.700758 0.002632 0.011780
0 0.401689 0.686092 0.005469 0.017803
0 0.390076 0.606752 0.003462 0.016799
0 0.387712 0.589681 0.003628 0.011231
0 0.399146 0.562462 0.003545 0.009381
0 0.399778 0.543207 0.003628 0.014293
0 0.402097 0.519972 0.002192 0.003819
0 0.396528 0.518826 0.003545 0.018763
0 0.399102 0.509227 0.004473 0.013529
0 0.381064 0.519545 0.002275 0.011237
0 0.395786 0.492658 0.003037 0.004798
0 0.394766 0.427380 0.003320 0.007891
0 0.395278 0.396888 0.002441 0.006629
0 0.392190 0.392219 0.003491 0.020499
0 0.397878 0.348886 0.002183 0.006509
0 0.392000 0.312806 0.003364 0.008138
0 0.390994 0.304561 0.002358 0.005966
0 0.392756 0.295230 0.003198 0.010524
0 0.388223 0.265934 0.002676 0.006187
0 0.393008 0.278466 0.002861 0.006073
0 0.389817 0.279766 0.003530 0.020833
0 0.385662 0.247910 0.003267 0.007462
0 0.381682 0.202415 0.003120 0.023567
0 0.384131 0.167541 0.002295 0.005777
0 0.383770 0.149104 0.004229 0.023598
0 0.382070 0.114053 0.003730 0.016730
0 0.378689 0.108251 0.002915 0.009646
0 0.372278 0.107759 0.002681 0.007159
0 0.376533 0.083232 0.002334 0.008586
0 0.379214 0.083119 0.003027 0.013182
0 0.377080 0.060325 0.003574 0.011004
0 0.376736 0.041809 0.004175 0.013049
0 0.389944 0.254107 0.002612 0.010095
