0 0.140217 0.326429 0.005308 0.016022
0 0.419629 0.774820 0.008740 0.024940
0 0.375393 0.436096 0.006313 0.023515
0 0.186506 0.699241 0.006782 0.024181
0 0.190100 0.737914 0.007847 0.024431
0 0.183799 0.649463 0.003271 0.010324
0 0.181748 0.656207 0.005195 0.016041
0 0.333318 0.122905 0.006704 0.018446
0 0.414253 0.742775 0.006016 0.019001
0 0.431519 0.865190 0.006865 0.020167
0 0.444678 0.948168 0.006357 0.022054
0 0.128071 0.247479 0.005371 0.017530
0 0.207104 0.895574 0.004619 0.019565
0 0.202480 0.889015 0.003809 0.010833
0 0.203994 0.902146 0.003711 0.011748
0 0.367922 0.377512 0.008325 0.035116
