0 0.502793 0.482351 0.002461 0.007817
0 0.498376 0.444065 0.003765 0.010278
0 0.529209 0.407803 0.004629 0.005791
0 0.499028 0.419094 0.003906 0.005210
0 0.498955 0.411133 0.002607 0.006367
0 0.496348 0.402664 0.004053 0.007964
0 0.496494 0.355691 0.004922 0.014478
0 0.495408 0.321096 0.003911 0.011870
0 0.496060 0.272314 0.003760 0.007529
0 0.495054 0.164351 0.005000 0.009756
0 0.497053 0.092812 0.005503 0.007754
0 0.494678 0.071926 0.005752 0.012007
0 0.494553 0.056042 0.004507 0.011753
0 0.495427 0.022024 0.006753 0.009751
0 0.493552 0.006572 0.009507 0.013145
0 0.498013 0.426768 0.004199 0.010713
0 0.984539 0.095503 0.005747 0.013906
0 0.760508 0.863379 0.003174 0.005469
0 0.746875 0.363943 0.002461 0.007964
0 0.749458 0.461326 0.006875 0.011460
0 0.752183 0.526089 0.006396 0.016406
0 0.756523 0.565173 0.003740 0.011099
0 0.756887 0.586101 0.003979 0.010493
0 0.759600 0.630493 0.002412 0.005908
0 0.756626 0.610938 0.002715 0.005430
0 0.753359 0.602444 0.003018 0.007739
0 0.758960 0.695691 0.003213 0.006333
0 0.758760 0.672620 0.003818 0.016284
0 0.760308 0.765012 0.005225 0.009653
0 0.764348 0.821375 0.002817 0.004624
0 0.762188 0.815444 0.004121 0.005625
0 0.761733 0.803381 0.004424 0.010454
0 0.761396 0.890093 0.005000 0.009756
0 0.766650 0.948386 0.003506 0.007280
0 0.580718 0.961477 0.014590 0.004341
0 0.542644 0.954607 0.004272 0.008716
0 0.536355 0.885925 0.003687 0.008374
0 0.534319 0.847449 0.005503 0.012593
0 0.529875 0.787688 0.004624 0.008745
0 0.522664 0.732605 0.003257 0.007720
0 0.515039 0.638232 0.002256 0.008164
0 0.513389 0.624595 0.004863 0.017715
0 0.509829 0.587771 0.004346 0.008335
0 0.508579 0.556177 0.003330 0.009551
0 0.506555 0.542495 0.003911 0.009121
0 0.504238 0.501025 0.003330 0.009551
