0 0.174976 0.139934 0.005742 0.011792
0 0.176455 0.253501 0.003779 0.010078
0 0.180037 0.430635 0.006089 0.011758
0 0.180635 0.473398 0.002188 0.008457
0 0.182627 0.552280 0.005039 0.007305
0 0.182476 0.674421 0.005039 0.011841
0 0.185830 0.769907 0.005293 0.006299
0 0.348210 0.009841 0.003628 0.008462
0 0.346548 0.069705 0.004531 0.012095
0 0.350176 0.122158 0.005137 0.006953
0 0.352673 0.226545 0.005425 0.012593
0 0.357493 0.297932 0.008159 0.012095
0 0.357642 0.362180 0.007256 0.011792
0 0.361240 0.514250 0.006650 0.009370
0 0.361091 0.563682 0.005142 0.006650
0 0.363054 0.589077 0.004233 0.006650
0 0.366079 0.648938 0.006650 0.011489
0 0.365474 0.667532 0.004229 0.010581
0 0.364692 0.724280 0.003496 0.013706
0 0.364546 0.750959 0.002334 0.010786
0 0.367751 0.755408 0.003208 0.005103
0 0.366006 0.764229 0.004375 0.008457
0 0.368044 0.777786 0.004663 0.013706
0 0.366150 0.789817 0.002915 0.005103
0 0.367412 0.818408 0.002549 0.008750
0 0.367473 0.836389 0.002427 0.007778
0 0.370706 0.890859 0.004858 0.011182
0 0.367910 0.903372 0.003887 0.009478
0 0.368518 0.923845 0.002671 0.008872
0 0.371497 0.955315 0.004009 0.010327
0 0.369490 0.971289 0.002671 0.006074
0 0.602412 0.078262 0.008164 0.014512
0 0.606038 0.127085 0.005142 0.008164
0 0.606038 0.146587 0.005142 0.012090
0 0.588201 0.161553 0.003325 0.006348
0 0.607397 0.169263 0.006045 0.008467
0 0.610476 0.284614 0.004897 0.004727
0 0.613804 0.292837 0.004199 0.008926
0 0.612595 0.406243 0.003208 0.005103
0 0.614856 0.413535 0.003354 0.005684
0 0.614126 0.420022 0.003936 0.005542
0 0.615535 0.451509 0.004546 0.009795
0 0.615098 0.431741 0.004023 0.007349
0 0.616057 0.505659 0.005249 0.008574
0 0.618948 0.558059 0.002974 0.009448
0 0.617720 0.600488 0.004375 0.010322
0 0.619470 0.611597 0.003677 0.006299
0 0.620784 0.623145 0.004546 0.012598
0 0.619473 0.635044 0.004375 0.008398
0 0.619907 0.682808 0.004199 0.008398
0 0.622271 0.698027 0.003672 0.005947
0 0.584392 0.722698 0.004546 0.006997
0 0.619995 0.733806 0.006123 0.009976
0 0.626523 0.803022 0.004199 0.004551
0 0.624773 0.847722 0.004897 0.005073
0 0.621709 0.889365 0.006123 0.008223
0 0.621362 0.918320 0.006123 0.006299
0 0.623022 0.936516 0.005596 0.011196
0 0.622449 0.991692 0.003774 0.015327
