0 0.586006 0.558848 0.002588 0.006532
0 0.600974 0.022005 0.006968 0.008353
0 0.601228 0.009983 0.009497 0.010012
0 0.604482 0.128871 0.003926 0.010461
0 0.600430 0.126178 0.003926 0.009268
0 0.601252 0.153304 0.002534 0.006123
0 0.603342 0.186256 0.002915 0.010161
0 0.598467 0.208897 0.003291 0.008819
0 0.596907 0.286475 0.002534 0.013076
0 0.592791 0.292517 0.002954 0.009712
0 0.591523 0.301982 0.004648 0.006970
0 0.592578 0.322955 0.003379 0.010311
0 0.592209 0.344824 0.002847 0.007967
0 0.590625 0.382560 0.002637 0.011457
0 0.588711 0.435164 0.003037 0.011803
0 0.826680 0.301431 0.002598 0.007967
0 0.826001 0.272393 0.003740 0.007137
0 0.825444 0.215256 0.002051 0.006653
0 0.829160 0.195835 0.002822 0.006809
0 0.825955 0.195671 0.003589 0.008013
0 0.830442 0.160674 0.002310 0.009677
0 0.830508 0.143355 0.003203 0.006503
0 0.833521 0.126028 0.002822 0.016031
0 0.834546 0.092604 0.002305 0.014516
0 0.837878 0.066218 0.003589 0.005916
0 0.594519 0.960147 0.002241 0.005294
0 0.592327 0.957123 0.002563 0.009579
0 0.591155 0.913828 0.004702 0.010962
0 0.591152 0.870349 0.005127 0.011976
0 0.587471 0.724286 0.003203 0.009977
0 0.591628 0.707722 0.001753 0.004315
0 0.590469 0.702828 0.001494 0.011429
0 0.590703 0.693557 0.002578 0.005409
0 0.591731 0.663041 0.002290 0.010795
0 0.587004 0.641861 0.002134 0.006717
0 0.586914 0.629050 0.002314 0.005461
0 0.586445 0.606394 0.002490 0.005772
0 0.586072 0.515055 0.003101 0.013324
0 0.819675 0.458304 0.004155 0.011204
0 0.823425 0.452267 0.003784 0.008577
0 0.821904 0.439663 0.003115 0.009453
0 0.821184 0.383594 0.002817 0.006912
0 0.822205 0.364522 0.003276 0.011083
0 0.821099 0.344778 0.002598 0.007437
0 0.824417 0.301037 0.001929 0.007523
