0 0.552627 0.436812 0.004063 0.007656
0 0.553330 0.455640 0.006406 0.009062
0 0.551660 0.469470 0.003906 0.003911
0 0.554204 0.504033 0.005313 0.009844
0 0.552876 0.546377 0.005156 0.010781
0 0.553345 0.570674 0.005781 0.009688
0 0.552329 0.604736 0.003125 0.007500
0 0.552949 0.727327 0.004873 0.008062
0 0.554167 0.772141 0.004312 0.006938
0 0.550698 0.820515 0.005625 0.006938
0 0.553887 0.859612 0.005625 0.013501
0 0.553230 0.891392 0.005435 0.006563
0 0.552107 0.923269 0.006938 0.008062
0 0.553174 0.283843 0.004844 0.010781
0 0.553408 0.311812 0.007500 0.006719
0 0.554189 0.357515 0.006875 0.008125
0 0.553096 0.380796 0.005000 0.009687
0 0.553018 0.251577 0.004219 0.005625
0 0.552158 0.203374 0.006250 0.010469
0 0.552861 0.183218 0.006406 0.009844
0 0.552471 0.165874 0.004375 0.008281
0 0.552471 0.135479 0.005000 0.006875
0 0.551846 0.107432 0.004687 0.007031
0 0.551890 0.057361 0.007773 0.014907
0 0.554736 0.392593 0.005469 0.005781
0 0.553018 0.403296 0.004531 0.005625
