0 0.410696 0.896724 0.007680 0.012256
0 0.403624 0.891430 0.006901 0.012990
0 0.323879 0.410104 0.008531 0.011841
0 0.467793 0.136992 0.009182 0.010579
0 0.735216 0.278790 0.008370 0.019395
0 0.479858 0.707861 0.011160 0.016413
0 0.500493 0.756150 0.005019 0.016984
0 0.522078 0.727312 0.010019 0.016422
0 0.590077 0.623418 0.008235 0.010311
0 0.585403 0.619386 0.006682 0.007917
0 0.688225 0.433042 0.005793 0.014797
0 0.179659 0.683289 0.007075 0.013838
0 0.342394 0.396780 0.005187 0.019058
0 0.416041 0.262057 0.007429 0.015540
0 0.434172 0.199507 0.004697 0.010303
0 0.264017 0.405627 0.005586 0.013483
0 0.268795 0.403224 0.004678 0.017545
0 0.362745 0.336564 0.006598 0.013129
0 0.380293 0.298855 0.004774 0.015497
0 0.376878 0.297934 0.003950 0.014002
0 0.767626 0.986491 0.013963 0.012360
0 0.848209 0.834434 0.007410 0.012221
0 0.964684 0.602606 0.007861 0.017589
0 0.479046 0.794071 0.011598 0.017736
0 0.188228 0.671167 0.005863 0.010475
0 0.186630 0.662908 0.007126 0.016690
0 0.233402 0.574706 0.009884 0.015791
0 0.292552 0.473742 0.005657 0.007848
0 0.425586 0.824594 0.004832 0.012022
0 0.659391 0.494075 0.012210 0.022550
0 0.040937 0.269006 0.007171 0.010510
0 0.117043 0.129430 0.005915 0.016577
0 0.140870 0.078868 0.006572 0.010182
0 0.682983 0.302610 0.010670 0.013950
0 0.717967 0.228859 0.006707 0.006914
0 0.169807 0.694239 0.006237 0.011003
0 0.460844 0.161115 0.003956 0.008902
0 0.463740 0.035307 0.008950 0.019257
0 0.559008 0.531128 0.005284 0.012455
0 0.731920 0.347934 0.005026 0.009905
0 0.461530 0.069918 0.010019 0.017761
0 0.418144 0.192818 0.008428 0.012947
0 0.577426 0.627736 0.009336 0.015298
0 0.435226 0.065782 0.007513 0.013570
0 0.451443 0.177377 0.005799 0.013198
0 0.372668 0.331966 0.005644 0.011521
0 0.362310 0.359983 0.004994 0.018946
0 0.405251 0.221560 0.005451 0.011953
0 0.466743 0.153029 0.006591 0.007096
0 0.456878 0.098915 0.013189 0.026404
0 0.249929 0.556283 0.006959 0.011357
0 0.243231 0.556158 0.006914 0.015739
0 0.261311 0.522269 0.006952 0.011314
0 0.398032 0.280065 0.008305 0.011175
0 0.488747 0.103475 0.009130 0.011063
0 0.863831 0.804360 0.005612 0.009896
0 0.516759 0.045882 0.004974 0.015825
0 0.508644 0.057671 0.006037 0.014788
0 0.498547 0.077156 0.004697 0.015177
0 0.445393 0.850475 0.007925 0.011582
0 0.449749 0.768323 0.012758 0.023146
0 0.770325 0.225627 0.011476 0.008989
0 0.267448 0.554702 0.008750 0.016768
0 0.237262 0.584365 0.007332 0.012463
0 0.389704 0.258859 0.003995 0.016111
0 0.523144 0.047653 0.006559 0.011504
