0 0.396587 0.799180 0.004502 0.005342
0 0.172073 0.183083 0.004028 0.006802
0 0.173481 0.277444 0.004961 0.006987
0 0.166970 0.422102 0.002837 0.006987
0 0.167295 0.407065 0.002832 0.004756
0 0.167373 0.473198 0.002813 0.004570
0 0.167375 0.492747 0.003374 0.005132
0 0.167607 0.545359 0.002812 0.006890
0 0.170664 0.555662 0.003584 0.008931
0 0.168801 0.565327 0.003374 0.008437
0 0.169189 0.573623 0.002461 0.007031
0 0.170667 0.615605 0.003306 0.003945
0 0.166602 0.632852 0.002441 0.007275
0 0.169043 0.630581 0.002441 0.011719
0 0.171094 0.640957 0.003809 0.007861
0 0.170410 0.647598 0.002637 0.004053
0 0.167041 0.658022 0.002051 0.005176
0 0.170605 0.662515 0.002539 0.003809
0 0.167529 0.682852 0.003516 0.009521
0 0.166602 0.692153 0.005957 0.005176
0 0.164272 0.699971 0.002393 0.004541
0 0.166177 0.708882 0.002393 0.004590
0 0.167178 0.715278 0.005957 0.004102
0 0.163564 0.721333 0.002441 0.007910
0 0.164175 0.741675 0.004102 0.004805
0 0.162153 0.757847 0.003105 0.007500
0 0.162769 0.766050 0.003633 0.008320
0 0.162361 0.818523 0.002183 0.005483
0 0.160850 0.822285 0.002393 0.003584
0 0.159470 0.861680 0.002534 0.006328
0 0.157888 0.901584 0.002603 0.006118
0 0.155464 0.912446 0.002109 0.008437
0 0.155164 0.924868 0.002837 0.005166
0 0.155823 0.943445 0.003345 0.006479
0 0.155774 0.949724 0.003442 0.006079
0 0.152126 0.977871 0.003442 0.004453
0 0.150610 0.997493 0.005264 0.005015
0 0.380481 0.034482 0.005249 0.008311
0 0.386917 0.053594 0.003306 0.010830
0 0.383577 0.053699 0.002954 0.005835
0 0.380591 0.054509 0.002744 0.004077
0 0.383257 0.127268 0.003525 0.015308
0 0.383560 0.136257 0.002188 0.002915
0 0.386111 0.137473 0.003159 0.005347
0 0.389089 0.147012 0.002554 0.007656
0 0.387205 0.156367 0.003159 0.012754
0 0.385261 0.147012 0.002915 0.005957
0 0.385503 0.172344 0.004619 0.018467
0 0.388662 0.193547 0.002188 0.005952
0 0.385139 0.193425 0.002915 0.004497
0 0.386599 0.203994 0.002915 0.009355
0 0.388237 0.215659 0.002793 0.005225
0 0.385747 0.221797 0.002432 0.014580
0 0.385930 0.231941 0.004741 0.005708
0 0.385020 0.241841 0.001943 0.012637
0 0.388784 0.240505 0.002920 0.008989
0 0.391882 0.238379 0.002798 0.005469
0 0.391196 0.276152 0.003711 0.021182
0 0.387485 0.269319 0.003711 0.009028
0 0.391248 0.353254 0.002954 0.007085
0 0.388337 0.355784 0.003208 0.004556
0 0.393103 0.358274 0.002446 0.005649
0 0.389856 0.371604 0.003540 0.006665
0 0.393989 0.372913 0.004893 0.006411
0 0.391880 0.387087 0.004053 0.008940
0 0.395383 0.415901 0.003628 0.014595
0 0.392473 0.418940 0.003882 0.013750
0 0.392302 0.438977 0.005229 0.008101
0 0.393821 0.460664 0.004048 0.013838
0 0.396270 0.483528 0.004219 0.009448
0 0.396267 0.515620 0.004048 0.023350
0 0.393103 0.525674 0.003628 0.011563
0 0.393865 0.542297 0.005483 0.013755
0 0.393062 0.556091 0.003379 0.005396
0 0.398293 0.554656 0.003716 0.006919
0 0.397490 0.575371 0.003799 0.018145
0 0.396184 0.609121 0.003540 0.009873
0 0.396184 0.617981 0.004556 0.005317
0 0.393862 0.625024 0.003799 0.007256
0 0.398926 0.633547 0.005488 0.019575
0 0.395635 0.646116 0.003291 0.008257
0 0.399097 0.650422 0.003291 0.006079
0 0.395088 0.662275 0.003037 0.005146
0 0.398630 0.666116 0.004390 0.007085
0 0.398462 0.697209 0.006240 0.016284
0 0.396389 0.723630 0.004077 0.006401
0 0.396038 0.736003 0.003657 0.012446
0 0.396746 0.749712 0.003325 0.006650
0 0.393491 0.772849 0.002529 0.005552
0 0.395742 0.792324 0.004922 0.007100
0 0.393105 0.807056 0.005977 0.011387
0 0.394546 0.817041 0.003516 0.003516
0 0.392686 0.827834 0.003164 0.007944
0 0.389668 0.867012 0.003936 0.009629
0 0.387556 0.878052 0.004780 0.006680
0 0.391248 0.892219 0.004429 0.006470
0 0.387534 0.914517 0.005654 0.008184
0 0.386987 0.926077 0.005908 0.010376
0 0.389468 0.900339 0.004385 0.004556
0 0.387832 0.967327 0.007764 0.008862
0 0.384390 0.991382 0.008604 0.008311
