0 0.704292 0.124074 0.004844 0.009114
0 0.940806 0.846188 0.006328 0.014517
0 0.933191 0.520619 0.006997 0.011133
0 0.937563 0.490725 0.008750 0.015259
0 0.941499 0.460524 0.006826 0.014638
0 0.703394 0.887270 0.004961 0.008947
0 0.697722 0.888763 0.007388 0.014799
0 0.703848 0.789097 0.004902 0.009033
0 0.698474 0.631913 0.005200 0.008038
0 0.703296 0.573467 0.005029 0.008303
0 0.703594 0.527126 0.005977 0.015633
0 0.704956 0.425961 0.005469 0.013717
0 0.703845 0.392811 0.005103 0.012457
0 0.703699 0.357560 0.007798 0.012762
0 0.704263 0.309269 0.004346 0.007307
0 0.701621 0.163072 0.004443 0.007480
0 0.699106 0.137152 0.006318 0.012313
0 0.700991 0.128101 0.003662 0.007307
0 0.698879 0.096551 0.006597 0.015552
0 0.703416 0.053003 0.004233 0.007664
0 0.703699 0.029315 0.005659 0.010633
