0 0.526929 0.131135 0.006270 0.010151
0 0.535774 0.115986 0.006782 0.009707
0 0.570686 0.036089 0.006636 0.009229
0 0.501069 0.181667 0.009385 0.013999
0 0.450337 0.286177 0.003857 0.006494
0 0.423923 0.337712 0.006538 0.011255
0 0.414312 0.359937 0.006162 0.009795
0 0.394272 0.401821 0.004395 0.006787
0 0.324309 0.543428 0.007290 0.011826
0 0.199780 0.790706 0.004893 0.006929
0 0.767397 0.221526 0.005977 0.012622
0 0.755735 0.247695 0.008774 0.011309
0 0.741899 0.275566 0.004570 0.005557
0 0.723401 0.308108 0.007593 0.009956
0 0.552290 0.643054 0.005742 0.008521
0 0.515127 0.717212 0.005684 0.006396
0 0.479363 0.781196 0.004985 0.008301
0 0.476321 0.790967 0.007798 0.010430
0 0.490747 0.763853 0.005986 0.010127
0 0.444036 0.845430 0.006479 0.011543
0 0.188379 0.811660 0.005762 0.011152
0 0.238381 0.721765 0.005044 0.012114
0 0.235308 0.720540 0.004336 0.008784
0 0.533201 0.676633 0.004536 0.010259
