0 0.201240 0.762629 0.009111 0.011392
0 0.417747 0.690388 0.004370 0.006665
0 0.496594 0.801814 0.005229 0.007339
0 0.550210 0.891680 0.006504 0.010078
0 0.525811 0.848416 0.008018 0.009966
0 0.520220 0.837783 0.005586 0.007412
0 0.348535 0.504121 0.003457 0.005508
0 0.341758 0.498701 0.004443 0.005713
0 0.333557 0.482700 0.004810 0.008438
0 0.174312 0.314043 0.005615 0.007617
0 0.215366 0.380693 0.003867 0.005449
0 0.283159 0.397185 0.005840 0.007876
0 0.265796 0.459434 0.004736 0.007500
0 0.287432 0.499792 0.004658 0.005669
0 0.284543 0.489263 0.005366 0.009316
0 0.017803 0.484399 0.005420 0.005957
0 0.270312 0.849211 0.007520 0.012163
0 0.257656 0.817615 0.005625 0.007183
0 0.242090 0.787771 0.006191 0.009214
0 0.192075 0.748662 0.005156 0.006914
0 0.196177 0.747812 0.004336 0.006738
0 0.221531 0.759211 0.005317 0.010972
0 0.228789 0.758535 0.004473 0.008437
0 0.047769 0.449258 0.005977 0.009561
0 0.091262 0.520090 0.006050 0.015942
0 0.103511 0.539370 0.005801 0.006328
0 0.206030 0.707412 0.002988 0.004863
0 0.179412 0.731641 0.005757 0.007324
0 0.171257 0.723950 0.005073 0.006787
0 0.155000 0.698789 0.004248 0.004541
0 0.156309 0.691897 0.006250 0.008159
0 0.130283 0.670898 0.004102 0.005518
0 0.120598 0.656062 0.005767 0.008716
0 0.115107 0.646406 0.006152 0.007969
0 0.062568 0.559692 0.003691 0.005215
0 0.057637 0.550493 0.003340 0.004395
0 0.051016 0.544456 0.004277 0.006392
0 0.074219 0.578879 0.005332 0.011421
