0 0.617970 0.556794 0.014619 0.010688
0 0.608257 0.515537 0.019492 0.008027
0 0.607039 0.506541 0.011371 0.006558
0 0.604602 0.492920 0.014619 0.007324
0 0.600558 0.463950 0.020643 0.016357
0 0.602555 0.427441 0.009983 0.004736
0 0.594289 0.430420 0.012030 0.012256
0 0.593249 0.410095 0.009848 0.004839
0 0.584188 0.380298 0.014873 0.005430
0 0.574780 0.363601 0.009188 0.004985
0 0.583299 0.372468 0.010491 0.006138
0 0.584222 0.351938 0.010237 0.004473
0 0.572140 0.348416 0.010237 0.011821
0 0.575423 0.318376 0.012606 0.013862
0 0.572792 0.298757 0.009442 0.004468
0 0.554526 0.252271 0.014873 0.007197
0 0.552665 0.230139 0.011151 0.010669
0 0.550195 0.192427 0.013790 0.012686
0 0.539255 0.188638 0.008968 0.006123
0 0.545939 0.152180 0.010761 0.008335
0 0.534780 0.136421 0.008917 0.004697
0 0.543054 0.129111 0.008139 0.010684
0 0.536294 0.118599 0.014653 0.007197
0 0.529196 0.024685 0.009459 0.006001
0 0.543536 0.090322 0.012284 0.007637
0 0.536438 0.046001 0.011963 0.005361
0 0.537386 0.066230 0.010068 0.010547
0 0.536277 0.076184 0.012284 0.005366
0 0.531396 0.004368 0.010711 0.005181
0 0.617462 0.736187 0.011168 0.010498
0 0.623299 0.711550 0.015601 0.005767
0 0.622741 0.619771 0.016650 0.008320
