0 0.123577 0.059375 0.003022 0.006201
0 0.125964 0.115620 0.005083 0.009258
0 0.125332 0.153188 0.005625 0.011436
0 0.126509 0.164348 0.006172 0.010161
0 0.127871 0.181863 0.004541 0.007437
0 0.128142 0.245654 0.003267 0.010889
0 0.130684 0.266526 0.004355 0.005806
0 0.129504 0.286306 0.002720 0.008716
0 0.126963 0.306450 0.003086 0.005078
0 0.133965 0.340991 0.002734 0.006396
0 0.133989 0.346558 0.002490 0.004346
0 0.135723 0.352271 0.002539 0.005713
0 0.133574 0.360864 0.002344 0.007080
0 0.133818 0.374121 0.002539 0.007910
0 0.130962 0.381323 0.004443 0.009521
0 0.135723 0.390356 0.003125 0.007471
0 0.132368 0.392673 0.003711 0.012573
0 0.133845 0.406553 0.003970 0.015186
0 0.136714 0.408240 0.002783 0.005737
0 0.135659 0.419717 0.004893 0.005566
0 0.137180 0.425750 0.002700 0.005317
0 0.133677 0.442961 0.002949 0.007847
0 0.135615 0.453254 0.003965 0.009194
0 0.134690 0.467852 0.004302 0.009365
0 0.139751 0.490085 0.002617 0.008608
0 0.136165 0.490801 0.003208 0.011221
0 0.136841 0.503828 0.004219 0.015000
0 0.138276 0.516707 0.003037 0.006157
0 0.135913 0.522021 0.003711 0.007676
0 0.134985 0.529026 0.003037 0.004810
0 0.142073 0.531765 0.002700 0.007085
0 0.138022 0.547458 0.006074 0.017886
0 0.142410 0.548303 0.002700 0.003208
0 0.138191 0.562395 0.002534 0.006753
0 0.141060 0.565093 0.002871 0.006582
0 0.138572 0.573025 0.003628 0.009282
0 0.142534 0.597031 0.007002 0.017129
0 0.140383 0.611248 0.002866 0.008267
0 0.143633 0.611711 0.003291 0.006157
0 0.142114 0.630610 0.006328 0.022695
0 0.144729 0.653813 0.004810 0.016621
0 0.145701 0.668413 0.004048 0.010547
0 0.139668 0.679465 0.004639 0.007847
0 0.143000 0.674275 0.004556 0.007085
0 0.123350 0.049849 0.003477 0.005898
0 0.145195 0.704397 0.004219 0.014341
0 0.146968 0.717981 0.003037 0.011304
0 0.145110 0.742744 0.002700 0.005654
0 0.149033 0.748992 0.002949 0.009028
0 0.144014 0.759917 0.003545 0.006074
0 0.148315 0.761941 0.005400 0.008267
0 0.145698 0.768145 0.004219 0.005146
0 0.147810 0.779702 0.005063 0.013418
0 0.148315 0.792905 0.005400 0.011475
0 0.146714 0.808843 0.004893 0.020400
0 0.148252 0.845405 0.003857 0.010693
0 0.149546 0.860188 0.004727 0.009282
0 0.329573 0.042866 0.003149 0.007002
0 0.328987 0.063789 0.003120 0.005986
0 0.333064 0.122441 0.003354 0.008896
0 0.331606 0.145112 0.002480 0.006416
0 0.333428 0.147520 0.002627 0.008604
0 0.332334 0.164358 0.004521 0.011665
0 0.334451 0.220344 0.002915 0.009331
0 0.337219 0.229387 0.003208 0.013706
0 0.335415 0.248259 0.002812 0.006538
0 0.341362 0.313916 0.002539 0.009619
0 0.337407 0.303101 0.002441 0.003320
0 0.339116 0.307715 0.001563 0.007373
0 0.337776 0.327617 0.003804 0.008086
0 0.342251 0.357356 0.004219 0.007876
0 0.340273 0.365811 0.002461 0.002988
0 0.343896 0.408086 0.002783 0.011914
0 0.341182 0.420698 0.003320 0.005225
0 0.343379 0.441328 0.003613 0.007422
0 0.346226 0.473628 0.002812 0.005859
0 0.347749 0.488950 0.004219 0.008730
0 0.346870 0.496919 0.003633 0.006855
0 0.349038 0.504272 0.002109 0.003984
0 0.350435 0.523320 0.002100 0.004639
0 0.350459 0.531694 0.001855 0.004688
0 0.348433 0.532427 0.002393 0.008203
0 0.350044 0.550933 0.002783 0.007031
0 0.347212 0.550786 0.002686 0.008691
0 0.347725 0.559087 0.002246 0.004980
0 0.349067 0.564092 0.002393 0.004443
0 0.352729 0.585234 0.002588 0.007080
0 0.350508 0.599834 0.002344 0.006494
0 0.354609 0.613433 0.002734 0.006836
0 0.352778 0.626470 0.002686 0.005957
0 0.353833 0.650171 0.004570 0.011318
0 0.356152 0.665815 0.003164 0.005205
0 0.356646 0.681072 0.002744 0.004360
0 0.358928 0.681953 0.002671 0.004990
0 0.361169 0.715171 0.002280 0.006582
0 0.364722 0.755225 0.007764 0.018818
0 0.367378 0.793911 0.002275 0.005234
0 0.370627 0.810576 0.002700 0.005654
0 0.372441 0.846982 0.003125 0.006240
0 0.375183 0.863101 0.003374 0.007256
