0 0.543486 0.677207 0.005938 0.010156
0 0.544580 0.706191 0.005000 0.012500
0 0.544033 0.720254 0.003281 0.006250
0 0.545205 0.749004 0.005938 0.011875
0 0.545439 0.800337 0.003281 0.004844
0 0.547471 0.823774 0.002969 0.008906
0 0.547158 0.844712 0.004531 0.008281
0 0.551221 0.885884 0.006719 0.008750
0 0.991614 0.225908 0.007290 0.014580
0 0.552446 0.911565 0.006064 0.008862
0 0.998762 0.586909 0.002476 0.007187
0 0.998137 0.558628 0.003726 0.009687
0 0.539546 0.036204 0.005830 0.008745
0 0.541489 0.046572 0.003242 0.006807
0 0.540725 0.108921 0.002476 0.004502
0 0.540837 0.134458 0.006753 0.016875
0 0.540273 0.169670 0.006074 0.014849
0 0.539487 0.201060 0.004502 0.007871
0 0.541736 0.212422 0.003599 0.005400
0 0.539712 0.235823 0.006299 0.014399
0 0.541460 0.272021 0.004990 0.008789
0 0.538801 0.291172 0.004663 0.007812
0 0.538748 0.319006 0.004556 0.013784
0 0.541785 0.347437 0.004126 0.007920
0 0.538477 0.376787 0.003799 0.004561
0 0.540320 0.381614 0.005317 0.003364
0 0.540808 0.403535 0.004341 0.006621
0 0.539126 0.408579 0.003145 0.003906
0 0.540754 0.436201 0.004233 0.005332
0 0.541785 0.463323 0.005425 0.012915
0 0.542544 0.511880 0.003252 0.009551
0 0.538801 0.509058 0.003364 0.003691
0 0.542056 0.535049 0.004668 0.004883
0 0.541243 0.554524 0.005210 0.008901
0 0.542705 0.659785 0.003750 0.006875
