0 0.598582 0.735316 0.011226 0.015163
0 0.213413 0.183379 0.004434 0.015443
0 0.217710 0.192708 0.006221 0.008307
0 0.301904 0.304264 0.006445 0.009440
0 0.249839 0.232998 0.003330 0.010684
0 0.246931 0.233164 0.003247 0.007422
0 0.234548 0.206237 0.005435 0.016875
0 0.276658 0.273770 0.004048 0.021055
0 0.369814 0.403740 0.006475 0.009095
0 0.362554 0.403271 0.004551 0.006764
0 0.360049 0.394105 0.007734 0.010866
0 0.393369 0.445954 0.007129 0.019980
0 0.424565 0.492933 0.007412 0.011178
0 0.433682 0.493659 0.007412 0.011341
0 0.474207 0.556315 0.008472 0.012240
0 0.471233 0.542318 0.010044 0.014974
0 0.519797 0.623717 0.012153 0.017357
0 0.528218 0.635085 0.008262 0.010208
0 0.537212 0.642217 0.008506 0.011178
0 0.581965 0.718516 0.008853 0.013776
0 0.591509 0.722874 0.010791 0.014772
0 0.611628 0.749121 0.011372 0.016719
0 0.616704 0.764775 0.011318 0.014980
0 0.677393 0.849590 0.006719 0.010143
0 0.747148 0.030583 0.010693 0.017337
0 0.915740 0.288096 0.006851 0.012246
0 0.979861 0.393851 0.008140 0.013288
0 0.971658 0.387048 0.008022 0.012962
0 0.952756 0.358079 0.005288 0.009701
0 0.952847 0.350540 0.004395 0.005794
0 0.956821 0.356582 0.003291 0.009049
0 0.541438 0.655033 0.007222 0.023503
0 0.539707 0.661221 0.004023 0.012298
0 0.382102 0.426188 0.011479 0.017207
0 0.331077 0.345768 0.005698 0.007812
0 0.258389 0.248483 0.009570 0.014818
0 0.402122 0.445723 0.009448 0.014349
0 0.694924 0.879518 0.007837 0.014948
0 0.625366 0.780101 0.006006 0.007728
0 0.443071 0.512829 0.007227 0.013327
0 0.435435 0.504069 0.006836 0.013503
0 0.443667 0.504785 0.004863 0.015299
0 0.324148 0.335547 0.003872 0.014297
