0 0.747285 0.275685 0.006035 0.009015
0 0.781938 0.318772 0.005205 0.009928
0 0.769731 0.304492 0.007832 0.006414
0 0.214961 0.590273 0.005508 0.008366
0 0.240503 0.558895 0.005225 0.008841
0 0.712346 0.388090 0.008364 0.010294
0 0.763384 0.340324 0.006973 0.007171
0 0.461980 0.240363 0.005728 0.006084
0 0.453831 0.258162 0.005435 0.006691
0 0.269854 0.509721 0.006377 0.016919
0 0.752996 0.265919 0.006636 0.006432
0 0.784221 0.302883 0.005454 0.003892
0 0.803042 0.289339 0.005449 0.008000
0 0.637974 0.451577 0.006514 0.007574
0 0.799004 0.204087 0.007764 0.009339
