0 0.537122 0.132037 0.007814 0.005910
0 0.603137 0.085635 0.006228 0.007652
0 0.283711 0.491436 0.004658 0.007569
0 0.282359 0.471280 0.004057 0.005785
0 0.274463 0.372665 0.004959 0.006065
0 0.273148 0.365899 0.005334 0.005702
0 0.273730 0.355124 0.006694 0.008922
0 0.187611 0.199642 0.007438 0.008709
0 0.268926 0.252017 0.004808 0.006325
0 0.271446 0.276483 0.006724 0.012488
0 0.618186 0.355389 0.010992 0.017071
0 0.592859 0.441682 0.009384 0.013121
0 0.612577 0.173126 0.008099 0.011903
0 0.608922 0.144248 0.006724 0.009025
0 0.608347 0.099694 0.005334 0.006428
0 0.531829 0.124484 0.005011 0.008958
0 0.892307 0.141721 0.006762 0.009642
0 0.893118 0.283484 0.007213 0.009891
0 0.888174 0.275796 0.005334 0.005858
0 0.891119 0.266480 0.004553 0.005962
0 0.886773 0.265511 0.005357 0.006273
0 0.891920 0.318924 0.007250 0.009482
0 0.896138 0.316275 0.003997 0.006568
0 0.898790 0.318217 0.004328 0.007465
0 0.287513 0.560897 0.007047 0.008605
0 0.267074 0.210091 0.008978 0.012043
0 0.887581 0.180539 0.006131 0.008398
0 0.789606 0.056879 0.013110 0.003764
0 0.800316 0.059388 0.012201 0.003940
0 0.781364 0.059523 0.010646 0.004386
0 0.833362 0.054469 0.012329 0.003390
0 0.833163 0.057911 0.012983 0.004209
0 0.551615 0.134733 0.011420 0.003836
0 0.611705 0.161037 0.005304 0.006926
0 0.562438 0.582004 0.004756 0.005376
0 0.560571 0.532613 0.004132 0.005288
0 0.554711 0.528154 0.005184 0.007776
0 0.611694 0.374889 0.006273 0.008284
0 0.536574 0.219082 0.005409 0.006470
