0 0.590544 0.470598 0.003237 0.013931
0 0.090876 0.046775 0.003823 0.006978
0 0.094812 0.120801 0.004048 0.010127
0 0.100215 0.277734 0.003437 0.006250
0 0.105415 0.479236 0.003252 0.006509
0 0.124873 0.720256 0.004727 0.007876
0 0.137537 0.838462 0.003188 0.010313
0 0.152817 0.869023 0.002998 0.005439
0 0.211882 0.886460 0.007124 0.005439
0 0.218633 0.888430 0.006377 0.004878
0 0.288381 0.902866 0.006001 0.004502
0 0.294290 0.904365 0.005063 0.003750
0 0.300366 0.923027 0.004883 0.006689
0 0.367117 0.033586 0.005063 0.014624
0 0.366526 0.005789 0.006802 0.011577
0 0.367913 0.093486 0.004341 0.008682
0 0.367822 0.109446 0.004883 0.012026
0 0.368018 0.333125 0.005156 0.018281
0 0.368486 0.368984 0.002656 0.006875
0 0.366455 0.388437 0.003594 0.008281
0 0.361689 0.449141 0.003750 0.006562
0 0.361064 0.481563 0.004375 0.008281
0 0.364346 0.456953 0.004063 0.005937
0 0.363096 0.473828 0.003437 0.004375
0 0.358989 0.502148 0.003076 0.006152
0 0.359397 0.509744 0.002261 0.005063
0 0.360708 0.515891 0.003252 0.004341
0 0.357925 0.539895 0.003916 0.009194
0 0.354985 0.559375 0.003467 0.006855
0 0.358225 0.561221 0.003013 0.011904
0 0.355667 0.572261 0.003315 0.006104
0 0.352876 0.594565 0.003018 0.004443
0 0.352612 0.601272 0.001885 0.007612
0 0.355439 0.606733 0.003770 0.009795
0 0.354578 0.625217 0.002896 0.005786
0 0.353494 0.637649 0.006147 0.011479
0 0.355029 0.656187 0.003076 0.009678
0 0.351592 0.655461 0.002715 0.007866
0 0.354395 0.676667 0.004521 0.007954
0 0.352812 0.686252 0.002803 0.011577
0 0.355300 0.690049 0.003071 0.011572
0 0.352634 0.712925 0.001899 0.004160
0 0.352046 0.724680 0.001992 0.004702
0 0.356658 0.724683 0.002896 0.007236
0 0.350823 0.752261 0.003706 0.013018
0 0.354082 0.753979 0.002441 0.007959
0 0.356113 0.752173 0.002354 0.004521
0 0.351953 0.768855 0.003438 0.008589
0 0.352588 0.778123 0.002715 0.007231
0 0.355571 0.778032 0.002529 0.008135
0 0.351863 0.792092 0.003257 0.005151
0 0.353401 0.801316 0.004702 0.012573
0 0.364478 0.824150 0.003887 0.005244
0 0.344089 0.835857 0.006147 0.008589
0 0.339399 0.855679 0.003887 0.017705
0 0.354270 0.878455 0.005210 0.004556
0 0.364958 0.874277 0.007271 0.004453
0 0.384546 0.867224 0.004990 0.007925
0 0.396589 0.871509 0.008677 0.004990
0 0.346343 0.881372 0.002939 0.010322
0 0.319739 0.897327 0.003618 0.020112
0 0.289658 0.944941 0.003359 0.010498
0 0.282554 0.955620 0.004160 0.007783
0 0.277898 0.968284 0.003892 0.013198
0 0.266584 0.985508 0.006577 0.007334
0 0.265735 0.993281 0.004702 0.004961
0 0.260852 0.998701 0.006147 0.002598
0 0.585752 0.510283 0.003125 0.008750
0 0.581533 0.528721 0.003437 0.005000
0 0.580752 0.535205 0.002500 0.006094
0 0.577861 0.593643 0.004062 0.007500
0 0.577886 0.642317 0.002764 0.007534
0 0.575752 0.659146 0.003516 0.007285
0 0.574839 0.685251 0.002959 0.006968
0 0.572361 0.741257 0.003364 0.004556
0 0.571765 0.754819 0.003687 0.013457
0 0.567427 0.785962 0.003691 0.007158
