0 0.547231 0.132812 0.003974 0.005365
0 0.281206 0.432429 0.005492 0.010062
0 0.283321 0.468222 0.002539 0.007289
0 0.279305 0.470264 0.004230 0.003795
0 0.284271 0.489072 0.004020 0.007579
0 0.285154 0.528668 0.003516 0.004375
0 0.286563 0.557646 0.004936 0.006439
0 0.279959 0.562141 0.002998 0.004012
0 0.285860 0.564876 0.002464 0.002182
0 0.280049 0.555034 0.003524 0.003888
0 0.282231 0.622392 0.004222 0.007045
0 0.285665 0.635454 0.004403 0.005226
0 0.284256 0.654287 0.004395 0.007164
0 0.286165 0.818981 0.004711 0.006174
0 0.287791 0.896734 0.005575 0.007175
0 0.287787 0.913092 0.005071 0.010850
0 0.270470 0.138714 0.003524 0.005951
0 0.151615 0.065106 0.009977 0.003038
0 0.134282 0.059253 0.010143 0.002271
0 0.549095 0.123017 0.004756 0.006200
0 0.550413 0.102364 0.007754 0.008626
0 0.543107 0.112566 0.005462 0.008626
0 0.620319 0.100842 0.004230 0.004370
0 0.613456 0.086871 0.003171 0.006319
0 0.619350 0.082131 0.005462 0.009476
0 0.624110 0.062631 0.004403 0.004007
0 0.654745 0.048235 0.004756 0.003157
0 0.668392 0.048779 0.007047 0.003520
0 0.624459 0.019922 0.005462 0.008751
0 0.674027 0.004492 0.005635 0.007532
0 0.695015 0.029007 0.004095 0.005490
0 0.696653 0.032133 0.004050 0.009844
0 0.277509 0.229694 0.002817 0.005226
0 0.642070 0.054489 0.003343 0.005713
0 0.656593 0.054977 0.004576 0.003276
0 0.693310 0.058805 0.005462 0.003157
0 0.696920 0.061962 0.009512 0.003157
0 0.652633 0.058510 0.007566 0.003012
0 0.760398 0.060363 0.009421 0.002447
0 0.791627 0.063784 0.008618 0.003670
0 0.799741 0.060547 0.012675 0.003147
0 0.812799 0.063170 0.008873 0.003499
0 0.844286 0.058393 0.011743 0.002633
0 0.845165 0.061682 0.012329 0.003748
0 0.868719 0.059658 0.007190 0.003142
0 0.874808 0.056216 0.007333 0.002737
0 0.808264 0.033333 0.005725 0.006584
0 0.621364 0.162955 0.003058 0.006916
0 0.224985 0.082693 0.006454 0.003945
0 0.194609 0.123828 0.007491 0.007595
0 0.277446 0.137346 0.003231 0.005671
0 0.273287 0.172164 0.003869 0.007532
0 0.194838 0.168154 0.004057 0.004375
0 0.192198 0.175928 0.003704 0.005832
0 0.194136 0.196462 0.004756 0.007045
0 0.275398 0.208066 0.003524 0.009352
0 0.274252 0.234917 0.005109 0.004495
0 0.618122 0.145490 0.003426 0.007258
0 0.623805 0.140218 0.004035 0.005319
0 0.561108 0.134583 0.009684 0.002633
0 0.280255 0.422151 0.003591 0.009041
0 0.541811 0.123800 0.004553 0.010026
0 0.586559 0.095806 0.006326 0.008709
0 0.542799 0.161651 0.004275 0.011037
0 0.547791 0.177963 0.003666 0.004147
0 0.620571 0.175233 0.004057 0.009274
0 0.543790 0.220505 0.004110 0.005770
0 0.242558 0.016783 0.010992 0.005687
0 0.266860 0.009347 0.008881 0.004520
0 0.333843 0.010511 0.007190 0.003354
0 0.342509 0.008326 0.006762 0.002768
0 0.374414 0.010368 0.009715 0.002768
0 0.405582 0.003442 0.010774 0.002623
0 0.391424 0.005047 0.011202 0.003499
0 0.412979 0.046306 0.012044 0.003209
0 0.464639 0.031509 0.004651 0.011519
0 0.485770 0.059427 0.009722 0.003499
0 0.492851 0.063074 0.003599 0.005537
0 0.519793 0.048567 0.005071 0.008600
0 0.444872 0.065503 0.009414 0.002618
0 0.459117 0.059935 0.004155 0.008351
0 0.453249 0.055249 0.009294 0.003375
0 0.462479 0.063097 0.008189 0.003209
0 0.471405 0.061750 0.008685 0.003375
0 0.416503 0.065754 0.009414 0.002447
0 0.390763 0.065840 0.012720 0.002276
0 0.403234 0.066094 0.012960 0.002784
0 0.378839 0.062592 0.008678 0.002696
0 0.367040 0.053351 0.005379 0.002618
0 0.359031 0.057740 0.010639 0.003287
0 0.366916 0.059977 0.011007 0.002867
0 0.319102 0.058836 0.011743 0.002110
0 0.314395 0.061579 0.006476 0.002359
0 0.313723 0.066221 0.011743 0.002872
0 0.301920 0.060778 0.012840 0.003795
0 0.272145 0.062908 0.009098 0.006076
0 0.274200 0.077338 0.003817 0.006174
0 0.213013 0.059365 0.011150 0.003240
0 0.171998 0.060783 0.013644 0.005464
0 0.189606 0.064578 0.007190 0.005568
0 0.193520 0.070811 0.003734 0.007698
0 0.144410 0.039116 0.016289 0.002431
0 0.116604 0.048533 0.003817 0.012960
0 0.074500 0.004834 0.009512 0.004007
0 0.077874 0.066877 0.010398 0.003375
0 0.094384 0.067175 0.007701 0.004303
0 0.123362 0.066076 0.007220 0.002613
0 0.076172 0.061822 0.014433 0.003375
0 0.554050 0.528911 0.004102 0.007092
0 0.560139 0.533165 0.003674 0.007491
0 0.560838 0.583053 0.003163 0.005101
0 0.553708 0.572786 0.004756 0.017859
0 0.559887 0.634995 0.005289 0.009720
0 0.557337 0.646475 0.004050 0.007164
0 0.556138 0.751817 0.003802 0.009917
0 0.560995 0.754588 0.004230 0.004375
0 0.561315 0.728346 0.002750 0.004375
0 0.560575 0.782071 0.003809 0.008600
0 0.555079 0.819106 0.003381 0.010353
0 0.561210 0.839881 0.004222 0.014287
0 0.560432 0.941954 0.004560 0.009031
0 0.897288 0.078717 0.003802 0.008310
0 0.901518 0.080176 0.003802 0.003059
0 0.908069 0.058087 0.003802 0.007579
0 0.910180 0.037312 0.002960 0.008600
0 0.976953 0.047079 0.004230 0.005397
0 0.959838 0.069023 0.005492 0.004080
0 0.967971 0.070117 0.007814 0.003354
0 0.927085 0.086664 0.009301 0.004370
0 0.913370 0.111200 0.004440 0.005977
0 0.901957 0.115866 0.004861 0.005977
0 0.901221 0.146195 0.005071 0.007724
0 0.894177 0.162097 0.006206 0.006807
0 0.900935 0.165876 0.006574 0.005293
0 0.894737 0.172589 0.006334 0.007170
0 0.895793 0.185226 0.005635 0.007652
0 0.897994 0.194215 0.004057 0.008139
0 0.899140 0.201928 0.007040 0.005588
0 0.893926 0.241418 0.004050 0.014458
0 0.892784 0.270034 0.004230 0.007532
0 0.897096 0.272035 0.003343 0.005469
0 0.900796 0.264868 0.003696 0.003764
0 0.894628 0.280298 0.003696 0.005220
0 0.898242 0.287952 0.005635 0.009352
0 0.895248 0.298038 0.003524 0.006195
0 0.902171 0.322701 0.003802 0.007579
0 0.896995 0.324230 0.004433 0.009767
0 0.896319 0.363248 0.002960 0.017351
0 0.903186 0.366016 0.006131 0.006558
0 0.904876 0.373963 0.005710 0.005832
0 0.904192 0.390132 0.004403 0.006682
0 0.896968 0.428704 0.002787 0.010938
0 0.902468 0.441866 0.003524 0.006076
0 0.905849 0.411361 0.002817 0.003769
0 0.898787 0.466208 0.003674 0.004961
0 0.901210 0.475775 0.004403 0.011540
0 0.917186 0.540161 0.007626 0.005568
0 0.978144 0.202957 0.004403 0.003748
0 0.276277 0.249863 0.004576 0.007408
0 0.269500 0.262258 0.005462 0.004982
0 0.195455 0.237227 0.003171 0.003276
0 0.214144 0.250726 0.003524 0.007735
0 0.278216 0.273434 0.004230 0.009844
0 0.276739 0.333499 0.003231 0.003950
0 0.277254 0.352382 0.004545 0.007294
0 0.277622 0.363214 0.002938 0.005671
0 0.277693 0.371011 0.002795 0.006076
0 0.545695 0.277307 0.003802 0.010145
0 0.624951 0.289922 0.003516 0.008626
0 0.625323 0.308598 0.003058 0.008580
0 0.546412 0.318722 0.003869 0.007170
0 0.545500 0.374230 0.003877 0.014826
0 0.614530 0.375526 0.004869 0.008398
0 0.612705 0.381509 0.003651 0.003992
0 0.562956 0.395679 0.003959 0.005459
0 0.548576 0.401659 0.004110 0.009518
0 0.557968 0.394676 0.004395 0.006884
0 0.560695 0.426449 0.003914 0.004811
0 0.555075 0.423455 0.004891 0.005905
0 0.593787 0.443144 0.003817 0.010632
0 0.548223 0.458686 0.003373 0.003240
0 0.552479 0.455143 0.002795 0.007289
0 0.623257 0.356400 0.004861 0.015837
0 0.551397 0.342919 0.005109 0.007900
0 0.557866 0.511547 0.002930 0.007999
