0 0.698020 0.324961 0.004517 0.007725
0 0.103914 0.011750 0.003286 0.006929
0 0.115605 0.007676 0.003584 0.005459
0 0.114832 0.014602 0.002847 0.009673
0 0.097556 0.005662 0.002007 0.007280
0 0.090239 0.002405 0.002080 0.008052
0 0.128557 0.033806 0.002886 0.010679
0 0.132451 0.042163 0.003154 0.007441
0 0.144277 0.022622 0.002402 0.014404
0 0.165183 0.029692 0.002974 0.002891
0 0.193008 0.039875 0.002129 0.010093
0 0.193174 0.042827 0.002305 0.007031
0 0.206448 0.043032 0.005952 0.004727
0 0.222114 0.053926 0.002100 0.013916
0 0.222903 0.050383 0.002974 0.012251
0 0.243730 0.040571 0.003154 0.003779
0 0.247827 0.046450 0.003359 0.003779
0 0.257175 0.058689 0.002729 0.005776
0 0.257542 0.063989 0.003882 0.002939
0 0.262424 0.068296 0.006724 0.004619
0 0.271667 0.076121 0.004829 0.004517
0 0.293469 0.080872 0.002554 0.002847
0 0.291936 0.083425 0.005034 0.003862
0 0.302810 0.095923 0.004253 0.003037
0 0.270642 0.131797 0.009819 0.005059
0 0.288308 0.130278 0.007085 0.006074
0 0.257124 0.132302 0.005264 0.004858
0 0.189690 0.131897 0.004253 0.002026
0 0.192375 0.128960 0.006177 0.002227
0 0.236016 0.128462 0.009824 0.005791
0 0.239668 0.132996 0.005039 0.003276
0 0.363853 0.129431 0.004736 0.001704
0 0.371143 0.120137 0.005469 0.003281
0 0.388821 0.119468 0.004614 0.002676
0 0.366343 0.114729 0.006318 0.003159
0 0.324294 0.099360 0.003628 0.002197
0 0.349727 0.128579 0.004443 0.002197
0 0.367495 0.130637 0.001689 0.004136
0 0.372009 0.129922 0.004302 0.002021
0 0.393633 0.122781 0.004502 0.002954
0 0.407534 0.130740 0.005273 0.002319
0 0.407358 0.128279 0.005205 0.001616
0 0.432917 0.133062 0.003306 0.001758
0 0.428486 0.135242 0.002461 0.003022
0 0.425356 0.138862 0.002529 0.003652
0 0.079792 0.131584 0.005903 0.001616
0 0.045166 0.130339 0.008086 0.003657
0 0.020020 0.127896 0.007383 0.002461
0 0.052688 0.126523 0.010054 0.003584
0 0.037827 0.128994 0.003809 0.003457
0 0.147187 0.132434 0.004502 0.001616
0 0.175605 0.130928 0.009023 0.004395
0 0.337114 0.130684 0.014482 0.004150
0 0.354961 0.122703 0.006787 0.005366
0 0.436765 0.208225 0.003276 0.005347
0 0.438528 0.214480 0.002915 0.004741
0 0.440288 0.208103 0.002305 0.005347
0 0.451914 0.232607 0.002871 0.004893
0 0.507869 0.026335 0.003208 0.006997
0 0.492339 0.054910 0.002187 0.011665
0 0.462888 0.038435 0.002476 0.011665
0 0.626169 0.123101 0.003159 0.004014
0 0.661201 0.151992 0.003281 0.007412
0 0.671655 0.199287 0.002607 0.007676
0 0.678274 0.222305 0.002837 0.007900
0 0.432446 0.215728 0.002334 0.016768
0 0.436455 0.224255 0.003350 0.005249
0 0.454846 0.305725 0.003159 0.007290
0 0.462378 0.345435 0.002832 0.011240
0 0.465920 0.339360 0.002632 0.008203
0 0.463010 0.327688 0.002192 0.006753
0 0.460046 0.305293 0.002446 0.008398
0 0.470364 0.363989 0.003071 0.009863
0 0.467979 0.370969 0.002432 0.006890
0 0.469395 0.377043 0.002021 0.003647
0 0.471445 0.397119 0.002363 0.003545
0 0.474619 0.417644 0.002461 0.006187
0 0.483008 0.478877 0.002920 0.008994
0 0.482803 0.651985 0.003125 0.008521
0 0.471602 0.744229 0.002129 0.006074
0 0.452112 0.754858 0.002026 0.006885
0 0.469800 0.770706 0.002129 0.009214
0 0.469749 0.777642 0.001821 0.003848
0 0.466814 0.785183 0.002026 0.004556
0 0.467422 0.791309 0.001621 0.004053
0 0.462981 0.796179 0.003091 0.006538
0 0.465376 0.813987 0.001943 0.002554
0 0.463616 0.824678 0.002065 0.005957
0 0.467930 0.832151 0.001455 0.005835
0 0.467871 0.857212 0.002236 0.006582
0 0.464434 0.862781 0.003037 0.005972
0 0.467720 0.889714 0.001328 0.002534
0 0.465999 0.897004 0.002114 0.004761
0 0.468044 0.913157 0.002700 0.007173
0 0.468662 0.963159 0.003203 0.007090
0 0.468577 0.981931 0.002534 0.004976
0 0.471826 0.979612 0.002617 0.016538
0 0.469927 0.997466 0.002344 0.003340
0 0.467993 0.994009 0.001992 0.002988
0 0.674719 0.237117 0.004966 0.005972
0 0.698020 0.309214 0.004517 0.008896
0 0.701736 0.314900 0.002915 0.009185
0 0.703489 0.323430 0.004956 0.004956
0 0.707542 0.378008 0.003159 0.007168
0 0.712095 0.389792 0.003037 0.005952
0 0.708455 0.364487 0.002837 0.004961
0 0.707119 0.414395 0.003242 0.007490
0 0.712939 0.413940 0.003340 0.003945
0 0.711819 0.464695 0.002437 0.005229
0 0.713960 0.495120 0.002812 0.007876
0 0.663674 0.566594 0.002632 0.009312
0 0.712585 0.587786 0.002671 0.006538
0 0.709944 0.657883 0.002124 0.007290
0 0.713315 0.615093 0.001924 0.004053
0 0.704102 0.690078 0.002920 0.005225
0 0.708901 0.683518 0.002549 0.006440
0 0.709690 0.689900 0.002427 0.005347
0 0.701826 0.708723 0.001758 0.001831
0 0.697888 0.716072 0.002739 0.002603
0 0.704990 0.716284 0.001191 0.004570
0 0.705764 0.718989 0.001616 0.006328
0 0.710193 0.718496 0.002036 0.007734
0 0.707019 0.731621 0.002163 0.004688
0 0.709099 0.731738 0.001870 0.004219
0 0.715076 0.737419 0.002144 0.005327
0 0.707161 0.786116 0.002026 0.004761
0 0.709436 0.788999 0.002329 0.006279
0 0.709785 0.795510 0.003232 0.006050
0 0.707317 0.823057 0.002866 0.010283
0 0.710186 0.828411 0.002021 0.003628
0 0.708281 0.894607 0.002920 0.005210
0 0.710461 0.845730 0.003237 0.006782
0 0.713579 0.966431 0.003643 0.009922
0 0.943926 0.687493 0.003936 0.006997
0 0.942542 0.705718 0.003794 0.004375
0 0.651611 0.135918 0.003789 0.016621
0 0.622014 0.116526 0.002915 0.002915
0 0.607727 0.106975 0.003501 0.002769
0 0.589719 0.101362 0.007729 0.005537
0 0.978330 0.003408 0.006045 0.006816
0 0.922634 0.184973 0.004028 0.010581
0 0.943184 0.485085 0.004199 0.004897
0 0.939561 0.786416 0.004199 0.006123
0 0.945210 0.735403 0.002334 0.005396
0 0.941125 0.742913 0.002915 0.005542
